2.0		2012-06-18T16:55:07Z	
2.0-Beta1		2010-11-15T09:36:14Z	
2.0-Beta2		2011-02-12T20:09:07Z	
2.0-Beta3		2011-07-28T17:09:24Z	
2.0-M5		2010-06-08T17:52:43Z	
2.0-M5.1		2010-10-17T23:28:04Z	
2.0.1		2013-09-30T06:39:10Z	
