1.0.0		2022-09-15T10:53:30Z	
1.0.1		2022-09-16T08:40:54Z	
2.0.0		2022-09-17T10:48:38Z	
2.0.1		2023-02-10T08:12:06Z	
2.0.2		2023-09-14T10:35:36Z	
2.0.3		2023-10-23T07:30:39Z	
2.0.4		2024-02-12T09:48:33Z	
2.1.0		2024-03-03T11:21:43Z	
2.1.1		2024-05-30T12:26:30Z	
2.1.3		2024-12-03T12:07:27Z	
2.1.4		2025-10-03T11:00:47Z	
