0.13.0		2025-05-21T13:05:34Z	
0.13.2		2025-07-30T13:33:17Z	
0.14.0		2025-08-19T10:36:56Z	
0.14.1		2025-10-01T09:52:02Z	
0.15.0		2025-12-02T09:37:49Z	
0.15.1		2025-12-17T16:38:15Z	
0.16.0		2026-02-19T21:49:48Z	
0.16.1		2026-08-11T14:05:03Z	
0.17.0		2026-04-20T21:02:57Z	
0.18.0		2026-06-30T09:00:11Z	
0.18.1			
