1.0		2023-04-20T15:45:18Z	
