10.0.0		2024-10-14T10:19:24Z	
10.1.0		2024-12-20T17:24:59Z	
10.2.0		2025-04-10T07:42:25Z	
10.2.1		2025-05-01T10:58:17Z	
10.2.2		2025-06-20T13:26:40Z	
10.3.0		2025-09-13T18:34:56Z	
10.3.1		2025-10-06T13:42:40Z	
10.3.2		2025-11-17T09:51:27Z	
10.4.0		2026-02-25T17:19:06Z	
10.5.0		2026-06-25T12:38:57Z	
10.5.1		2026-08-12T11:29:39Z	
10.5.2			
6.0.0		2016-04-07T15:17:21Z	
6.0.1		2016-05-27T13:01:23Z	
6.1.0		2016-06-16T12:15:51Z	
6.2.0		2016-08-24T18:39:34Z	
6.2.1		2016-09-19T15:49:15Z	
6.3.0		2016-11-08T05:32:34Z	
6.4.0		2017-01-20T18:23:49Z	
6.4.1		2017-02-04T18:41:31Z	
6.4.2		2017-03-06T18:23:20Z	
6.5.0		2017-03-25T08:14:22Z	
6.5.1		2017-04-26T17:59:18Z	
6.6.0		2017-06-05T17:12:59Z	
6.6.1		2017-09-05T14:18:12Z	
6.6.2		2017-10-17T18:49:16Z	
6.6.3		2018-03-06T16:44:58Z	
6.6.4		2018-05-17T17:45:37Z	
6.6.5		2018-07-02T20:13:46Z	
6.6.6		2019-04-01T08:43:08Z	
7.0.0		2017-09-19T04:49:59Z	
7.0.1		2017-10-05T21:30:20Z	
7.1.0		2017-10-16T17:57:24Z	
7.2.0		2017-12-19T09:15:07Z	
7.2.1		2018-01-14T09:31:14Z	
7.3.0		2018-04-04T08:11:36Z	
7.3.1		2018-05-14T08:48:02Z	
7.4.0		2018-06-22T07:27:29Z	
7.5.0		2018-09-22T16:33:54Z	
7.6.0		2018-12-13T17:18:34Z	
7.7.0		2019-02-08T10:11:02Z	
7.7.1		2019-02-27T06:45:24Z	
7.7.2		2019-06-04T09:05:46Z	
7.7.3		2020-04-24T12:25:06Z	
8.0.0		2019-03-13T11:18:40Z	
8.1.0		2019-05-13T09:17:05Z	
8.1.1		2019-05-28T09:48:09Z	
8.10.0		2021-09-27T14:37:11Z	
8.10.1		2021-10-18T10:51:53Z	
8.11.0		2021-11-13T19:42:57Z	
8.11.1		2021-12-16T08:28:31Z	
8.11.2		2022-06-17T22:41:56Z	
8.11.3		2024-02-08T22:28:41Z	
8.11.4		2024-09-24T21:04:18Z	
8.2.0		2019-07-25T08:35:02Z	
8.3.0		2019-10-31T09:39:27Z	
8.3.1		2019-12-03T00:20:38Z	
8.4.0		2019-12-28T17:01:43Z	
8.4.1		2020-01-13T16:47:52Z	
8.5.0		2020-03-18T10:22:59Z	
8.5.1		2020-04-15T11:09:43Z	
8.5.2		2020-05-26T19:07:24Z	
8.6.0		2020-07-13T08:45:03Z	
8.6.1		2020-08-13T20:09:28Z	
8.6.2		2020-08-30T06:17:34Z	
8.6.3		2020-10-07T17:59:48Z	
8.7.0		2020-11-02T07:23:04Z	
8.8.0		2021-01-29T00:12:53Z	
8.8.1		2021-02-22T14:40:12Z	
8.8.2		2021-04-12T15:50:20Z	
8.9.0		2021-06-16T12:46:25Z	
9.0.0		2021-12-07T08:11:30Z	
9.1.0		2022-03-22T07:18:12Z	
9.10.0		2024-02-20T09:23:39Z	
9.11.0		2024-06-06T12:47:51Z	
9.11.1		2024-06-27T12:27:03Z	
9.12.0		2024-09-28T19:06:04Z	
9.12.1		2024-12-13T10:14:02Z	
9.12.2		2025-06-20T13:18:39Z	
9.12.3		2025-09-27T19:55:03Z	
9.2.0		2022-05-24T11:06:34Z	
9.3.0		2022-07-28T12:43:01Z	
9.4.0		2022-09-30T18:56:35Z	
9.4.1		2022-10-24T06:08:21Z	
9.4.2		2022-11-22T07:41:28Z	
9.5.0		2023-01-30T10:26:55Z	
9.6.0		2023-05-09T08:30:55Z	
9.7.0		2023-06-25T06:18:40Z	
9.8.0		2023-09-28T16:34:47Z	
9.9.0		2023-12-04T12:22:27Z	
9.9.1		2023-12-16T21:47:58Z	
9.9.2		2024-01-29T12:45:28Z	
