1.2.0		2026-05-07T18:31:23Z	
