1.0.0		2023-04-04T15:03:22Z	
1.1.0		2023-04-08T04:47:34Z	
1.2.0		2023-04-17T22:35:51Z	
1.3.0		2023-04-19T15:32:32Z	
1.4.0		2023-04-27T20:47:13Z	
1.5.0		2023-08-02T19:51:35Z	
1.6.0		2023-10-03T11:19:37Z	
1.6.1		2023-10-08T05:45:49Z	
1.7.0		2023-11-26T00:29:15Z	
