0.8.0		2017-03-27T03:48:16Z	
1.0.0-RC9		2017-03-27T01:32:35Z	
