10.0.0			IOException: Tail request on https://maven-central.storage-download.googleapis.com/maven2/io/nflow/nflow-explorer/10.0.0/nflow-explorer-10.0.0.jar returned status 404
10.0.1			IOException: Tail request on https://maven-central.storage-download.googleapis.com/maven2/io/nflow/nflow-explorer/10.0.1/nflow-explorer-10.0.1.jar returned status 404
10.0.2		2026-05-22T19:45:24Z	IOException: Tail request on https://maven-central.storage-download.googleapis.com/maven2/io/nflow/nflow-explorer/10.0.2/nflow-explorer-10.0.2.jar returned status 404
11.0.0		2026-05-28T09:42:11Z	IOException: Tail request on https://maven-central.storage-download.googleapis.com/maven2/io/nflow/nflow-explorer/11.0.0/nflow-explorer-11.0.0.jar returned status 404
5.1.0			IOException: Tail request on https://maven-central.storage-download.googleapis.com/maven2/io/nflow/nflow-explorer/5.1.0/nflow-explorer-5.1.0.jar returned status 404
5.2.0			IOException: Tail request on https://maven-central.storage-download.googleapis.com/maven2/io/nflow/nflow-explorer/5.2.0/nflow-explorer-5.2.0.jar returned status 404
5.3.0			IOException: Tail request on https://maven-central.storage-download.googleapis.com/maven2/io/nflow/nflow-explorer/5.3.0/nflow-explorer-5.3.0.jar returned status 404
5.3.1			IOException: Tail request on https://maven-central.storage-download.googleapis.com/maven2/io/nflow/nflow-explorer/5.3.1/nflow-explorer-5.3.1.jar returned status 404
5.3.2			IOException: Tail request on https://maven-central.storage-download.googleapis.com/maven2/io/nflow/nflow-explorer/5.3.2/nflow-explorer-5.3.2.jar returned status 404
5.3.3			IOException: Tail request on https://maven-central.storage-download.googleapis.com/maven2/io/nflow/nflow-explorer/5.3.3/nflow-explorer-5.3.3.jar returned status 404
5.4.0			IOException: Tail request on https://maven-central.storage-download.googleapis.com/maven2/io/nflow/nflow-explorer/5.4.0/nflow-explorer-5.4.0.jar returned status 404
5.4.1			IOException: Tail request on https://maven-central.storage-download.googleapis.com/maven2/io/nflow/nflow-explorer/5.4.1/nflow-explorer-5.4.1.jar returned status 404
5.5.0			IOException: Tail request on https://maven-central.storage-download.googleapis.com/maven2/io/nflow/nflow-explorer/5.5.0/nflow-explorer-5.5.0.jar returned status 404
5.6.0			IOException: Tail request on https://maven-central.storage-download.googleapis.com/maven2/io/nflow/nflow-explorer/5.6.0/nflow-explorer-5.6.0.jar returned status 404
5.7.0			IOException: Tail request on https://maven-central.storage-download.googleapis.com/maven2/io/nflow/nflow-explorer/5.7.0/nflow-explorer-5.7.0.jar returned status 404
6.0.0			IOException: Tail request on https://maven-central.storage-download.googleapis.com/maven2/io/nflow/nflow-explorer/6.0.0/nflow-explorer-6.0.0.jar returned status 404
6.1.0			IOException: Tail request on https://maven-central.storage-download.googleapis.com/maven2/io/nflow/nflow-explorer/6.1.0/nflow-explorer-6.1.0.jar returned status 404
6.2.0			IOException: Tail request on https://maven-central.storage-download.googleapis.com/maven2/io/nflow/nflow-explorer/6.2.0/nflow-explorer-6.2.0.jar returned status 404
7.0.0			IOException: Tail request on https://maven-central.storage-download.googleapis.com/maven2/io/nflow/nflow-explorer/7.0.0/nflow-explorer-7.0.0.jar returned status 404
7.1.0			IOException: Tail request on https://maven-central.storage-download.googleapis.com/maven2/io/nflow/nflow-explorer/7.1.0/nflow-explorer-7.1.0.jar returned status 404
7.2.0			IOException: Tail request on https://maven-central.storage-download.googleapis.com/maven2/io/nflow/nflow-explorer/7.2.0/nflow-explorer-7.2.0.jar returned status 404
7.2.1			IOException: Tail request on https://maven-central.storage-download.googleapis.com/maven2/io/nflow/nflow-explorer/7.2.1/nflow-explorer-7.2.1.jar returned status 404
7.2.2			IOException: Tail request on https://maven-central.storage-download.googleapis.com/maven2/io/nflow/nflow-explorer/7.2.2/nflow-explorer-7.2.2.jar returned status 404
7.2.3			IOException: Tail request on https://maven-central.storage-download.googleapis.com/maven2/io/nflow/nflow-explorer/7.2.3/nflow-explorer-7.2.3.jar returned status 404
7.2.4			IOException: Tail request on https://maven-central.storage-download.googleapis.com/maven2/io/nflow/nflow-explorer/7.2.4/nflow-explorer-7.2.4.jar returned status 404
7.3.0			IOException: Tail request on https://maven-central.storage-download.googleapis.com/maven2/io/nflow/nflow-explorer/7.3.0/nflow-explorer-7.3.0.jar returned status 404
7.3.1			IOException: Tail request on https://maven-central.storage-download.googleapis.com/maven2/io/nflow/nflow-explorer/7.3.1/nflow-explorer-7.3.1.jar returned status 404
7.4.0			IOException: Tail request on https://maven-central.storage-download.googleapis.com/maven2/io/nflow/nflow-explorer/7.4.0/nflow-explorer-7.4.0.jar returned status 404
8.0.0			IOException: Tail request on https://maven-central.storage-download.googleapis.com/maven2/io/nflow/nflow-explorer/8.0.0/nflow-explorer-8.0.0.jar returned status 404
9.0.0			IOException: Tail request on https://maven-central.storage-download.googleapis.com/maven2/io/nflow/nflow-explorer/9.0.0/nflow-explorer-9.0.0.jar returned status 404
