3.1.0		2021-06-22T12:18:28Z	
