0.11.0		2019-10-18T09:09:22Z	
0.12.0		2019-11-13T08:09:54Z	
0.13.0		2019-12-25T09:53:49Z	
0.14.0		2020-02-11T19:34:09Z	
0.15.0		2020-03-16T19:34:26Z	
0.15.0+46-37dde73f		2020-04-29T19:26:59Z	
0.15.0+90-108c999c		2020-06-03T13:41:43Z	
