0.27		2016-11-05T17:59:26Z	
0.28		2017-07-31T18:27:02Z	
