0.0.1		2019-08-02T21:21:12Z	
0.0.10		2019-09-18T16:48:52Z	
0.0.11		2019-09-30T05:56:51Z	
0.0.12		2019-10-12T11:00:10Z	
0.0.13		2019-10-22T13:10:10Z	
0.0.14		2019-10-30T11:57:17Z	
0.0.15		2019-10-31T12:33:27Z	
0.0.16		2019-11-05T08:57:45Z	
0.0.2		2019-08-03T01:20:04Z	
0.0.3		2019-08-03T02:41:51Z	
0.0.4		2019-08-04T02:22:19Z	
0.0.5		2019-08-05T00:33:43Z	
0.0.6		2019-08-05T23:39:30Z	
0.0.7		2019-08-23T13:38:14Z	
0.0.8		2019-09-04T18:25:41Z	
0.0.9		2019-09-05T15:22:56Z	
0.3.0		2019-11-26T12:30:20Z	
0.3.1		2019-12-05T18:30:13Z	
0.3.2		2019-12-05T23:41:58Z	
0.3.3		2019-12-06T21:31:58Z	
0.3.4		2019-12-17T18:59:09Z	
0.3.5		2019-12-20T13:26:51Z	
0.3.6		2020-01-07T06:47:28Z	
0.3.7		2020-01-23T18:14:37Z	
0.3.8		2020-01-24T12:56:32Z	
0.3.9		2020-01-28T16:54:37Z	
0.4.0		2020-04-14T16:42:31Z	
0.5.0		2020-06-11T07:13:46Z	
0.6.0		2020-06-29T17:52:43Z	
0.7.0		2020-06-30T10:48:59Z	
0.8.0		2021-02-24T15:21:34Z	
