3.0.0		2019-11-25T00:46:18Z	
3.0.1		2020-01-11T18:38:35Z	
3.1.0		2020-02-23T11:36:36Z	
3.10.0		2021-05-16T07:28:04Z	
3.11.0		2021-06-23T17:18:02Z	
3.11.1		2021-08-02T08:01:53Z	
3.11.2		2021-09-10T09:35:44Z	
3.11.3		2021-10-07T18:21:07Z	
3.11.4		2021-11-18T11:59:52Z	
3.11.5		2021-12-24T17:20:29Z	
3.11.6		2022-03-10T10:15:12Z	
3.11.7		2022-05-01T20:18:57Z	
3.12.0		2021-09-28T19:56:22Z	
3.13.0		2021-11-08T20:08:22Z	
3.14.0		2021-12-13T07:54:58Z	
3.14.1		2022-01-23T16:49:35Z	
3.14.10		2023-11-05T12:03:47Z	
3.14.2		2022-03-04T09:27:02Z	
3.14.3		2022-04-30T15:39:34Z	
3.14.4		2022-06-25T19:33:49Z	
3.14.5		2022-08-17T06:02:55Z	
3.14.6		2022-10-31T14:03:35Z	
3.14.7		2022-12-13T14:26:01Z	
3.14.8		2023-05-23T11:54:07Z	
3.14.9		2023-06-13T16:23:11Z	
3.15.0		2022-01-31T18:25:56Z	
3.16.0		2022-03-23T09:30:34Z	
3.17.0		2022-05-15T16:16:32Z	
3.18.0		2022-07-02T17:15:11Z	
3.18.1		2022-08-05T17:38:03Z	
3.18.2		2022-09-05T09:32:04Z	
3.18.3		2022-10-23T09:35:21Z	
3.18.4		2022-11-25T18:51:31Z	
3.18.5		2023-01-20T18:21:03Z	
3.18.6		2023-03-29T15:12:26Z	
3.18.7		2023-05-21T15:23:46Z	
3.18.8		2023-06-11T08:02:13Z	
3.19.0		2022-09-29T16:08:38Z	
3.2.0		2020-04-02T08:24:46Z	
3.20.0		2022-12-17T09:36:29Z	
3.20.1		2023-01-03T12:27:07Z	
3.20.2		2023-02-03T14:19:43Z	
3.20.3		2023-03-25T22:20:06Z	
3.20.4		2023-04-21T22:14:39Z	
3.20.5		2023-05-22T19:44:42Z	
3.20.6		2023-06-15T08:41:34Z	
3.20.7		2023-09-26T19:52:53Z	
3.20.8		2023-10-26T19:26:11Z	
3.20.9		2023-12-08T21:38:26Z	
3.21.0		2023-06-25T08:34:43Z	
3.21.1		2023-09-25T09:33:47Z	
3.21.2		2023-10-24T09:47:59Z	
3.21.3		2023-12-10T19:13:20Z	
3.21.4		2024-01-24T19:08:19Z	
3.21.5		2024-06-14T08:34:05Z	
3.22.0		2023-12-20T09:56:40Z	
3.22.1		2024-01-26T11:35:41Z	
3.22.2		2024-04-30T09:15:34Z	
3.22.3		2024-12-16T13:00:03Z	
3.22.4		2025-03-07T09:08:03Z	
3.3.0		2020-05-11T10:16:29Z	
3.4.0		2020-06-14T17:13:42Z	
3.4.1		2020-07-13T07:33:12Z	
3.4.2		2020-07-19T10:10:50Z	
3.4.3		2020-08-11T11:41:59Z	
3.4.4		2020-09-23T10:15:57Z	
3.4.5		2020-12-19T10:25:17Z	
3.4.6		2021-06-18T08:35:49Z	
3.5.0		2020-08-31T20:29:35Z	
3.6.0		2020-10-16T16:32:59Z	
3.7.0		2020-12-12T12:41:17Z	
3.7.1		2021-01-18T08:59:04Z	
3.7.2		2021-02-04T19:40:58Z	
3.7.3		2021-03-05T21:10:20Z	
3.7.4		2021-04-29T13:30:11Z	
3.7.5		2021-07-06T16:46:36Z	
3.7.6		2021-09-29T17:55:22Z	
3.7.7		2021-12-18T11:29:42Z	
3.8.0		2021-02-09T22:36:32Z	
3.9.0		2021-03-23T09:55:07Z	
4.0.0		2023-08-10T08:16:11Z	
4.0.0-M1		2023-02-01T10:57:01Z	
4.0.0-M2		2023-03-06T18:03:23Z	
4.0.0-M3		2023-05-01T08:35:52Z	
4.0.0-RC1		2023-06-29T10:57:35Z	
4.0.0-RC2		2023-07-25T09:15:03Z	
4.0.1		2023-09-22T14:08:37Z	
4.0.2		2023-10-22T20:00:07Z	
4.0.3		2023-11-14T19:14:33Z	
4.0.4		2024-01-28T12:39:28Z	
4.0.5		2024-04-22T12:52:52Z	
4.0.6		2024-08-07T08:19:27Z	
4.1.0		2023-10-07T13:18:21Z	
4.10.0		2025-02-07T16:40:56Z	
4.10.1		2025-02-28T08:55:59Z	
4.10.2		2025-03-08T15:39:11Z	
4.10.3		2025-03-26T11:27:47Z	
4.10.4		2025-04-26T16:04:30Z	
4.10.5		2025-05-30T17:29:08Z	
4.10.6		2025-06-23T10:36:57Z	
4.10.7		2025-09-20T07:40:50Z	
4.10.8		2025-12-07T21:04:29Z	
4.10.9		2026-02-07T16:46:31Z	
4.11.0		2025-03-30T16:00:08Z	
4.12.0		2025-05-24T10:42:22Z	
4.13.0		2025-07-05T08:05:33Z	
4.14.0		2025-08-15T15:40:19Z	
4.14.1		2025-09-26T17:00:54Z	
4.14.2		2025-10-29T07:13:58Z	
4.14.3		2025-12-22T11:24:14Z	
4.14.4		2026-01-06T13:43:21Z	
4.14.5		2026-02-08T09:08:38Z	
4.14.6		2026-04-14T19:28:49Z	
4.14.7		2026-04-23T10:40:59Z	
4.14.8		2026-06-29T09:34:07Z	
4.14.9		2026-08-10T11:37:40Z	
4.15.0		2025-10-03T18:31:06Z	
4.16.0		2025-11-01T15:09:22Z	
4.17.0		2026-01-08T19:14:56Z	
4.18.0		2026-02-13T20:28:01Z	
4.18.1		2026-03-24T09:28:57Z	
4.18.2		2026-04-19T10:02:53Z	
4.18.3		2026-06-28T17:39:46Z	
4.18.4		2026-08-10T18:49:14Z	
4.19.0		2026-04-13T06:03:53Z	
4.2.0		2023-11-10T18:49:16Z	
4.20.0		2026-04-24T06:03:50Z	
4.21.0		2026-06-27T10:57:27Z	
4.22.0		2026-08-08T08:51:48Z	
4.22.1			
4.3.0		2023-12-12T07:12:55Z	
4.4.0		2024-02-12T15:14:08Z	
4.4.1		2024-03-10T12:06:12Z	
4.4.2		2024-04-21T14:33:01Z	
4.4.3		2024-06-23T15:12:56Z	
4.4.4		2024-10-16T19:07:11Z	
4.4.5		2025-01-17T20:58:51Z	
4.5.0		2024-03-23T17:47:48Z	
4.6.0		2024-05-06T08:01:31Z	
4.7.0		2024-07-09T13:28:15Z	
4.8.0		2024-09-10T19:10:51Z	
4.8.1		2024-10-20T13:42:13Z	
4.8.2		2024-12-02T07:14:59Z	
4.8.3		2025-01-09T07:12:48Z	
4.8.4		2025-02-27T06:42:53Z	
4.8.5		2025-03-07T23:47:39Z	
4.8.6		2025-03-27T06:40:16Z	
4.8.7		2025-05-06T07:48:31Z	
4.8.8		2025-06-22T07:50:29Z	
4.8.9		2025-09-14T07:30:42Z	
4.9.0		2024-11-30T17:45:21Z	
