0.1.0		2024-09-24T11:15:39Z	
0.2.0		2025-01-02T11:33:22Z	
