0.5.0		2021-07-22T22:07:00Z	
0.6.0-RC1		2021-07-31T20:25:51Z	
