0.14.0-M6		2021-04-25T15:19:43Z	
