0.1.0		2015-11-24T19:36:39Z	
0.2.0		2015-12-02T05:52:30Z	
0.3.0		2016-02-04T01:48:32Z	
0.3.1		2016-02-18T04:21:01Z	
0.4.0		2017-05-26T01:52:52Z	
0.5.0		2018-02-12T07:35:56Z	
0.6.0		2018-06-08T03:25:24Z	
