3.4.0		2022-04-22T19:01:31Z	
3.4.0	all	2022-04-22T19:01:34Z	
3.5.0		2022-05-31T13:06:52Z	
3.5.0	all	2022-05-31T13:06:53Z	
3.6.0		2022-05-31T21:09:00Z	
3.6.0	all	2022-05-31T21:09:03Z	
3.7.0		2022-06-09T15:15:34Z	
3.7.0	all	2022-06-09T15:15:35Z	
3.8.0		2022-06-11T10:02:33Z	
3.8.0	all	2022-06-11T10:02:34Z	
4.0.0		2022-06-20T22:17:10Z	
4.0.0	all	2022-06-20T22:17:11Z	
4.0.1		2022-06-21T13:32:14Z	
4.0.1	all	2022-06-21T13:32:14Z	
4.0.2		2022-06-24T16:15:56Z	
4.0.2	all	2022-06-24T16:16:03Z	
4.0.3		2022-07-04T01:25:12Z	
4.0.3	all	2022-07-04T01:25:25Z	
4.1.0		2022-07-22T10:21:02Z	
4.1.0	all	2022-07-22T10:21:03Z	
4.2.0		2022-10-18T23:37:47Z	
4.2.0	all	2022-10-18T23:37:47Z	
4.3.0		2022-10-24T21:37:29Z	
4.3.0	all	2022-10-24T21:37:37Z	
4.4.0		2022-10-29T17:56:42Z	
4.4.0	all	2022-10-29T17:56:47Z	
4.5.0		2022-11-26T14:55:03Z	
4.5.0	all	2022-11-26T14:55:09Z	
9.0.0		2025-01-27T23:55:53Z	
9.1.0		2025-03-19T09:18:29Z	
9.2.0		2025-03-22T22:54:27Z	
9.3.0		2025-04-09T00:13:03Z	
