1.0.0		2012-05-03T22:20:20Z	
1.0.1		2012-05-03T22:30:19Z	
