2.2.1.Final		2023-04-13T21:04:32Z	
2.2.2.Final		2023-04-20T19:45:43Z	
2.2.3.Final		2023-04-28T22:11:00Z	
2.2.4.Final		2023-05-05T21:35:33Z	
3.0.6		2023-05-10T03:40:32Z	
3.0.7		2023-05-18T21:35:37Z	
3.1.0		2023-05-23T01:24:32Z	
3.1.1		2023-07-06T05:20:30Z	
3.1.2		2023-07-26T01:11:05Z	
3.1.3		2023-08-25T05:25:57Z	
3.1.4		2023-11-12T21:49:27Z	
3.1.5		2023-11-12T21:53:51Z	
