5.2.0		2022-09-05T09:04:38Z	
5.2.1		2022-10-15T04:06:46Z	
5.3.0		2022-12-06T07:41:19Z	
5.3.1		2023-01-06T16:00:57Z	
5.3.2		2023-03-26T14:23:31Z	
5.4.0		2023-07-04T11:43:28Z	
5.4.1		2023-10-17T12:42:13Z	
5.5.0		2024-04-24T03:32:17Z	
5.5.1		2024-10-15T05:50:25Z	
5.5.2		2025-01-16T17:35:37Z	
