1.2.2			IOException: Tail request on https://maven-central.storage-download.googleapis.com/maven2/com/squareup/sqldelight/runtime-tvosarm64/1.2.2/runtime-tvosarm64-1.2.2.jar returned status 404
1.3.0			IOException: Tail request on https://maven-central.storage-download.googleapis.com/maven2/com/squareup/sqldelight/runtime-tvosarm64/1.3.0/runtime-tvosarm64-1.3.0.jar returned status 404
1.4.0			IOException: Tail request on https://maven-central.storage-download.googleapis.com/maven2/com/squareup/sqldelight/runtime-tvosarm64/1.4.0/runtime-tvosarm64-1.4.0.jar returned status 404
1.4.1			IOException: Tail request on https://maven-central.storage-download.googleapis.com/maven2/com/squareup/sqldelight/runtime-tvosarm64/1.4.1/runtime-tvosarm64-1.4.1.jar returned status 404
1.4.2			IOException: Tail request on https://maven-central.storage-download.googleapis.com/maven2/com/squareup/sqldelight/runtime-tvosarm64/1.4.2/runtime-tvosarm64-1.4.2.jar returned status 404
1.4.3			IOException: Tail request on https://maven-central.storage-download.googleapis.com/maven2/com/squareup/sqldelight/runtime-tvosarm64/1.4.3/runtime-tvosarm64-1.4.3.jar returned status 404
1.4.4			IOException: Tail request on https://maven-central.storage-download.googleapis.com/maven2/com/squareup/sqldelight/runtime-tvosarm64/1.4.4/runtime-tvosarm64-1.4.4.jar returned status 404
1.5.0			IOException: Tail request on https://maven-central.storage-download.googleapis.com/maven2/com/squareup/sqldelight/runtime-tvosarm64/1.5.0/runtime-tvosarm64-1.5.0.jar returned status 404
1.5.1			IOException: Tail request on https://maven-central.storage-download.googleapis.com/maven2/com/squareup/sqldelight/runtime-tvosarm64/1.5.1/runtime-tvosarm64-1.5.1.jar returned status 404
1.5.2			IOException: Tail request on https://maven-central.storage-download.googleapis.com/maven2/com/squareup/sqldelight/runtime-tvosarm64/1.5.2/runtime-tvosarm64-1.5.2.jar returned status 404
1.5.2	metadata	2021-10-12T16:38:38Z	
1.5.3			IOException: Tail request on https://maven-central.storage-download.googleapis.com/maven2/com/squareup/sqldelight/runtime-tvosarm64/1.5.3/runtime-tvosarm64-1.5.3.jar returned status 404
1.5.3	metadata	2021-11-23T22:05:51Z	
1.5.4			IOException: Tail request on https://maven-central.storage-download.googleapis.com/maven2/com/squareup/sqldelight/runtime-tvosarm64/1.5.4/runtime-tvosarm64-1.5.4.jar returned status 404
1.5.4	metadata	2022-10-06T17:50:01Z	
1.5.5			IOException: Tail request on https://maven-central.storage-download.googleapis.com/maven2/com/squareup/sqldelight/runtime-tvosarm64/1.5.5/runtime-tvosarm64-1.5.5.jar returned status 404
1.5.5	metadata	2023-01-20T12:33:22Z	
