7.0.0		2021-02-20T01:29:38Z	
7.0.1		2021-03-14T14:20:44Z	
7.0.2		2021-04-06T08:03:19Z	
7.0.3		2021-05-14T07:32:33Z	
7.1.0		2021-07-21T09:48:48Z	
7.1.0.Final		2021-07-22T02:58:54Z	
7.1.1		2021-08-21T13:11:42Z	
7.1.2		2021-08-25T13:31:50Z	
7.1.3		2021-09-29T08:54:20Z	
7.1.4		2021-10-04T12:14:10Z	
7.1.5		2021-11-21T12:13:18Z	
7.2.0		2022-02-28T09:40:15Z	
7.2.1		2022-03-07T07:28:34Z	
7.2.2		2022-05-23T07:51:23Z	
7.2.3		2022-07-24T04:46:44Z	
7.2.4		2022-08-25T10:27:44Z	
7.3.0		2022-10-28T08:13:08Z	
7.3.1		2022-10-31T02:08:21Z	
7.3.2		2022-11-21T02:40:46Z	
7.3.3		2023-03-14T03:50:54Z	
7.3.4		2023-04-26T07:17:19Z	
8.0.0		2024-02-28T02:29:00Z	
8.0.1		2024-02-27T03:00:41Z	
8.0.2		2024-02-27T03:46:34Z	
8.0.3		2024-02-28T03:53:11Z	
8.0.4		2024-02-28T05:44:51Z	
8.0.5		2024-02-28T06:27:07Z	
8.1.0		2024-02-27T09:54:11Z	
8.1.1		2024-03-07T06:55:03Z	
8.1.2		2024-03-15T11:07:15Z	
8.1.3		2024-04-02T03:27:59Z	
8.1.4		2024-04-09T09:41:04Z	
8.1.5		2024-04-18T03:07:59Z	
8.1.6		2024-06-04T08:07:35Z	
8.1.7		2024-06-04T08:58:08Z	
