0.12.0		2021-02-17T13:36:52Z	
0.12.1		2021-02-26T13:46:59Z	
0.12.2		2021-03-19T09:42:44Z	
0.12.3		2021-04-16T17:24:23Z	
0.12.4		2021-04-28T11:41:04Z	
0.12.5		2021-04-28T14:20:15Z	
0.12.6		2021-06-29T12:16:20Z	
0.12.7		2021-11-12T14:29:26Z	
0.12.8		2021-11-19T08:35:31Z	
0.13.0		2022-01-05T18:42:22Z	
0.14.0		2025-03-04T22:06:46Z	
