0.14.2-158-f15be0d		2022-09-10T20:22:55Z	
