1.3.0		2020-03-30T12:17:39Z	
1.3.1		2020-03-31T17:43:54Z	
1.3.2		2020-04-09T14:58:03Z	
1.3.3		2020-04-23T12:52:25Z	
1.3.4		2020-05-01T10:50:57Z	
1.3.5		2020-05-21T15:52:59Z	
1.3.6		2020-06-27T11:13:28Z	
1.3.7		2020-07-18T13:41:26Z	
2.0.0		2020-08-05T19:42:52Z	
2.0.1		2020-08-22T13:04:57Z	
3.0.0		2020-10-11T18:20:45Z	
3.0.1		2020-12-27T12:32:32Z	
3.0.2		2021-04-05T09:02:04Z	
3.1.0		2021-04-13T11:44:45Z	
3.2.0		2021-06-06T11:08:49Z	
4.0.0		2021-11-18T19:45:56Z	
4.0.1		2021-11-18T20:47:07Z	
