1.0.0		2015-02-18T11:51:07Z	
1.0.1		2015-02-20T10:44:36Z	
1.0.2		2015-03-12T06:34:41Z	
1.0.3		2015-04-30T08:58:08Z	
1.1.0		2015-05-12T21:03:03Z	
2.0.0		2015-07-22T18:40:58Z	
2.0.1		2015-09-08T09:42:51Z	
2.0.2		2015-09-14T05:53:58Z	
2.0.3		2016-01-18T18:13:38Z	
8.0.0		2016-06-29T17:49:32Z	
8.1.0		2016-07-10T11:21:55Z	
8.5.0		2016-07-26T07:19:40Z	
8.6.0		2016-08-21T16:01:43Z	
8.6.1		2016-09-09T07:26:35Z	
8.6.2		2016-09-25T11:16:00Z	
8.6.3		2016-11-11T07:30:22Z	
8.7.0		2016-12-12T16:57:07Z	
8.7.1		2016-12-21T13:34:32Z	
8.7.2		2017-01-18T15:27:45Z	
8.7.3		2017-03-02T08:17:25Z	
8.7.4		2017-03-29T11:58:55Z	
8.8.0		2017-05-10T12:51:53Z	
8.8.1		2017-05-29T16:25:41Z	
8.8.2		2017-07-04T15:00:12Z	
9.0.0		2017-12-20T22:08:03Z	
9.0.0-b1		2017-09-12T20:20:49Z	
9.0.0-b2		2017-10-15T21:08:13Z	
9.0.1		2018-04-18T19:28:32Z	
9.0.2		2018-07-24T20:14:51Z	
9.0.3		2018-09-14T08:36:57Z	
9.0.4		2018-09-17T04:28:44Z	
9.0.5		2018-10-11T16:42:04Z	
9.1.0		2018-11-22T11:16:21Z	
9.1.1		2019-02-18T05:28:50Z	
9.1.10		2020-02-18T15:28:19Z	
9.1.11		2020-03-29T21:19:52Z	
9.1.12		2020-03-30T15:15:17Z	
9.1.2		2019-06-05T20:26:36Z	
9.1.3		2019-08-28T06:52:33Z	
9.1.4		2019-10-08T11:50:46Z	
9.1.5		2019-12-11T20:14:16Z	
9.1.6		2020-02-07T15:57:27Z	
9.1.7		2020-02-13T21:24:29Z	
9.1.8		2020-02-14T13:17:21Z	
9.1.9		2020-02-16T15:42:26Z	
9.2.0		2020-05-25T10:22:30Z	
