0.6.0-M4		2023-12-27T10:41:56Z	
0.6.0-M5		2023-12-27T11:55:44Z	
0.6.0-M6		2024-01-22T13:42:39Z	
0.6.0-M7		2024-05-10T12:56:35Z	
