0.9.2		2021-06-20T00:30:01Z	
