2.12.0		2021-01-02T16:36:28Z	
2.12.0	tests-javadoc	2021-01-02T16:36:21Z	
2.12.1		2021-03-03T21:01:12Z	
2.12.1	tests-javadoc	2021-03-03T21:01:05Z	
2.12.4		2021-08-21T12:52:22Z	
2.12.4	tests-javadoc	2021-08-21T12:52:13Z	
2.13.0		2021-10-01T19:48:05Z	
2.13.0	tests-javadoc	2021-10-01T19:48:04Z	
2.13.0	tests-sources	2021-10-01T19:48:05Z	
2.13.1		2021-12-23T01:00:28Z	
2.13.1	tests-javadoc	2021-12-23T01:00:21Z	
2.13.1	tests-sources	2021-12-23T01:00:30Z	
2.13.3		2022-05-17T08:33:09Z	
2.13.3	tests-javadoc	2022-05-17T08:33:08Z	
2.13.3	tests-sources	2022-05-17T08:33:08Z	
2.13.5		2023-10-14T21:11:17Z	
2.13.5	tests-javadoc	2023-10-14T21:11:18Z	
2.13.5	tests-sources	2023-10-14T21:11:17Z	
2.14.0		2022-11-06T01:55:00Z	
2.14.0	tests-javadoc	2022-11-06T01:55:00Z	
2.14.0	tests-sources	2022-11-06T01:55:00Z	
2.14.1		2022-12-17T11:02:04Z	
2.14.1	tests-javadoc	2022-12-17T11:02:04Z	
2.14.1	tests-sources	2022-12-17T11:02:04Z	
2.14.3		2023-06-01T05:53:49Z	
2.14.3	tests-javadoc	2023-06-01T05:53:49Z	
2.14.3	tests-sources	2023-06-01T05:53:49Z	
2.15.2		2023-06-01T05:48:31Z	
2.15.2	tests-javadoc	2023-06-01T05:48:31Z	
2.15.2	tests-sources	2023-06-01T05:48:31Z	
2.16.0		2023-11-16T22:48:12Z	
2.16.0	tests-javadoc	2023-11-16T22:48:12Z	
2.16.0	tests-sources	2023-11-16T22:48:12Z	
2.17.0		2024-03-13T20:26:00Z	
2.17.0	tests-javadoc	2024-03-13T20:26:00Z	
2.17.0	tests-sources	2024-03-13T20:26:00Z	
2.17.1		2024-05-07T18:02:31Z	
2.17.1	tests-javadoc	2024-05-07T18:02:31Z	
2.17.1	tests-sources	2024-05-07T18:02:31Z	
2.18.0		2024-09-27T20:56:47Z	
2.18.0	tests-javadoc	2024-09-27T20:56:46Z	
2.18.0	tests-sources	2024-09-27T20:56:46Z	
2.20.0		2025-10-04T12:54:48Z	
2.20.0	tests-javadoc	2025-10-04T12:54:48Z	
2.20.0	tests-sources	2025-10-04T12:54:48Z	
3.0.0		2025-10-04T13:48:26Z	
3.0.0	tests-javadoc	2025-10-04T13:48:26Z	
3.0.0	tests-sources	2025-10-04T13:48:26Z	
