0.10.0		2021-05-18T22:47:14Z	
0.3.0		2021-05-02T02:13:10Z	
0.4.0		2021-05-03T17:21:36Z	
0.5.0		2021-05-04T13:51:50Z	
0.6.1		2021-05-11T23:40:01Z	
0.7.0		2021-05-13T00:37:59Z	
0.8.0		2021-05-14T00:04:31Z	
0.9.0		2021-05-15T03:30:14Z	
v0.4.0		2021-05-03T16:17:46Z	
