0.1.1		2026-03-06T22:07:29Z	
0.1.2		2026-03-10T09:34:08Z	
0.1.3		2026-03-10T13:40:42Z	
0.1.4		2026-03-11T08:29:54Z	
0.1.6		2026-03-13T08:14:48Z	
0.1.7		2026-03-13T09:40:21Z	
0.1.8			
0.1.9		2026-08-18T08:30:12Z	
