0.1.0		2022-11-23T06:27:53Z	
0.2.0		2023-02-03T17:37:40Z	
0.3.0		2023-02-26T07:42:04Z	
0.4.0		2023-03-29T13:07:02Z	
0.5.0		2023-06-15T13:18:20Z	
0.5.1		2023-10-16T14:10:24Z	
