1.85.0	automatic	com.aoindustries	aoserv-jilter	2021-07-24T17:59:27Z	
1.89.0	automatic	com.aoindustries	aoserv-jilter	2022-02-19T06:01:50Z	
1.90.0	automatic	com.aoindustries	aoserv-jilter	2022-05-17T08:12:27Z	
