2.2.1		2019-12-06T20:11:29Z	
