1.2.1		2015-03-05T13:22:01Z	
1.3.0		2015-03-05T13:23:14Z	
1.3.1		2015-11-09T13:52:57Z	
1.4.0		2018-04-16T07:30:19Z	
