0.31.0	named	com.dynatrace.hash4j	hash4j
0.30.0	named	com.dynatrace.hash4j	hash4j
