0.1		2015-09-08T12:13:27Z	
0.1.1		2015-09-24T09:42:39Z	
0.1.2		2015-10-21T15:21:02Z	
0.2		2015-12-04T22:40:00Z	
0.2.1		2015-12-13T21:31:53Z	
0.2.2		2016-01-04T21:28:53Z	
0.2.3		2016-01-09T21:20:51Z	
