1.0.0		2016-11-01T09:08:28Z	
1.0.1		2017-07-15T03:44:14Z	
