0.1.19		2017-05-03T03:57:04Z	
0.1.20		2017-07-14T15:27:06Z	
0.4.2		2017-04-23T19:36:21Z	
0.4.3		2017-05-26T01:53:01Z	
0.5.0		2017-06-18T16:21:50Z	
