3.3.0		2016-02-26T04:34:48Z	
