351		2021-01-04T01:25:48Z	
351	executable	2021-01-04T01:25:52Z	
352		2021-02-10T05:56:12Z	
352	executable	2021-02-10T05:56:20Z	
353		2021-03-06T04:48:55Z	
353	executable	2021-03-06T04:49:00Z	
354		2021-03-19T20:36:25Z	
354	executable	2021-03-19T20:36:30Z	
355		2021-04-09T00:06:57Z	
355	executable	2021-04-09T00:07:02Z	
356		2021-04-30T23:26:39Z	
356	executable	2021-04-30T23:26:45Z	
357		2021-05-21T22:51:22Z	
357	executable	2021-05-21T22:51:27Z	
358		2021-06-02T00:14:59Z	
358	executable	2021-06-02T00:15:05Z	
359		2021-07-02T01:31:55Z	
359	executable	2021-07-02T01:31:59Z	
360		2021-07-30T18:03:47Z	
360	executable	2021-07-30T18:03:51Z	
361		2021-08-27T22:50:03Z	
361	executable	2021-08-27T22:50:08Z	
362		2021-09-20T23:13:21Z	
362	executable	2021-09-20T23:13:25Z	
363		2021-10-06T19:24:30Z	
363	executable	2021-10-06T19:24:34Z	
364		2021-11-01T21:57:53Z	
364	executable	2021-11-01T21:58:01Z	
365		2021-12-04T04:42:23Z	
365	executable	2021-12-04T04:42:27Z	
366		2021-12-14T21:20:41Z	
366	executable	2021-12-14T21:20:46Z	
367		2021-12-22T20:58:31Z	
367	executable	2021-12-22T20:58:35Z	
368		2022-01-11T22:31:25Z	
368	executable	2022-01-11T22:31:28Z	
369		2022-01-25T07:08:04Z	
369	executable	2022-01-25T07:08:08Z	
370		2022-02-04T00:16:01Z	
370	executable	2022-02-04T00:16:05Z	
371		2022-02-17T02:28:54Z	
371	executable	2022-02-17T02:28:59Z	
372		2022-03-02T22:30:01Z	
372	executable	2022-03-02T22:30:05Z	
373		2022-03-10T01:23:50Z	
373	executable	2022-03-10T01:23:54Z	
374		2022-03-17T19:46:10Z	
374	executable	2022-03-17T19:46:14Z	
375		2022-03-28T21:13:00Z	
375	executable	2022-03-28T21:13:03Z	
376		2022-04-08T01:12:19Z	
376	executable	2022-04-08T01:12:23Z	
377		2022-04-14T00:49:10Z	
377	executable	2022-04-14T00:49:14Z	
378		2022-04-21T21:16:46Z	
378	executable	2022-04-21T21:16:50Z	
379		2022-04-29T01:57:58Z	
379	executable	2022-04-29T01:58:03Z	
380		2022-05-06T22:48:13Z	
380	executable	2022-05-06T22:48:16Z	
381		2022-05-16T18:59:49Z	
381	executable	2022-05-16T18:59:53Z	
382		2022-05-26T01:54:53Z	
382	executable	2022-05-26T01:54:57Z	
383		2022-06-01T23:28:11Z	
383	executable	2022-06-01T23:28:15Z	
384		2022-06-03T19:32:10Z	
384	executable	2022-06-03T19:32:14Z	
385		2022-06-08T20:28:45Z	
385	executable	2022-06-08T20:28:50Z	
386		2022-06-15T20:58:11Z	
386	executable	2022-06-15T20:58:15Z	
387		2022-06-22T23:50:28Z	
387	executable	2022-06-22T23:50:37Z	
388		2022-06-29T23:22:45Z	
388	executable	2022-06-29T23:22:49Z	
389		2022-07-07T20:16:46Z	
389	executable	2022-07-07T20:16:50Z	
390		2022-07-14T22:02:59Z	
390	executable	2022-07-14T22:03:03Z	
391		2022-07-22T19:40:38Z	
391	executable	2022-07-22T19:40:43Z	
392		2022-08-03T07:52:30Z	
392	executable	2022-08-03T07:52:37Z	
393		2022-08-17T22:59:34Z	
393	executable	2022-08-17T22:59:38Z	
394		2022-08-30T00:05:30Z	
394	executable	2022-08-30T00:05:49Z	
395		2022-09-08T01:08:52Z	
395	executable	2022-09-08T01:08:56Z	
396		2022-09-15T22:17:28Z	
396	executable	2022-09-15T22:17:32Z	
397		2022-09-21T23:22:34Z	
397	executable	2022-09-21T23:22:39Z	
398		2022-09-29T17:22:22Z	
398	executable	2022-09-29T17:22:27Z	
399		2022-10-07T01:04:42Z	
399	executable	2022-10-07T01:04:47Z	
400		2022-10-13T22:11:28Z	
400	executable	2022-10-13T22:11:32Z	
401		2022-10-26T21:45:09Z	
401	executable	2022-10-26T21:45:14Z	
402		2022-11-03T05:03:04Z	
402	executable	2022-11-03T05:03:08Z	
403		2022-11-16T07:26:03Z	
403	executable	2022-11-16T07:26:07Z	
405		2022-12-30T00:52:33Z	
405	executable	2022-12-30T00:52:35Z	
406		2023-01-26T00:04:08Z	
406	executable	2023-01-26T00:04:10Z	
407		2023-02-16T23:18:49Z	
407	executable	2023-02-16T23:18:50Z	
408		2023-02-23T21:45:00Z	
408	executable	2023-02-23T21:45:01Z	
409		2023-03-03T21:52:10Z	
409	executable	2023-03-03T21:52:11Z	
410		2023-03-09T02:18:42Z	
410	executable	2023-03-09T02:18:43Z	
411		2023-03-30T03:37:55Z	
411	executable	2023-03-30T03:37:56Z	
412		2023-04-05T22:30:15Z	
412	executable	2023-04-05T22:30:17Z	
413		2023-04-12T23:53:22Z	
413	executable	2023-04-12T23:53:24Z	
414		2023-04-20T02:40:28Z	
414	executable	2023-04-20T02:40:32Z	
415		2023-04-28T17:29:38Z	
415	executable	2023-04-28T17:29:39Z	
416		2023-05-03T23:23:38Z	
416	executable	2023-05-03T23:23:40Z	
417		2023-05-10T22:47:44Z	
417	executable	2023-05-10T22:47:45Z	
418		2023-05-17T23:10:29Z	
418	executable	2023-05-17T23:10:31Z	
419		2023-06-05T21:20:14Z	
419	executable	2023-06-05T21:20:15Z	
420		2023-06-22T18:51:33Z	
420	executable	2023-06-22T18:51:34Z	
421		2023-07-07T04:07:34Z	
421	executable	2023-07-07T04:07:34Z	
422		2023-07-14T01:26:26Z	
422	executable	2023-07-14T01:26:26Z	
423		2023-08-11T01:25:57Z	
423	executable	2023-08-11T01:25:57Z	
424		2023-08-18T02:26:49Z	
424	executable	2023-08-18T02:26:49Z	
425		2023-08-24T19:11:24Z	
425	executable	2023-08-24T19:11:24Z	
426		2023-09-05T21:06:08Z	
426	executable	2023-09-05T21:06:08Z	
427		2023-09-26T21:08:21Z	
427	executable	2023-09-26T21:08:21Z	
428		2023-10-04T23:04:58Z	
428	executable	2023-10-04T23:04:58Z	
429		2023-10-12T00:15:40Z	
429	executable	2023-10-12T00:15:40Z	
430		2023-10-21T01:31:47Z	
430	executable	2023-10-21T01:31:47Z	
431		2023-10-27T17:44:28Z	
431	executable	2023-10-27T17:44:28Z	
432		2023-11-03T01:13:25Z	
432	executable	2023-11-03T01:13:24Z	
433		2023-11-10T20:17:06Z	
433	executable	2023-11-10T20:17:06Z	
434		2023-11-30T01:23:53Z	
434	executable	2023-11-30T01:23:53Z	
435		2023-12-14T04:41:57Z	
435	executable	2023-12-14T04:41:57Z	
436		2024-01-11T20:27:30Z	
436	executable	2024-01-11T20:27:30Z	
437		2024-01-25T03:37:10Z	
437	executable	2024-01-25T03:37:10Z	
438		2024-02-02T00:39:08Z	
438	executable	2024-02-02T00:39:08Z	
439		2024-02-15T22:58:45Z	
439	executable	2024-02-15T22:58:45Z	
440		2024-03-08T21:13:50Z	
440	executable	2024-03-08T21:13:50Z	
441		2024-03-14T04:35:43Z	
441	executable	2024-03-14T04:35:43Z	
442		2024-03-15T06:13:57Z	
442	executable	2024-03-15T06:13:57Z	
443		2024-03-22T01:02:33Z	
443	executable	2024-03-22T01:02:33Z	
444		2024-04-04T00:18:23Z	
444	executable	2024-04-04T00:18:23Z	
445		2024-04-17T21:38:52Z	
445	executable	2024-04-17T21:38:52Z	
446		2024-05-01T19:55:46Z	
446	executable	2024-05-01T19:55:46Z	
447		2024-05-08T23:57:01Z	
447	executable	2024-05-08T23:57:02Z	
448		2024-05-16T01:47:54Z	
448	executable	2024-05-16T01:47:54Z	
449		2024-05-31T21:39:20Z	
449	executable	2024-05-31T21:39:20Z	
450		2024-06-20T02:27:00Z	
450	executable	2024-06-20T02:27:00Z	
451		2024-06-27T23:41:12Z	
451	executable	2024-06-27T23:41:12Z	
452		2024-07-12T02:46:44Z	
452	executable	2024-07-12T02:46:44Z	
453		2024-07-26T00:51:33Z	
453	executable	2024-07-26T00:51:33Z	
454		2024-08-15T23:01:56Z	
454	executable	2024-08-15T23:01:56Z	
455		2024-08-29T18:25:16Z	
455	executable	2024-08-29T18:25:16Z	
456		2024-09-06T22:19:04Z	
456	executable	2024-09-06T22:19:04Z	
457		2024-09-07T01:11:23Z	
457	executable	2024-09-07T01:11:23Z	
458		2024-09-18T01:49:21Z	
458	executable	2024-09-18T01:49:21Z	
459		2024-09-25T23:22:04Z	
459	executable	2024-09-25T23:22:04Z	
460		2024-10-03T18:54:17Z	
460	executable	2024-10-03T18:54:17Z	
461		2024-10-10T19:59:50Z	
461	executable	2024-10-10T19:59:50Z	
462		2024-10-16T21:44:52Z	
462	executable	2024-10-16T21:44:52Z	
463		2024-10-23T18:35:14Z	
463	executable	2024-10-23T18:35:14Z	
464		2024-10-31T00:23:19Z	
464	executable	2024-10-31T00:23:19Z	
465		2024-11-21T00:53:30Z	
465	executable	2024-11-21T00:53:30Z	
466		2024-11-28T01:05:26Z	
466	executable	2024-11-28T01:05:26Z	
467		2024-12-07T00:01:45Z	
467	executable	2024-12-07T00:01:45Z	
468		2024-12-17T22:04:01Z	
468	executable	2024-12-17T22:04:01Z	
469		2025-01-27T23:57:02Z	
469	executable	2025-01-27T23:57:02Z	
470		2025-02-06T02:23:21Z	
470	executable	2025-02-06T02:23:21Z	
471		2025-02-20T02:01:16Z	
471	executable	2025-02-20T02:01:16Z	
472		2025-03-06T01:31:57Z	
472	executable	2025-03-06T01:31:57Z	
473		2025-03-19T22:19:29Z	
473	executable	2025-03-19T22:19:29Z	
474		2025-03-22T03:38:30Z	
474	executable	2025-03-22T03:38:30Z	
475		2025-04-24T00:13:14Z	
475	executable	2025-04-24T00:13:14Z	
476		2025-06-06T04:03:49Z	
476	executable	2025-06-06T04:03:49Z	
