0.1.75		2021-06-06T06:34:24Z	
0.1.78		2021-12-29T07:54:21Z	
0.1.79		2022-08-13T05:49:18Z	
0.1.80		2022-08-13T06:44:50Z	
0.1.83		2023-04-18T21:34:02Z	
