4.0.241		2021-06-14T17:43:29Z	
4.0.244		2021-06-24T14:38:51Z	
4.0.249		2021-09-03T07:44:03Z	
4.0.250		2021-10-21T16:13:24Z	
4.0.252		2022-02-25T09:12:51Z	
4.0.254		2022-03-15T17:54:44Z	
4.0.255		2022-03-17T17:33:35Z	
4.0.256		2022-03-18T12:36:07Z	
4.0.257		2022-03-18T14:43:20Z	
4.0.258		2022-03-18T15:25:22Z	
4.0.260		2022-03-21T16:31:03Z	
4.0.261		2022-03-21T16:58:54Z	
4.0.262		2022-03-21T18:48:35Z	
4.0.263		2022-03-22T14:48:38Z	
4.0.264		2022-03-24T15:43:58Z	
4.0.265		2022-03-25T09:21:08Z	
4.0.266		2022-08-28T10:16:18Z	
4.0.267		2022-09-08T10:41:30Z	
