unspecified		2025-05-26T00:01:37Z	
