1.0.0		2023-11-13T00:39:47Z	
1.1.0		2024-08-12T01:17:35Z	
1.2.0		2025-04-27T01:54:56Z	
1.3.0		2025-05-09T17:01:40Z	
1.4.0		2025-05-23T00:28:49Z	
1.5.0		2025-05-24T00:44:54Z	
