10.0.0		2024-03-18T10:12:36Z	
10.0.0-M1		2023-07-10T07:52:31Z	
10.0.0-M2		2023-10-19T10:16:41Z	
10.1.0		2024-06-07T06:54:51Z	
10.1.1		2024-06-14T04:24:34Z	
10.10.0		2026-08-03T02:16:01Z	
10.11.0			
10.2.0		2024-09-26T05:24:09Z	
10.3.0		2024-12-19T03:30:46Z	
10.4.0		2025-01-31T03:22:06Z	
10.5.0		2025-04-30T02:37:26Z	
10.6.0		2025-07-14T05:16:55Z	
10.7.0		2025-10-04T03:26:34Z	
10.8.0		2026-01-14T04:32:16Z	
10.9.1		2026-05-24T05:07:25Z	
10.9.2		2026-05-30T06:16:31Z	
6.22.0		2016-02-18T13:20:18Z	
6.23.0		2016-05-10T10:23:46Z	
6.24.0		2016-07-27T10:21:53Z	
6.25.0		2016-10-28T08:19:42Z	
6.26.0		2017-01-04T16:25:51Z	
6.28.0		2017-10-07T08:19:07Z	
6.30.0		2018-12-15T05:09:11Z	
7.10.0		2018-02-20T03:06:16Z	
7.11.0		2018-12-01T04:37:06Z	
7.12.0		2019-02-17T10:36:46Z	
7.13.0		2019-04-16T17:50:38Z	
7.14.0		2019-05-30T18:39:15Z	
7.15.0		2019-09-14T03:27:12Z	
7.16.0		2020-01-10T14:19:45Z	
7.17.0		2020-07-21T10:15:27Z	
7.18.0		2021-04-24T02:01:29Z	
7.2.0		2016-01-27T10:32:07Z	
7.3.0		2016-05-10T08:02:06Z	
7.4.0		2016-07-27T12:18:55Z	
7.5.0		2016-10-28T09:38:40Z	
7.6.0		2017-01-04T20:49:30Z	
7.7.0		2017-05-16T20:52:00Z	
7.8.0		2017-07-10T05:26:23Z	
7.8.1		2017-08-05T00:45:39Z	
7.9.0		2017-09-24T16:56:42Z	
8.0.0		2018-05-23T01:33:08Z	
8.0.0-M1		2016-08-17T07:15:05Z	
8.0.0-M2		2016-10-28T10:48:08Z	
8.0.0-M3		2017-01-05T13:43:47Z	
8.0.0-M4		2017-02-08T11:35:31Z	
8.0.0-M5		2017-03-28T07:30:35Z	
8.0.0-M6		2017-05-16T11:18:37Z	
8.0.0-M7		2017-08-14T08:39:11Z	
8.0.0-M8		2017-10-25T19:16:27Z	
8.0.0-M9		2018-02-18T07:53:09Z	
8.1.0		2018-09-18T17:08:33Z	
8.10.0		2020-10-12T03:27:11Z	
8.11.0		2020-11-24T13:58:29Z	
8.12.0		2021-04-06T05:40:45Z	
8.13.0		2021-07-24T03:13:39Z	
8.14.0		2022-02-10T15:16:51Z	
8.15.0		2023-05-03T16:12:27Z	
8.16.0		2024-06-25T03:44:12Z	
8.17.0		2025-02-01T08:23:41Z	
8.18.0		2026-05-18T07:21:52Z	
8.19.0			
8.2.0		2018-11-19T17:24:21Z	
8.3.0		2019-02-01T18:52:31Z	
8.4.0		2019-04-16T14:31:57Z	
8.5.0		2019-06-07T18:29:58Z	
8.6.0		2019-09-14T11:03:07Z	
8.7.0		2020-01-10T16:33:56Z	
8.8.0		2020-04-29T12:37:58Z	
8.9.0		2020-07-18T17:29:52Z	
9.0.0		2020-07-16T14:27:09Z	
9.0.0-M1		2019-04-19T02:11:12Z	
9.0.0-M2		2019-06-08T03:24:14Z	
9.0.0-M3		2019-09-19T04:03:45Z	
9.0.0-M4		2020-01-11T08:13:14Z	
9.0.0-M5		2020-04-07T17:29:31Z	
9.0.0-M5.1		2020-04-08T11:30:59Z	
9.0.1-M3		2019-09-21T03:00:16Z	
9.1.0		2020-10-12T05:17:05Z	
9.10.0		2022-05-06T10:44:31Z	
9.11.0		2022-07-11T06:09:35Z	
9.12.0		2022-10-17T03:30:55Z	
9.13.0		2023-04-18T15:20:25Z	
9.14.0		2023-05-29T05:59:21Z	
9.15.0		2023-09-21T10:06:53Z	
9.16.0		2023-11-28T06:17:55Z	
9.17.0		2024-03-21T04:01:01Z	
9.18.0		2024-06-04T06:41:32Z	
9.19.0		2024-12-27T09:29:56Z	
9.2.0		2020-11-20T03:10:27Z	
9.20.0		2025-01-31T13:51:46Z	
9.21.0		2025-05-17T04:51:22Z	
9.22.0		2026-01-15T09:43:51Z	
9.23.0		2026-05-18T09:47:19Z	
9.23.1		2026-05-30T09:32:12Z	
9.24.0			
9.3.0		2021-03-31T17:51:40Z	
9.4.0		2021-07-10T05:40:57Z	
9.5.0		2021-09-14T16:40:22Z	
9.6.0		2021-11-11T17:51:52Z	
9.7.0		2021-12-13T16:18:21Z	
9.8.0		2022-02-11T05:27:53Z	
9.9.0		2022-03-31T08:26:07Z	
9.9.1		2022-04-11T07:50:44Z	
