0.10.0		2020-06-17T17:29:50Z	
0.10.1		2020-06-30T15:18:07Z	
0.10.2		2020-07-08T18:11:33Z	
0.10.3		2020-07-15T13:25:06Z	
0.10.4		2020-08-01T16:36:12Z	
0.10.5		2020-08-05T17:09:09Z	
0.10.6		2020-08-26T16:00:10Z	
0.10.7		2020-09-30T14:14:32Z	
0.10.8		2020-09-30T16:28:24Z	
0.10.9		2020-10-19T17:54:48Z	
0.11.0		2021-02-24T17:23:38Z	
0.11.1		2021-03-14T14:13:15Z	
0.11.2		2021-04-21T18:03:41Z	
0.6.0		2019-07-12T15:15:57Z	
0.7.0		2019-07-25T15:27:09Z	
0.8.0		2019-09-07T08:13:22Z	
0.8.1		2019-09-13T10:22:42Z	
0.8.2		2019-09-30T19:47:15Z	
0.8.3		2019-11-09T17:35:45Z	
0.9.0		2019-11-27T12:58:47Z	
0.9.1		2019-11-28T18:22:35Z	
