9.0.0			IOException: Tail request on https://maven-central.storage-download.googleapis.com/maven2/io/bitbucket/supportomateinc/restcomm-connect/9.0.0/restcomm-connect-9.0.0.jar returned status 404
