0.0.17		2023-04-05T13:06:31Z	
0.0.18		2023-04-15T08:42:54Z	
