0.0.10		2022-04-05T18:13:47Z	
0.0.11		2022-07-09T12:33:18Z	
0.0.12		2022-07-25T09:35:04Z	
0.0.13		2022-09-17T10:05:06Z	
0.0.17		2023-04-05T13:06:33Z	
0.0.18		2023-04-15T08:42:56Z	
0.0.19		2023-04-25T21:10:12Z	
0.0.19-6-d10548		2023-05-12T10:09:51Z	
0.0.20		2023-05-19T09:34:54Z	
0.0.21		2023-05-25T11:19:04Z	
0.0.22		2023-06-05T10:25:31Z	
0.0.23		2023-06-07T12:44:50Z	
0.0.24		2023-07-21T08:32:09Z	
0.1.0		2023-11-14T17:47:34Z	
0.1.1		2024-05-30T14:01:00Z	
