0.1.2		2024-10-07T03:40:05Z	
