0.2.0		2016-04-13T14:04:42Z	
