5.3.1.1		2022-12-29T09:34:38Z	
5.3.1.2		2023-01-02T05:10:20Z	
5.3.1.3		2023-01-08T14:10:54Z	
5.3.2.1		2023-02-24T05:28:16Z	
5.3.2.2		2023-03-04T10:08:04Z	
5.3.2.3		2023-03-05T16:49:19Z	
5.3.2.4		2023-03-08T15:30:43Z	
5.3.3.1		2023-05-20T16:22:27Z	
