10.9.1		2026-08-28T13:20:32Z	IOException: Tail request on https://maven-central.storage-download.googleapis.com/maven2/com/orgmange/testing/large-sample-utils/10.9.1/large-sample-utils-10.9.1.jar returned status 404
