1.0.14		2017-05-24T23:27:14Z	
1.0.15		2017-05-24T23:30:25Z	
