1.0.17		2016-06-28T19:53:51Z	
