0.5.5		2019-06-13T10:06:35Z	
