0.1.0		2026-01-27T11:32:47Z	
0.1.1		2026-01-27T16:00:41Z	
0.1.12		2026-02-07T07:54:12Z	
0.1.2		2026-01-27T19:12:53Z	
