5.0.1		2022-10-19T19:37:42Z	
5.0.2		2022-11-19T21:17:59Z	
