0.10.0		2023-04-26T17:28:45Z	
0.11.0		2023-04-30T23:55:56Z	
0.12.0		2023-05-08T17:26:19Z	
0.12.1		2023-05-10T22:33:16Z	
0.13.0		2023-05-16T21:04:55Z	
0.13.1		2023-05-25T18:30:07Z	
0.14.0		2023-05-26T20:00:42Z	
0.14.1		2023-05-26T20:42:26Z	
0.15.0		2023-05-29T18:39:29Z	
0.15.1		2023-06-06T16:02:34Z	
0.15.2		2023-06-12T20:50:25Z	
0.16.0		2023-06-23T15:42:23Z	
0.17.0		2023-07-26T18:16:45Z	
0.17.1		2023-08-03T12:50:45Z	
0.18.0		2023-08-07T16:14:04Z	
0.18.1		2023-08-16T15:31:54Z	
0.18.2		2023-08-20T23:41:55Z	
0.19.0		2023-09-07T15:29:14Z	
0.20.0		2023-09-08T20:20:49Z	
0.20.1		2023-10-02T11:44:32Z	
0.20.2		2023-10-10T14:33:17Z	
0.20.3		2023-10-10T17:46:21Z	
0.21.0		2023-11-07T18:32:30Z	
0.21.1		2023-11-15T17:45:56Z	
0.21.10		2024-05-20T21:30:47Z	
0.21.11		2024-05-29T22:27:02Z	
0.21.12		2024-06-12T20:16:47Z	
0.21.13		2024-06-19T14:38:44Z	
0.21.14		2024-07-01T16:49:07Z	
0.21.15		2024-07-17T16:46:28Z	
0.21.16		2024-07-23T18:40:51Z	
0.21.17		2024-08-01T20:10:25Z	
0.21.18		2024-08-20T13:28:21Z	
0.21.2		2023-11-30T14:05:52Z	
0.21.3		2023-12-07T23:23:06Z	
0.21.4		2024-02-22T20:47:07Z	
0.21.5		2024-02-29T15:51:14Z	
0.21.6		2024-03-18T15:48:33Z	
0.21.7		2024-03-28T20:52:38Z	
0.21.8		2024-04-04T18:15:38Z	
0.21.9		2024-04-29T14:00:10Z	
0.22.0		2024-09-01T04:46:20Z	
0.22.1		2024-09-01T05:11:13Z	
0.22.2		2024-09-17T19:19:23Z	
0.22.3		2024-09-17T19:37:59Z	
0.22.4		2024-10-11T20:56:33Z	
0.22.5		2024-10-24T12:51:30Z	
0.22.6		2024-10-30T12:55:16Z	
0.22.7		2024-11-15T14:06:06Z	
0.23.0		2024-11-22T15:15:38Z	
0.24.0		2024-11-27T14:45:45Z	
0.24.1		2024-12-02T20:47:31Z	
0.24.2		2024-12-09T15:24:10Z	
0.24.3		2024-12-20T17:55:25Z	
0.24.4		2025-01-02T19:56:45Z	
0.25.0		2025-01-17T15:27:00Z	
0.25.1		2025-01-21T21:22:24Z	
0.26.0		2025-01-31T19:15:25Z	
0.27.0		2025-03-03T17:49:23Z	
0.28.1		2025-03-08T20:45:09Z	
0.29.0		2025-03-10T20:13:40Z	
0.29.1		2025-03-11T12:44:51Z	
0.29.2		2025-03-11T16:12:32Z	
0.30.0		2025-03-13T17:19:07Z	
0.31.0		2025-03-17T18:14:22Z	
0.32.0		2025-03-21T13:51:39Z	
0.32.1		2025-03-26T19:43:10Z	
0.33.0		2025-04-03T15:47:24Z	
0.34.0		2025-04-09T18:22:02Z	
0.34.1		2025-04-13T15:12:33Z	
0.34.2		2025-04-22T16:11:49Z	
0.34.3		2025-04-28T17:52:35Z	
0.34.4		2025-05-02T20:54:51Z	
0.34.5		2025-05-09T20:42:18Z	
0.35.0		2025-05-13T21:24:30Z	
0.35.1		2025-05-15T19:03:41Z	
0.35.2		2025-05-16T22:02:35Z	
0.35.3		2025-05-22T16:21:28Z	
0.35.4		2025-06-05T15:01:43Z	
0.36.0		2025-06-06T17:04:57Z	
0.36.1		2025-06-06T23:11:26Z	
0.37.0		2025-06-09T22:54:26Z	
0.37.1		2025-06-12T20:55:14Z	
0.37.2		2025-06-13T22:35:09Z	
0.37.3		2025-06-19T00:23:57Z	
0.37.4		2025-06-19T14:00:31Z	
0.37.5		2025-06-25T13:16:37Z	
0.38.0		2025-07-01T00:22:40Z	
0.39.0		2025-07-01T15:46:48Z	
0.40.0		2025-07-14T14:47:41Z	
0.41.0		2025-07-22T22:09:49Z	
0.42.0		2025-07-26T13:03:52Z	
0.42.1		2025-07-29T15:07:13Z	
0.42.2		2025-07-31T17:03:12Z	
0.42.3		2025-08-04T14:46:11Z	
0.42.4		2025-08-04T16:50:07Z	
0.42.5		2025-08-07T13:57:35Z	
0.43.0		2025-08-22T16:53:43Z	
0.44.0		2025-08-27T17:58:15Z	
0.45.0		2025-09-02T16:22:56Z	
0.45.1		2025-09-02T20:26:48Z	
0.45.2		2025-09-08T22:41:51Z	
0.45.3		2025-09-09T12:51:22Z	
0.46.0		2025-09-10T20:42:56Z	
0.47.0		2025-09-15T14:59:37Z	
0.48.0		2025-09-17T00:27:50Z	
0.50.0		2025-09-22T17:30:44Z	
0.50.1		2025-09-23T18:51:54Z	
0.51.0		2025-10-05T17:00:08Z	
0.51.1		2025-10-11T20:24:36Z	
0.52.0		2025-10-30T12:12:19Z	
0.54.0		2025-11-14T20:46:03Z	
0.54.1		2025-11-27T20:21:59Z	
0.54.2		2025-12-01T12:44:27Z	
0.54.3		2025-12-02T22:55:59Z	
0.55.0		2026-01-15T23:13:25Z	
0.55.1		2026-01-16T17:04:06Z	
0.55.2		2026-02-20T14:30:19Z	
0.55.4		2026-03-02T19:55:04Z	
0.56.0		2026-03-10T02:11:22Z	
0.56.1		2026-03-10T13:18:44Z	
0.57.0		2026-03-18T17:30:12Z	
0.57.1		2026-03-24T13:22:29Z	
0.59.0		2026-03-27T17:01:26Z	
0.60.0		2026-04-06T20:04:35Z	
0.61.0		2026-04-15T19:37:25Z	
0.62.0		2026-04-21T23:06:12Z	
0.63.0		2026-04-26T21:32:33Z	
0.64.0		2026-04-27T16:08:22Z	
0.65.0		2026-04-27T22:44:36Z	
0.65.1		2026-05-04T14:10:11Z	
0.67.0		2026-05-05T16:34:24Z	
0.68.0		2026-05-06T16:19:18Z	
0.69.0		2026-05-08T12:44:45Z	
0.69.1		2026-05-08T14:30:54Z	
0.7.0		2023-02-21T17:54:55Z	
0.7.1		2023-02-27T23:34:37Z	
0.7.2		2023-02-28T12:23:15Z	
0.7.3		2023-03-20T16:36:11Z	
0.7.4		2023-04-06T13:33:04Z	
0.70.0		2026-05-09T17:39:32Z	
0.70.1		2026-05-11T15:13:41Z	
0.71.0		2026-05-14T00:31:00Z	
0.72.0		2026-05-14T19:52:16Z	
0.72.1		2026-05-15T09:20:03Z	
0.73.0		2026-05-25T17:35:38Z	
0.74.0		2026-05-27T19:21:20Z	
0.75.0		2026-05-28T20:47:01Z	
0.75.1		2026-05-29T17:07:42Z	
0.76.0		2026-05-30T14:44:35Z	
0.77.0		2026-06-01T18:29:02Z	
0.78.0		2026-06-08T18:58:25Z	
0.78.1		2026-06-08T21:55:44Z	
0.79.0		2026-06-17T14:47:00Z	
0.79.1		2026-06-19T13:04:28Z	
0.8.0		2023-04-11T16:12:02Z	
0.81.0		2026-06-23T15:53:18Z	
0.82.0		2026-06-24T16:12:30Z	
0.84.0		2026-06-29T03:27:19Z	
0.84.1		2026-06-30T20:08:12Z	
0.85.0		2026-07-07T18:56:24Z	
0.85.1		2026-07-08T20:24:25Z	
0.86.0		2026-07-13T14:33:24Z	
0.87.0		2026-07-20T17:10:39Z	
0.89.0			
0.9.0		2023-04-18T20:55:04Z	
0.90.0			
0.91.0		2026-08-14T18:39:33Z	
0.92.0		2026-08-17T23:32:03Z	
0.93.0		2026-08-20T13:39:06Z	
0.94.0		2026-08-25T10:00:44Z	
0.95.0		2026-08-30T00:04:17Z	
0.95.1		2026-09-02T02:38:42Z	
0.95.2		2026-09-03T21:20:12Z	
0.96.0		2026-09-21T14:21:39Z	
0.96.1		2026-09-21T18:01:21Z	
