5.9.0			IOException: Tail request on https://maven-central.storage-download.googleapis.com/maven2/io/kotest/kotest-property-androidnativex86/5.9.0/kotest-property-androidnativex86-5.9.0.jar returned status 404
5.9.1			IOException: Tail request on https://maven-central.storage-download.googleapis.com/maven2/io/kotest/kotest-property-androidnativex86/5.9.1/kotest-property-androidnativex86-5.9.1.jar returned status 404
6.0.0			IOException: Tail request on https://maven-central.storage-download.googleapis.com/maven2/io/kotest/kotest-property-androidnativex86/6.0.0/kotest-property-androidnativex86-6.0.0.jar returned status 404
6.0.0.M1			IOException: Tail request on https://maven-central.storage-download.googleapis.com/maven2/io/kotest/kotest-property-androidnativex86/6.0.0.M1/kotest-property-androidnativex86-6.0.0.M1.jar returned status 404
6.0.0.M10			IOException: Tail request on https://maven-central.storage-download.googleapis.com/maven2/io/kotest/kotest-property-androidnativex86/6.0.0.M10/kotest-property-androidnativex86-6.0.0.M10.jar returned status 404
6.0.0.M11			IOException: Tail request on https://maven-central.storage-download.googleapis.com/maven2/io/kotest/kotest-property-androidnativex86/6.0.0.M11/kotest-property-androidnativex86-6.0.0.M11.jar returned status 404
6.0.0.M12			IOException: Tail request on https://maven-central.storage-download.googleapis.com/maven2/io/kotest/kotest-property-androidnativex86/6.0.0.M12/kotest-property-androidnativex86-6.0.0.M12.jar returned status 404
6.0.0.M13			IOException: Tail request on https://maven-central.storage-download.googleapis.com/maven2/io/kotest/kotest-property-androidnativex86/6.0.0.M13/kotest-property-androidnativex86-6.0.0.M13.jar returned status 404
6.0.0.M14			IOException: Tail request on https://maven-central.storage-download.googleapis.com/maven2/io/kotest/kotest-property-androidnativex86/6.0.0.M14/kotest-property-androidnativex86-6.0.0.M14.jar returned status 404
6.0.0.M15			IOException: Tail request on https://maven-central.storage-download.googleapis.com/maven2/io/kotest/kotest-property-androidnativex86/6.0.0.M15/kotest-property-androidnativex86-6.0.0.M15.jar returned status 404
6.0.0.M16			IOException: Tail request on https://maven-central.storage-download.googleapis.com/maven2/io/kotest/kotest-property-androidnativex86/6.0.0.M16/kotest-property-androidnativex86-6.0.0.M16.jar returned status 404
6.0.0.M17			IOException: Tail request on https://maven-central.storage-download.googleapis.com/maven2/io/kotest/kotest-property-androidnativex86/6.0.0.M17/kotest-property-androidnativex86-6.0.0.M17.jar returned status 404
6.0.0.M2			IOException: Tail request on https://maven-central.storage-download.googleapis.com/maven2/io/kotest/kotest-property-androidnativex86/6.0.0.M2/kotest-property-androidnativex86-6.0.0.M2.jar returned status 404
6.0.0.M3			IOException: Tail request on https://maven-central.storage-download.googleapis.com/maven2/io/kotest/kotest-property-androidnativex86/6.0.0.M3/kotest-property-androidnativex86-6.0.0.M3.jar returned status 404
6.0.0.M4			IOException: Tail request on https://maven-central.storage-download.googleapis.com/maven2/io/kotest/kotest-property-androidnativex86/6.0.0.M4/kotest-property-androidnativex86-6.0.0.M4.jar returned status 404
6.0.0.M5			IOException: Tail request on https://maven-central.storage-download.googleapis.com/maven2/io/kotest/kotest-property-androidnativex86/6.0.0.M5/kotest-property-androidnativex86-6.0.0.M5.jar returned status 404
6.0.0.M6			IOException: Tail request on https://maven-central.storage-download.googleapis.com/maven2/io/kotest/kotest-property-androidnativex86/6.0.0.M6/kotest-property-androidnativex86-6.0.0.M6.jar returned status 404
6.0.0.M7			IOException: Tail request on https://maven-central.storage-download.googleapis.com/maven2/io/kotest/kotest-property-androidnativex86/6.0.0.M7/kotest-property-androidnativex86-6.0.0.M7.jar returned status 404
6.0.0.M8			IOException: Tail request on https://maven-central.storage-download.googleapis.com/maven2/io/kotest/kotest-property-androidnativex86/6.0.0.M8/kotest-property-androidnativex86-6.0.0.M8.jar returned status 404
6.0.0.M9			IOException: Tail request on https://maven-central.storage-download.googleapis.com/maven2/io/kotest/kotest-property-androidnativex86/6.0.0.M9/kotest-property-androidnativex86-6.0.0.M9.jar returned status 404
6.0.1			IOException: Tail request on https://maven-central.storage-download.googleapis.com/maven2/io/kotest/kotest-property-androidnativex86/6.0.1/kotest-property-androidnativex86-6.0.1.jar returned status 404
6.0.2			IOException: Tail request on https://maven-central.storage-download.googleapis.com/maven2/io/kotest/kotest-property-androidnativex86/6.0.2/kotest-property-androidnativex86-6.0.2.jar returned status 404
6.0.3			IOException: Tail request on https://maven-central.storage-download.googleapis.com/maven2/io/kotest/kotest-property-androidnativex86/6.0.3/kotest-property-androidnativex86-6.0.3.jar returned status 404
6.0.4			IOException: Tail request on https://maven-central.storage-download.googleapis.com/maven2/io/kotest/kotest-property-androidnativex86/6.0.4/kotest-property-androidnativex86-6.0.4.jar returned status 404
6.0.5			IOException: Tail request on https://maven-central.storage-download.googleapis.com/maven2/io/kotest/kotest-property-androidnativex86/6.0.5/kotest-property-androidnativex86-6.0.5.jar returned status 404
6.0.6			IOException: Tail request on https://maven-central.storage-download.googleapis.com/maven2/io/kotest/kotest-property-androidnativex86/6.0.6/kotest-property-androidnativex86-6.0.6.jar returned status 404
6.0.7			IOException: Tail request on https://maven-central.storage-download.googleapis.com/maven2/io/kotest/kotest-property-androidnativex86/6.0.7/kotest-property-androidnativex86-6.0.7.jar returned status 404
6.1.0			IOException: Tail request on https://maven-central.storage-download.googleapis.com/maven2/io/kotest/kotest-property-androidnativex86/6.1.0/kotest-property-androidnativex86-6.1.0.jar returned status 404
6.1.0-RC1			IOException: Tail request on https://maven-central.storage-download.googleapis.com/maven2/io/kotest/kotest-property-androidnativex86/6.1.0-RC1/kotest-property-androidnativex86-6.1.0-RC1.jar returned status 404
6.1.0-RC2			IOException: Tail request on https://maven-central.storage-download.googleapis.com/maven2/io/kotest/kotest-property-androidnativex86/6.1.0-RC2/kotest-property-androidnativex86-6.1.0-RC2.jar returned status 404
6.1.0-RC3			IOException: Tail request on https://maven-central.storage-download.googleapis.com/maven2/io/kotest/kotest-property-androidnativex86/6.1.0-RC3/kotest-property-androidnativex86-6.1.0-RC3.jar returned status 404
6.1.0-RC4			IOException: Tail request on https://maven-central.storage-download.googleapis.com/maven2/io/kotest/kotest-property-androidnativex86/6.1.0-RC4/kotest-property-androidnativex86-6.1.0-RC4.jar returned status 404
6.1.1			IOException: Tail request on https://maven-central.storage-download.googleapis.com/maven2/io/kotest/kotest-property-androidnativex86/6.1.1/kotest-property-androidnativex86-6.1.1.jar returned status 404
6.1.10			IOException: Tail request on https://maven-central.storage-download.googleapis.com/maven2/io/kotest/kotest-property-androidnativex86/6.1.10/kotest-property-androidnativex86-6.1.10.jar returned status 404
6.1.11			IOException: Tail request on https://maven-central.storage-download.googleapis.com/maven2/io/kotest/kotest-property-androidnativex86/6.1.11/kotest-property-androidnativex86-6.1.11.jar returned status 404
6.1.2			IOException: Tail request on https://maven-central.storage-download.googleapis.com/maven2/io/kotest/kotest-property-androidnativex86/6.1.2/kotest-property-androidnativex86-6.1.2.jar returned status 404
6.1.3			IOException: Tail request on https://maven-central.storage-download.googleapis.com/maven2/io/kotest/kotest-property-androidnativex86/6.1.3/kotest-property-androidnativex86-6.1.3.jar returned status 404
6.1.4			IOException: Tail request on https://maven-central.storage-download.googleapis.com/maven2/io/kotest/kotest-property-androidnativex86/6.1.4/kotest-property-androidnativex86-6.1.4.jar returned status 404
6.1.5			IOException: Tail request on https://maven-central.storage-download.googleapis.com/maven2/io/kotest/kotest-property-androidnativex86/6.1.5/kotest-property-androidnativex86-6.1.5.jar returned status 404
6.1.6			IOException: Tail request on https://maven-central.storage-download.googleapis.com/maven2/io/kotest/kotest-property-androidnativex86/6.1.6/kotest-property-androidnativex86-6.1.6.jar returned status 404
6.1.7			IOException: Tail request on https://maven-central.storage-download.googleapis.com/maven2/io/kotest/kotest-property-androidnativex86/6.1.7/kotest-property-androidnativex86-6.1.7.jar returned status 404
6.1.8			IOException: Tail request on https://maven-central.storage-download.googleapis.com/maven2/io/kotest/kotest-property-androidnativex86/6.1.8/kotest-property-androidnativex86-6.1.8.jar returned status 404
6.1.9			IOException: Tail request on https://maven-central.storage-download.googleapis.com/maven2/io/kotest/kotest-property-androidnativex86/6.1.9/kotest-property-androidnativex86-6.1.9.jar returned status 404
6.2.0		2026-06-15T21:38:07Z	IOException: Tail request on https://maven-central.storage-download.googleapis.com/maven2/io/kotest/kotest-property-androidnativex86/6.2.0/kotest-property-androidnativex86-6.2.0.jar returned status 404
6.2.1		2026-06-18T13:59:38Z	IOException: Tail request on https://maven-central.storage-download.googleapis.com/maven2/io/kotest/kotest-property-androidnativex86/6.2.1/kotest-property-androidnativex86-6.2.1.jar returned status 404
6.2.2			IOException: Tail request on https://maven-central.storage-download.googleapis.com/maven2/io/kotest/kotest-property-androidnativex86/6.2.2/kotest-property-androidnativex86-6.2.2.jar returned status 404
6.2.3			IOException: Tail request on https://maven-central.storage-download.googleapis.com/maven2/io/kotest/kotest-property-androidnativex86/6.2.3/kotest-property-androidnativex86-6.2.3.jar returned status 404
6.2.4		2026-08-11T21:49:38Z	IOException: Tail request on https://maven-central.storage-download.googleapis.com/maven2/io/kotest/kotest-property-androidnativex86/6.2.4/kotest-property-androidnativex86-6.2.4.jar returned status 404
6.2.5			IOException: Tail request on https://maven-central.storage-download.googleapis.com/maven2/io/kotest/kotest-property-androidnativex86/6.2.5/kotest-property-androidnativex86-6.2.5.jar returned status 404
