4.2.1			IOException: Tail request on https://maven-central.storage-download.googleapis.com/maven2/io/kotest/kotest-assertions-core-iosarm32/4.2.1/kotest-assertions-core-iosarm32-4.2.1.jar returned status 404
4.2.1	metadata	2020-08-26T20:02:14Z	
4.2.2			IOException: Tail request on https://maven-central.storage-download.googleapis.com/maven2/io/kotest/kotest-assertions-core-iosarm32/4.2.2/kotest-assertions-core-iosarm32-4.2.2.jar returned status 404
4.2.2	metadata	2020-08-27T06:08:59Z	
4.2.3			IOException: Tail request on https://maven-central.storage-download.googleapis.com/maven2/io/kotest/kotest-assertions-core-iosarm32/4.2.3/kotest-assertions-core-iosarm32-4.2.3.jar returned status 404
4.2.3	metadata	2020-09-01T10:48:09Z	
4.2.4			IOException: Tail request on https://maven-central.storage-download.googleapis.com/maven2/io/kotest/kotest-assertions-core-iosarm32/4.2.4/kotest-assertions-core-iosarm32-4.2.4.jar returned status 404
4.2.4	metadata	2020-09-09T05:19:57Z	
4.2.5			IOException: Tail request on https://maven-central.storage-download.googleapis.com/maven2/io/kotest/kotest-assertions-core-iosarm32/4.2.5/kotest-assertions-core-iosarm32-4.2.5.jar returned status 404
4.2.5	metadata	2020-09-12T14:52:58Z	
4.2.6			IOException: Tail request on https://maven-central.storage-download.googleapis.com/maven2/io/kotest/kotest-assertions-core-iosarm32/4.2.6/kotest-assertions-core-iosarm32-4.2.6.jar returned status 404
4.2.6	metadata	2020-10-05T01:43:48Z	
4.3.0			IOException: Tail request on https://maven-central.storage-download.googleapis.com/maven2/io/kotest/kotest-assertions-core-iosarm32/4.3.0/kotest-assertions-core-iosarm32-4.3.0.jar returned status 404
4.3.0	metadata	2020-10-11T18:31:42Z	
4.3.1			IOException: Tail request on https://maven-central.storage-download.googleapis.com/maven2/io/kotest/kotest-assertions-core-iosarm32/4.3.1/kotest-assertions-core-iosarm32-4.3.1.jar returned status 404
4.3.1	metadata	2020-10-31T11:40:15Z	
4.3.2			IOException: Tail request on https://maven-central.storage-download.googleapis.com/maven2/io/kotest/kotest-assertions-core-iosarm32/4.3.2/kotest-assertions-core-iosarm32-4.3.2.jar returned status 404
4.3.2	metadata	2020-12-13T16:39:54Z	
4.4.0			IOException: Tail request on https://maven-central.storage-download.googleapis.com/maven2/io/kotest/kotest-assertions-core-iosarm32/4.4.0/kotest-assertions-core-iosarm32-4.4.0.jar returned status 404
4.4.0	metadata	2021-02-02T03:15:42Z	
4.4.0.RC1			IOException: Tail request on https://maven-central.storage-download.googleapis.com/maven2/io/kotest/kotest-assertions-core-iosarm32/4.4.0.RC1/kotest-assertions-core-iosarm32-4.4.0.RC1.jar returned status 404
4.4.0.RC1	metadata	2021-01-07T00:28:30Z	
4.4.0.RC2			IOException: Tail request on https://maven-central.storage-download.googleapis.com/maven2/io/kotest/kotest-assertions-core-iosarm32/4.4.0.RC2/kotest-assertions-core-iosarm32-4.4.0.RC2.jar returned status 404
4.4.0.RC2	metadata	2021-01-17T18:25:15Z	
4.4.0.RC3			IOException: Tail request on https://maven-central.storage-download.googleapis.com/maven2/io/kotest/kotest-assertions-core-iosarm32/4.4.0.RC3/kotest-assertions-core-iosarm32-4.4.0.RC3.jar returned status 404
4.4.0.RC3	metadata	2021-01-28T17:10:27Z	
4.4.1			IOException: Tail request on https://maven-central.storage-download.googleapis.com/maven2/io/kotest/kotest-assertions-core-iosarm32/4.4.1/kotest-assertions-core-iosarm32-4.4.1.jar returned status 404
4.4.1	metadata	2021-02-09T02:01:27Z	
4.4.2			IOException: Tail request on https://maven-central.storage-download.googleapis.com/maven2/io/kotest/kotest-assertions-core-iosarm32/4.4.2/kotest-assertions-core-iosarm32-4.4.2.jar returned status 404
4.4.2	metadata	2021-03-06T02:44:03Z	
4.4.3			IOException: Tail request on https://maven-central.storage-download.googleapis.com/maven2/io/kotest/kotest-assertions-core-iosarm32/4.4.3/kotest-assertions-core-iosarm32-4.4.3.jar returned status 404
4.4.3	metadata	2021-03-07T22:39:41Z	
4.5.0			IOException: Tail request on https://maven-central.storage-download.googleapis.com/maven2/io/kotest/kotest-assertions-core-iosarm32/4.5.0/kotest-assertions-core-iosarm32-4.5.0.jar returned status 404
4.5.0	metadata	2021-05-05T02:45:11Z	
4.5.0.RC1			IOException: Tail request on https://maven-central.storage-download.googleapis.com/maven2/io/kotest/kotest-assertions-core-iosarm32/4.5.0.RC1/kotest-assertions-core-iosarm32-4.5.0.RC1.jar returned status 404
4.5.0.RC1	metadata	2021-04-25T03:53:16Z	
4.6.0			IOException: Tail request on https://maven-central.storage-download.googleapis.com/maven2/io/kotest/kotest-assertions-core-iosarm32/4.6.0/kotest-assertions-core-iosarm32-4.6.0.jar returned status 404
4.6.0	metadata	2021-05-18T22:34:04Z	
4.6.1			IOException: Tail request on https://maven-central.storage-download.googleapis.com/maven2/io/kotest/kotest-assertions-core-iosarm32/4.6.1/kotest-assertions-core-iosarm32-4.6.1.jar returned status 404
4.6.1	metadata	2021-07-12T14:35:54Z	
4.6.2			IOException: Tail request on https://maven-central.storage-download.googleapis.com/maven2/io/kotest/kotest-assertions-core-iosarm32/4.6.2/kotest-assertions-core-iosarm32-4.6.2.jar returned status 404
4.6.2	metadata	2021-08-24T02:38:50Z	
4.6.3			IOException: Tail request on https://maven-central.storage-download.googleapis.com/maven2/io/kotest/kotest-assertions-core-iosarm32/4.6.3/kotest-assertions-core-iosarm32-4.6.3.jar returned status 404
4.6.3	metadata	2021-09-17T04:41:34Z	
4.6.4			IOException: Tail request on https://maven-central.storage-download.googleapis.com/maven2/io/kotest/kotest-assertions-core-iosarm32/4.6.4/kotest-assertions-core-iosarm32-4.6.4.jar returned status 404
4.6.4	metadata	2021-11-28T02:39:02Z	
5.0.0			IOException: Tail request on https://maven-central.storage-download.googleapis.com/maven2/io/kotest/kotest-assertions-core-iosarm32/5.0.0/kotest-assertions-core-iosarm32-5.0.0.jar returned status 404
5.0.0	metadata	2021-11-24T18:05:05Z	
5.0.0.M1			IOException: Tail request on https://maven-central.storage-download.googleapis.com/maven2/io/kotest/kotest-assertions-core-iosarm32/5.0.0.M1/kotest-assertions-core-iosarm32-5.0.0.M1.jar returned status 404
5.0.0.M1	metadata	2021-09-09T15:22:09Z	
5.0.0.M2			IOException: Tail request on https://maven-central.storage-download.googleapis.com/maven2/io/kotest/kotest-assertions-core-iosarm32/5.0.0.M2/kotest-assertions-core-iosarm32-5.0.0.M2.jar returned status 404
5.0.0.M2	metadata	2021-09-21T00:05:53Z	
5.0.0.M3			IOException: Tail request on https://maven-central.storage-download.googleapis.com/maven2/io/kotest/kotest-assertions-core-iosarm32/5.0.0.M3/kotest-assertions-core-iosarm32-5.0.0.M3.jar returned status 404
5.0.0.M3	metadata	2021-10-18T05:14:54Z	
5.0.0.M4			IOException: Tail request on https://maven-central.storage-download.googleapis.com/maven2/io/kotest/kotest-assertions-core-iosarm32/5.0.0.M4/kotest-assertions-core-iosarm32-5.0.0.M4.jar returned status 404
5.0.0.M4	metadata	2021-11-11T22:04:02Z	
5.0.0.RC			IOException: Tail request on https://maven-central.storage-download.googleapis.com/maven2/io/kotest/kotest-assertions-core-iosarm32/5.0.0.RC/kotest-assertions-core-iosarm32-5.0.0.RC.jar returned status 404
5.0.0.RC	metadata	2021-11-17T04:21:21Z	
5.0.0.RC2			IOException: Tail request on https://maven-central.storage-download.googleapis.com/maven2/io/kotest/kotest-assertions-core-iosarm32/5.0.0.RC2/kotest-assertions-core-iosarm32-5.0.0.RC2.jar returned status 404
5.0.0.RC2	metadata	2021-11-23T17:50:09Z	
5.0.1			IOException: Tail request on https://maven-central.storage-download.googleapis.com/maven2/io/kotest/kotest-assertions-core-iosarm32/5.0.1/kotest-assertions-core-iosarm32-5.0.1.jar returned status 404
5.0.1	metadata	2021-11-30T00:38:19Z	
5.0.2			IOException: Tail request on https://maven-central.storage-download.googleapis.com/maven2/io/kotest/kotest-assertions-core-iosarm32/5.0.2/kotest-assertions-core-iosarm32-5.0.2.jar returned status 404
5.0.2	metadata	2021-12-10T11:22:43Z	
5.0.3			IOException: Tail request on https://maven-central.storage-download.googleapis.com/maven2/io/kotest/kotest-assertions-core-iosarm32/5.0.3/kotest-assertions-core-iosarm32-5.0.3.jar returned status 404
5.0.3	metadata	2021-12-18T18:35:25Z	
5.1.0			IOException: Tail request on https://maven-central.storage-download.googleapis.com/maven2/io/kotest/kotest-assertions-core-iosarm32/5.1.0/kotest-assertions-core-iosarm32-5.1.0.jar returned status 404
5.1.0	metadata	2022-01-16T21:02:39Z	
5.2.0			IOException: Tail request on https://maven-central.storage-download.googleapis.com/maven2/io/kotest/kotest-assertions-core-iosarm32/5.2.0/kotest-assertions-core-iosarm32-5.2.0.jar returned status 404
5.2.0	metadata	2022-03-13T15:33:17Z	
5.2.1			IOException: Tail request on https://maven-central.storage-download.googleapis.com/maven2/io/kotest/kotest-assertions-core-iosarm32/5.2.1/kotest-assertions-core-iosarm32-5.2.1.jar returned status 404
5.2.1	metadata	2022-03-13T20:48:00Z	
5.2.2			IOException: Tail request on https://maven-central.storage-download.googleapis.com/maven2/io/kotest/kotest-assertions-core-iosarm32/5.2.2/kotest-assertions-core-iosarm32-5.2.2.jar returned status 404
5.2.2	metadata	2022-03-28T01:12:56Z	
5.2.3			IOException: Tail request on https://maven-central.storage-download.googleapis.com/maven2/io/kotest/kotest-assertions-core-iosarm32/5.2.3/kotest-assertions-core-iosarm32-5.2.3.jar returned status 404
5.2.3	metadata	2022-04-09T15:53:30Z	
5.3.0			IOException: Tail request on https://maven-central.storage-download.googleapis.com/maven2/io/kotest/kotest-assertions-core-iosarm32/5.3.0/kotest-assertions-core-iosarm32-5.3.0.jar returned status 404
5.3.0	metadata	2022-05-02T13:51:22Z	
5.3.1			IOException: Tail request on https://maven-central.storage-download.googleapis.com/maven2/io/kotest/kotest-assertions-core-iosarm32/5.3.1/kotest-assertions-core-iosarm32-5.3.1.jar returned status 404
5.3.1	metadata	2022-06-13T15:41:55Z	
5.3.2			IOException: Tail request on https://maven-central.storage-download.googleapis.com/maven2/io/kotest/kotest-assertions-core-iosarm32/5.3.2/kotest-assertions-core-iosarm32-5.3.2.jar returned status 404
5.3.2	metadata	2022-06-24T09:40:26Z	
5.4.0			IOException: Tail request on https://maven-central.storage-download.googleapis.com/maven2/io/kotest/kotest-assertions-core-iosarm32/5.4.0/kotest-assertions-core-iosarm32-5.4.0.jar returned status 404
5.4.0	metadata	2022-07-24T07:59:56Z	
5.4.1			IOException: Tail request on https://maven-central.storage-download.googleapis.com/maven2/io/kotest/kotest-assertions-core-iosarm32/5.4.1/kotest-assertions-core-iosarm32-5.4.1.jar returned status 404
5.4.1	metadata	2022-07-28T08:58:27Z	
5.4.2			IOException: Tail request on https://maven-central.storage-download.googleapis.com/maven2/io/kotest/kotest-assertions-core-iosarm32/5.4.2/kotest-assertions-core-iosarm32-5.4.2.jar returned status 404
5.4.2	metadata	2022-08-10T10:25:16Z	
5.5.0			IOException: Tail request on https://maven-central.storage-download.googleapis.com/maven2/io/kotest/kotest-assertions-core-iosarm32/5.5.0/kotest-assertions-core-iosarm32-5.5.0.jar returned status 404
5.5.0	metadata	2022-10-03T04:20:34Z	
5.5.1			IOException: Tail request on https://maven-central.storage-download.googleapis.com/maven2/io/kotest/kotest-assertions-core-iosarm32/5.5.1/kotest-assertions-core-iosarm32-5.5.1.jar returned status 404
5.5.1	metadata	2022-10-09T17:33:27Z	
5.5.2			IOException: Tail request on https://maven-central.storage-download.googleapis.com/maven2/io/kotest/kotest-assertions-core-iosarm32/5.5.2/kotest-assertions-core-iosarm32-5.5.2.jar returned status 404
5.5.2	metadata	2022-10-23T17:56:13Z	
5.5.3			IOException: Tail request on https://maven-central.storage-download.googleapis.com/maven2/io/kotest/kotest-assertions-core-iosarm32/5.5.3/kotest-assertions-core-iosarm32-5.5.3.jar returned status 404
5.5.3	metadata	2022-10-27T23:31:37Z	
5.5.4			IOException: Tail request on https://maven-central.storage-download.googleapis.com/maven2/io/kotest/kotest-assertions-core-iosarm32/5.5.4/kotest-assertions-core-iosarm32-5.5.4.jar returned status 404
5.5.4	metadata	2022-11-03T19:24:00Z	
5.5.5			IOException: Tail request on https://maven-central.storage-download.googleapis.com/maven2/io/kotest/kotest-assertions-core-iosarm32/5.5.5/kotest-assertions-core-iosarm32-5.5.5.jar returned status 404
5.5.5	metadata	2023-02-05T15:39:31Z	
5.6.0			IOException: Tail request on https://maven-central.storage-download.googleapis.com/maven2/io/kotest/kotest-assertions-core-iosarm32/5.6.0/kotest-assertions-core-iosarm32-5.6.0.jar returned status 404
5.6.0	metadata	2023-04-17T00:41:14Z	
5.6.1			IOException: Tail request on https://maven-central.storage-download.googleapis.com/maven2/io/kotest/kotest-assertions-core-iosarm32/5.6.1/kotest-assertions-core-iosarm32-5.6.1.jar returned status 404
5.6.1	metadata	2023-04-17T21:16:42Z	
5.6.2			IOException: Tail request on https://maven-central.storage-download.googleapis.com/maven2/io/kotest/kotest-assertions-core-iosarm32/5.6.2/kotest-assertions-core-iosarm32-5.6.2.jar returned status 404
5.6.2	metadata	2023-05-10T19:53:14Z	
5.7.0			IOException: Tail request on https://maven-central.storage-download.googleapis.com/maven2/io/kotest/kotest-assertions-core-iosarm32/5.7.0/kotest-assertions-core-iosarm32-5.7.0.jar returned status 404
5.7.0	metadata	2023-09-01T17:17:54Z	
5.7.1			IOException: Tail request on https://maven-central.storage-download.googleapis.com/maven2/io/kotest/kotest-assertions-core-iosarm32/5.7.1/kotest-assertions-core-iosarm32-5.7.1.jar returned status 404
5.7.1	metadata	2023-09-03T01:08:30Z	
5.7.2			IOException: Tail request on https://maven-central.storage-download.googleapis.com/maven2/io/kotest/kotest-assertions-core-iosarm32/5.7.2/kotest-assertions-core-iosarm32-5.7.2.jar returned status 404
5.7.2	metadata	2023-09-05T17:16:58Z	
5.8.0			IOException: Tail request on https://maven-central.storage-download.googleapis.com/maven2/io/kotest/kotest-assertions-core-iosarm32/5.8.0/kotest-assertions-core-iosarm32-5.8.0.jar returned status 404
5.8.0	metadata	2023-11-03T18:06:59Z	
5.8.1			IOException: Tail request on https://maven-central.storage-download.googleapis.com/maven2/io/kotest/kotest-assertions-core-iosarm32/5.8.1/kotest-assertions-core-iosarm32-5.8.1.jar returned status 404
5.8.1	metadata	2024-03-11T04:09:39Z	
