1.8.0			IOException: Tail request on https://maven-central.storage-download.googleapis.com/maven2/org/opendaylight/infrautils/features-infrautils/1.8.0/features-infrautils-1.8.0.jar returned status 404
1.8.1			IOException: Tail request on https://maven-central.storage-download.googleapis.com/maven2/org/opendaylight/infrautils/features-infrautils/1.8.1/features-infrautils-1.8.1.jar returned status 404
1.8.2			IOException: Tail request on https://maven-central.storage-download.googleapis.com/maven2/org/opendaylight/infrautils/features-infrautils/1.8.2/features-infrautils-1.8.2.jar returned status 404
1.8.3			IOException: Tail request on https://maven-central.storage-download.googleapis.com/maven2/org/opendaylight/infrautils/features-infrautils/1.8.3/features-infrautils-1.8.3.jar returned status 404
1.8.4			IOException: Tail request on https://maven-central.storage-download.googleapis.com/maven2/org/opendaylight/infrautils/features-infrautils/1.8.4/features-infrautils-1.8.4.jar returned status 404
1.9.0			IOException: Tail request on https://maven-central.storage-download.googleapis.com/maven2/org/opendaylight/infrautils/features-infrautils/1.9.0/features-infrautils-1.9.0.jar returned status 404
1.9.1			IOException: Tail request on https://maven-central.storage-download.googleapis.com/maven2/org/opendaylight/infrautils/features-infrautils/1.9.1/features-infrautils-1.9.1.jar returned status 404
1.9.10			IOException: Tail request on https://maven-central.storage-download.googleapis.com/maven2/org/opendaylight/infrautils/features-infrautils/1.9.10/features-infrautils-1.9.10.jar returned status 404
1.9.11			IOException: Tail request on https://maven-central.storage-download.googleapis.com/maven2/org/opendaylight/infrautils/features-infrautils/1.9.11/features-infrautils-1.9.11.jar returned status 404
1.9.12			IOException: Tail request on https://maven-central.storage-download.googleapis.com/maven2/org/opendaylight/infrautils/features-infrautils/1.9.12/features-infrautils-1.9.12.jar returned status 404
1.9.13			IOException: Tail request on https://maven-central.storage-download.googleapis.com/maven2/org/opendaylight/infrautils/features-infrautils/1.9.13/features-infrautils-1.9.13.jar returned status 404
1.9.14			IOException: Tail request on https://maven-central.storage-download.googleapis.com/maven2/org/opendaylight/infrautils/features-infrautils/1.9.14/features-infrautils-1.9.14.jar returned status 404
1.9.15			IOException: Tail request on https://maven-central.storage-download.googleapis.com/maven2/org/opendaylight/infrautils/features-infrautils/1.9.15/features-infrautils-1.9.15.jar returned status 404
1.9.2			IOException: Tail request on https://maven-central.storage-download.googleapis.com/maven2/org/opendaylight/infrautils/features-infrautils/1.9.2/features-infrautils-1.9.2.jar returned status 404
1.9.3			IOException: Tail request on https://maven-central.storage-download.googleapis.com/maven2/org/opendaylight/infrautils/features-infrautils/1.9.3/features-infrautils-1.9.3.jar returned status 404
1.9.4			IOException: Tail request on https://maven-central.storage-download.googleapis.com/maven2/org/opendaylight/infrautils/features-infrautils/1.9.4/features-infrautils-1.9.4.jar returned status 404
1.9.5			IOException: Tail request on https://maven-central.storage-download.googleapis.com/maven2/org/opendaylight/infrautils/features-infrautils/1.9.5/features-infrautils-1.9.5.jar returned status 404
1.9.6			IOException: Tail request on https://maven-central.storage-download.googleapis.com/maven2/org/opendaylight/infrautils/features-infrautils/1.9.6/features-infrautils-1.9.6.jar returned status 404
1.9.7			IOException: Tail request on https://maven-central.storage-download.googleapis.com/maven2/org/opendaylight/infrautils/features-infrautils/1.9.7/features-infrautils-1.9.7.jar returned status 404
1.9.8			IOException: Tail request on https://maven-central.storage-download.googleapis.com/maven2/org/opendaylight/infrautils/features-infrautils/1.9.8/features-infrautils-1.9.8.jar returned status 404
1.9.9			IOException: Tail request on https://maven-central.storage-download.googleapis.com/maven2/org/opendaylight/infrautils/features-infrautils/1.9.9/features-infrautils-1.9.9.jar returned status 404
2.0.0			IOException: Tail request on https://maven-central.storage-download.googleapis.com/maven2/org/opendaylight/infrautils/features-infrautils/2.0.0/features-infrautils-2.0.0.jar returned status 404
2.0.1			IOException: Tail request on https://maven-central.storage-download.googleapis.com/maven2/org/opendaylight/infrautils/features-infrautils/2.0.1/features-infrautils-2.0.1.jar returned status 404
2.0.10			IOException: Tail request on https://maven-central.storage-download.googleapis.com/maven2/org/opendaylight/infrautils/features-infrautils/2.0.10/features-infrautils-2.0.10.jar returned status 404
2.0.11			IOException: Tail request on https://maven-central.storage-download.googleapis.com/maven2/org/opendaylight/infrautils/features-infrautils/2.0.11/features-infrautils-2.0.11.jar returned status 404
2.0.12			IOException: Tail request on https://maven-central.storage-download.googleapis.com/maven2/org/opendaylight/infrautils/features-infrautils/2.0.12/features-infrautils-2.0.12.jar returned status 404
2.0.13			IOException: Tail request on https://maven-central.storage-download.googleapis.com/maven2/org/opendaylight/infrautils/features-infrautils/2.0.13/features-infrautils-2.0.13.jar returned status 404
2.0.14			IOException: Tail request on https://maven-central.storage-download.googleapis.com/maven2/org/opendaylight/infrautils/features-infrautils/2.0.14/features-infrautils-2.0.14.jar returned status 404
2.0.15			IOException: Tail request on https://maven-central.storage-download.googleapis.com/maven2/org/opendaylight/infrautils/features-infrautils/2.0.15/features-infrautils-2.0.15.jar returned status 404
2.0.16			IOException: Tail request on https://maven-central.storage-download.googleapis.com/maven2/org/opendaylight/infrautils/features-infrautils/2.0.16/features-infrautils-2.0.16.jar returned status 404
2.0.2			IOException: Tail request on https://maven-central.storage-download.googleapis.com/maven2/org/opendaylight/infrautils/features-infrautils/2.0.2/features-infrautils-2.0.2.jar returned status 404
2.0.3			IOException: Tail request on https://maven-central.storage-download.googleapis.com/maven2/org/opendaylight/infrautils/features-infrautils/2.0.3/features-infrautils-2.0.3.jar returned status 404
2.0.4			IOException: Tail request on https://maven-central.storage-download.googleapis.com/maven2/org/opendaylight/infrautils/features-infrautils/2.0.4/features-infrautils-2.0.4.jar returned status 404
2.0.5			IOException: Tail request on https://maven-central.storage-download.googleapis.com/maven2/org/opendaylight/infrautils/features-infrautils/2.0.5/features-infrautils-2.0.5.jar returned status 404
2.0.6			IOException: Tail request on https://maven-central.storage-download.googleapis.com/maven2/org/opendaylight/infrautils/features-infrautils/2.0.6/features-infrautils-2.0.6.jar returned status 404
2.0.7			IOException: Tail request on https://maven-central.storage-download.googleapis.com/maven2/org/opendaylight/infrautils/features-infrautils/2.0.7/features-infrautils-2.0.7.jar returned status 404
2.0.8			IOException: Tail request on https://maven-central.storage-download.googleapis.com/maven2/org/opendaylight/infrautils/features-infrautils/2.0.8/features-infrautils-2.0.8.jar returned status 404
2.0.9			IOException: Tail request on https://maven-central.storage-download.googleapis.com/maven2/org/opendaylight/infrautils/features-infrautils/2.0.9/features-infrautils-2.0.9.jar returned status 404
3.0.0			IOException: Tail request on https://maven-central.storage-download.googleapis.com/maven2/org/opendaylight/infrautils/features-infrautils/3.0.0/features-infrautils-3.0.0.jar returned status 404
3.0.1			IOException: Tail request on https://maven-central.storage-download.googleapis.com/maven2/org/opendaylight/infrautils/features-infrautils/3.0.1/features-infrautils-3.0.1.jar returned status 404
3.0.2			IOException: Tail request on https://maven-central.storage-download.googleapis.com/maven2/org/opendaylight/infrautils/features-infrautils/3.0.2/features-infrautils-3.0.2.jar returned status 404
3.0.3			IOException: Tail request on https://maven-central.storage-download.googleapis.com/maven2/org/opendaylight/infrautils/features-infrautils/3.0.3/features-infrautils-3.0.3.jar returned status 404
3.0.4			IOException: Tail request on https://maven-central.storage-download.googleapis.com/maven2/org/opendaylight/infrautils/features-infrautils/3.0.4/features-infrautils-3.0.4.jar returned status 404
3.0.5			IOException: Tail request on https://maven-central.storage-download.googleapis.com/maven2/org/opendaylight/infrautils/features-infrautils/3.0.5/features-infrautils-3.0.5.jar returned status 404
4.0.0			IOException: Tail request on https://maven-central.storage-download.googleapis.com/maven2/org/opendaylight/infrautils/features-infrautils/4.0.0/features-infrautils-4.0.0.jar returned status 404
4.0.1			IOException: Tail request on https://maven-central.storage-download.googleapis.com/maven2/org/opendaylight/infrautils/features-infrautils/4.0.1/features-infrautils-4.0.1.jar returned status 404
4.0.2			IOException: Tail request on https://maven-central.storage-download.googleapis.com/maven2/org/opendaylight/infrautils/features-infrautils/4.0.2/features-infrautils-4.0.2.jar returned status 404
4.0.3			IOException: Tail request on https://maven-central.storage-download.googleapis.com/maven2/org/opendaylight/infrautils/features-infrautils/4.0.3/features-infrautils-4.0.3.jar returned status 404
4.0.4			IOException: Tail request on https://maven-central.storage-download.googleapis.com/maven2/org/opendaylight/infrautils/features-infrautils/4.0.4/features-infrautils-4.0.4.jar returned status 404
4.0.5			IOException: Tail request on https://maven-central.storage-download.googleapis.com/maven2/org/opendaylight/infrautils/features-infrautils/4.0.5/features-infrautils-4.0.5.jar returned status 404
4.0.6			IOException: Tail request on https://maven-central.storage-download.googleapis.com/maven2/org/opendaylight/infrautils/features-infrautils/4.0.6/features-infrautils-4.0.6.jar returned status 404
4.0.7			IOException: Tail request on https://maven-central.storage-download.googleapis.com/maven2/org/opendaylight/infrautils/features-infrautils/4.0.7/features-infrautils-4.0.7.jar returned status 404
4.0.8			IOException: Tail request on https://maven-central.storage-download.googleapis.com/maven2/org/opendaylight/infrautils/features-infrautils/4.0.8/features-infrautils-4.0.8.jar returned status 404
5.0.0			IOException: Tail request on https://maven-central.storage-download.googleapis.com/maven2/org/opendaylight/infrautils/features-infrautils/5.0.0/features-infrautils-5.0.0.jar returned status 404
5.0.1			IOException: Tail request on https://maven-central.storage-download.googleapis.com/maven2/org/opendaylight/infrautils/features-infrautils/5.0.1/features-infrautils-5.0.1.jar returned status 404
5.0.10			IOException: Tail request on https://maven-central.storage-download.googleapis.com/maven2/org/opendaylight/infrautils/features-infrautils/5.0.10/features-infrautils-5.0.10.jar returned status 404
5.0.2			IOException: Tail request on https://maven-central.storage-download.googleapis.com/maven2/org/opendaylight/infrautils/features-infrautils/5.0.2/features-infrautils-5.0.2.jar returned status 404
5.0.3			IOException: Tail request on https://maven-central.storage-download.googleapis.com/maven2/org/opendaylight/infrautils/features-infrautils/5.0.3/features-infrautils-5.0.3.jar returned status 404
5.0.4			IOException: Tail request on https://maven-central.storage-download.googleapis.com/maven2/org/opendaylight/infrautils/features-infrautils/5.0.4/features-infrautils-5.0.4.jar returned status 404
5.0.5			IOException: Tail request on https://maven-central.storage-download.googleapis.com/maven2/org/opendaylight/infrautils/features-infrautils/5.0.5/features-infrautils-5.0.5.jar returned status 404
5.0.6			IOException: Tail request on https://maven-central.storage-download.googleapis.com/maven2/org/opendaylight/infrautils/features-infrautils/5.0.6/features-infrautils-5.0.6.jar returned status 404
5.0.7			IOException: Tail request on https://maven-central.storage-download.googleapis.com/maven2/org/opendaylight/infrautils/features-infrautils/5.0.7/features-infrautils-5.0.7.jar returned status 404
5.0.8			IOException: Tail request on https://maven-central.storage-download.googleapis.com/maven2/org/opendaylight/infrautils/features-infrautils/5.0.8/features-infrautils-5.0.8.jar returned status 404
5.0.9			IOException: Tail request on https://maven-central.storage-download.googleapis.com/maven2/org/opendaylight/infrautils/features-infrautils/5.0.9/features-infrautils-5.0.9.jar returned status 404
6.0.0			IOException: Tail request on https://maven-central.storage-download.googleapis.com/maven2/org/opendaylight/infrautils/features-infrautils/6.0.0/features-infrautils-6.0.0.jar returned status 404
6.0.1			IOException: Tail request on https://maven-central.storage-download.googleapis.com/maven2/org/opendaylight/infrautils/features-infrautils/6.0.1/features-infrautils-6.0.1.jar returned status 404
6.0.10			IOException: Tail request on https://maven-central.storage-download.googleapis.com/maven2/org/opendaylight/infrautils/features-infrautils/6.0.10/features-infrautils-6.0.10.jar returned status 404
6.0.11			IOException: Tail request on https://maven-central.storage-download.googleapis.com/maven2/org/opendaylight/infrautils/features-infrautils/6.0.11/features-infrautils-6.0.11.jar returned status 404
6.0.12			IOException: Tail request on https://maven-central.storage-download.googleapis.com/maven2/org/opendaylight/infrautils/features-infrautils/6.0.12/features-infrautils-6.0.12.jar returned status 404
6.0.13			IOException: Tail request on https://maven-central.storage-download.googleapis.com/maven2/org/opendaylight/infrautils/features-infrautils/6.0.13/features-infrautils-6.0.13.jar returned status 404
6.0.2			IOException: Tail request on https://maven-central.storage-download.googleapis.com/maven2/org/opendaylight/infrautils/features-infrautils/6.0.2/features-infrautils-6.0.2.jar returned status 404
6.0.3			IOException: Tail request on https://maven-central.storage-download.googleapis.com/maven2/org/opendaylight/infrautils/features-infrautils/6.0.3/features-infrautils-6.0.3.jar returned status 404
6.0.4			IOException: Tail request on https://maven-central.storage-download.googleapis.com/maven2/org/opendaylight/infrautils/features-infrautils/6.0.4/features-infrautils-6.0.4.jar returned status 404
6.0.5			IOException: Tail request on https://maven-central.storage-download.googleapis.com/maven2/org/opendaylight/infrautils/features-infrautils/6.0.5/features-infrautils-6.0.5.jar returned status 404
6.0.6			IOException: Tail request on https://maven-central.storage-download.googleapis.com/maven2/org/opendaylight/infrautils/features-infrautils/6.0.6/features-infrautils-6.0.6.jar returned status 404
6.0.7			IOException: Tail request on https://maven-central.storage-download.googleapis.com/maven2/org/opendaylight/infrautils/features-infrautils/6.0.7/features-infrautils-6.0.7.jar returned status 404
6.0.8			IOException: Tail request on https://maven-central.storage-download.googleapis.com/maven2/org/opendaylight/infrautils/features-infrautils/6.0.8/features-infrautils-6.0.8.jar returned status 404
6.0.9			IOException: Tail request on https://maven-central.storage-download.googleapis.com/maven2/org/opendaylight/infrautils/features-infrautils/6.0.9/features-infrautils-6.0.9.jar returned status 404
7.0.0			IOException: Tail request on https://maven-central.storage-download.googleapis.com/maven2/org/opendaylight/infrautils/features-infrautils/7.0.0/features-infrautils-7.0.0.jar returned status 404
7.0.1			IOException: Tail request on https://maven-central.storage-download.googleapis.com/maven2/org/opendaylight/infrautils/features-infrautils/7.0.1/features-infrautils-7.0.1.jar returned status 404
7.0.2			IOException: Tail request on https://maven-central.storage-download.googleapis.com/maven2/org/opendaylight/infrautils/features-infrautils/7.0.2/features-infrautils-7.0.2.jar returned status 404
7.0.3			IOException: Tail request on https://maven-central.storage-download.googleapis.com/maven2/org/opendaylight/infrautils/features-infrautils/7.0.3/features-infrautils-7.0.3.jar returned status 404
7.0.4			IOException: Tail request on https://maven-central.storage-download.googleapis.com/maven2/org/opendaylight/infrautils/features-infrautils/7.0.4/features-infrautils-7.0.4.jar returned status 404
7.0.5			IOException: Tail request on https://maven-central.storage-download.googleapis.com/maven2/org/opendaylight/infrautils/features-infrautils/7.0.5/features-infrautils-7.0.5.jar returned status 404
7.1.0			IOException: Tail request on https://maven-central.storage-download.googleapis.com/maven2/org/opendaylight/infrautils/features-infrautils/7.1.0/features-infrautils-7.1.0.jar returned status 404
7.1.1			IOException: Tail request on https://maven-central.storage-download.googleapis.com/maven2/org/opendaylight/infrautils/features-infrautils/7.1.1/features-infrautils-7.1.1.jar returned status 404
7.1.10			IOException: Tail request on https://maven-central.storage-download.googleapis.com/maven2/org/opendaylight/infrautils/features-infrautils/7.1.10/features-infrautils-7.1.10.jar returned status 404
7.1.11			IOException: Tail request on https://maven-central.storage-download.googleapis.com/maven2/org/opendaylight/infrautils/features-infrautils/7.1.11/features-infrautils-7.1.11.jar returned status 404
7.1.12			IOException: Tail request on https://maven-central.storage-download.googleapis.com/maven2/org/opendaylight/infrautils/features-infrautils/7.1.12/features-infrautils-7.1.12.jar returned status 404
7.1.13		2026-06-14T17:08:06Z	IOException: Tail request on https://maven-central.storage-download.googleapis.com/maven2/org/opendaylight/infrautils/features-infrautils/7.1.13/features-infrautils-7.1.13.jar returned status 404
7.1.14			IOException: Tail request on https://maven-central.storage-download.googleapis.com/maven2/org/opendaylight/infrautils/features-infrautils/7.1.14/features-infrautils-7.1.14.jar returned status 404
7.1.2			IOException: Tail request on https://maven-central.storage-download.googleapis.com/maven2/org/opendaylight/infrautils/features-infrautils/7.1.2/features-infrautils-7.1.2.jar returned status 404
7.1.3			IOException: Tail request on https://maven-central.storage-download.googleapis.com/maven2/org/opendaylight/infrautils/features-infrautils/7.1.3/features-infrautils-7.1.3.jar returned status 404
7.1.4			IOException: Tail request on https://maven-central.storage-download.googleapis.com/maven2/org/opendaylight/infrautils/features-infrautils/7.1.4/features-infrautils-7.1.4.jar returned status 404
7.1.5			IOException: Tail request on https://maven-central.storage-download.googleapis.com/maven2/org/opendaylight/infrautils/features-infrautils/7.1.5/features-infrautils-7.1.5.jar returned status 404
7.1.6			IOException: Tail request on https://maven-central.storage-download.googleapis.com/maven2/org/opendaylight/infrautils/features-infrautils/7.1.6/features-infrautils-7.1.6.jar returned status 404
7.1.7			IOException: Tail request on https://maven-central.storage-download.googleapis.com/maven2/org/opendaylight/infrautils/features-infrautils/7.1.7/features-infrautils-7.1.7.jar returned status 404
7.1.8			IOException: Tail request on https://maven-central.storage-download.googleapis.com/maven2/org/opendaylight/infrautils/features-infrautils/7.1.8/features-infrautils-7.1.8.jar returned status 404
7.1.9			IOException: Tail request on https://maven-central.storage-download.googleapis.com/maven2/org/opendaylight/infrautils/features-infrautils/7.1.9/features-infrautils-7.1.9.jar returned status 404
8.0.0		2026-08-16T12:56:52Z	IOException: Tail request on https://maven-central.storage-download.googleapis.com/maven2/org/opendaylight/infrautils/features-infrautils/8.0.0/features-infrautils-8.0.0.jar returned status 404
8.0.1		2026-08-23T15:38:09Z	IOException: Tail request on https://maven-central.storage-download.googleapis.com/maven2/org/opendaylight/infrautils/features-infrautils/8.0.1/features-infrautils-8.0.1.jar returned status 404
8.0.2			IOException: Tail request on https://maven-central.storage-download.googleapis.com/maven2/org/opendaylight/infrautils/features-infrautils/8.0.2/features-infrautils-8.0.2.jar returned status 404
8.0.3			IOException: Tail request on https://maven-central.storage-download.googleapis.com/maven2/org/opendaylight/infrautils/features-infrautils/8.0.3/features-infrautils-8.0.3.jar returned status 404
