3.0.1		2020-11-05T15:40:21Z	
