0.11.2		2015-04-08T18:51:14Z	
