0.0.1		2023-07-12T07:30:25Z	
0.0.2		2023-08-03T07:27:36Z	
0.0.3		2023-10-28T03:44:19Z	
0.0.4		2023-11-12T01:56:58Z	
0.0.5		2023-12-03T00:29:53Z	
0.0.6		2024-02-14T06:50:30Z	
0.0.7		2024-03-10T18:27:39Z	
0.0.8		2024-03-23T05:06:06Z	
0.0.9		2024-04-14T04:56:47Z	
0.1.0		2024-04-27T18:44:02Z	
0.2.0		2024-11-10T08:13:20Z	
0.3.0		2024-11-24T05:13:25Z	
0.3.1		2025-01-07T02:57:38Z	
0.3.2		2025-02-24T07:15:18Z	
0.3.3		2025-05-01T05:02:50Z	
0.3.4		2026-06-13T06:38:48Z	
