1.0.0		2019-04-12T19:23:47Z	
1.0.1		2019-06-04T06:42:54Z	
1.0.10		2020-07-09T00:08:57Z	
1.0.11		2020-07-29T23:24:56Z	
1.0.12		2020-08-21T21:39:07Z	
1.0.13		2020-09-03T18:44:45Z	
1.0.14		2020-09-22T16:12:49Z	
1.0.15		2020-10-08T00:12:09Z	
1.0.16		2020-12-23T05:18:42Z	
1.0.17		2021-03-09T20:20:05Z	
1.0.18		2021-04-29T18:24:28Z	
1.0.19		2021-07-01T15:41:52Z	
1.0.2		2019-06-17T17:17:19Z	
1.0.20		2021-11-19T12:39:46Z	
1.0.21		2022-03-25T04:06:14Z	
1.0.22		2022-03-26T05:31:24Z	
1.0.23		2022-05-18T09:32:19Z	
1.0.24		2022-09-01T03:27:13Z	
1.0.25		2022-12-07T08:03:10Z	
1.0.26		2023-08-20T07:38:04Z	
1.0.27		2023-08-20T19:51:44Z	
1.0.28		2023-08-29T21:05:55Z	
1.0.29		2023-11-27T23:44:39Z	
1.0.3		2019-06-19T18:43:42Z	
1.0.30		2024-04-10T21:12:00Z	
1.0.31		2024-06-12T17:58:21Z	
1.0.32		2024-07-26T17:41:26Z	
1.0.33		2024-11-11T23:35:10Z	
1.0.34		2025-03-05T03:10:40Z	
1.0.35		2025-07-03T18:51:53Z	
1.0.4		2019-06-24T15:28:08Z	
1.0.5		2019-07-23T21:25:55Z	
1.0.6		2019-09-20T03:15:25Z	
1.0.7		2020-01-23T21:12:04Z	
1.0.8		2020-02-25T18:06:23Z	
1.0.9		2020-04-10T13:18:03Z	
