1.33.0		2025-05-19T16:16:32Z	
1.34.0		2025-06-18T15:39:43Z	
1.35.0		2025-07-11T12:54:52Z	
1.36.0		2025-07-22T17:24:24Z	
1.37.0		2025-08-11T16:53:40Z	
1.38.0		2025-10-01T14:25:37Z	
1.39.0		2025-10-07T12:59:17Z	
1.40.0		2025-11-13T22:34:50Z	
1.40.1		2025-11-14T12:04:07Z	
1.41.0		2025-12-11T13:05:51Z	
1.42.0		2026-01-07T12:42:49Z	
1.42.1		2026-01-08T21:26:26Z	
1.43.0		2026-01-22T21:48:05Z	
1.44.0		2026-02-17T13:49:09Z	
1.44.1		2026-02-20T17:11:10Z	
1.45.0		2026-03-11T15:22:23Z	
1.46.0		2026-04-08T12:53:49Z	
1.47.0		2026-05-08T15:45:07Z	
1.47.1		2026-05-12T14:29:22Z	
1.48.0		2026-06-02T16:34:37Z	
1.49.0		2026-06-10T09:39:43Z	
1.50.0		2026-06-18T14:01:53Z	
1.51.0			
1.52.0			
1.53.0			
