2.0.3	automatic	com.alianga	jkit-notify-extra	2026-09-27T16:16:48Z	
