3.3.0-alpha01			IOException: Tail request on https://maven-central.storage-download.googleapis.com/maven2/org/danbrough/okio/okio-fakefilesystem-androidnativex86/3.3.0-alpha01/okio-fakefilesystem-androidnativex86-3.3.0-alpha01.jar returned status 404
