1.0.0		2022-03-11T16:21:03Z	
1.0.1		2022-03-17T20:25:35Z	
1.0.2		2022-03-24T19:18:59Z	
1.0.3		2022-03-28T21:08:45Z	
1.0.4		2022-04-21T17:09:18Z	
1.0.5		2022-04-22T20:23:15Z	
2.0.0		2022-05-10T21:20:45Z	
2.0.1		2022-05-11T14:59:41Z	
2.0.2		2022-05-24T02:12:07Z	
2.0.3		2023-01-27T00:33:21Z	
2.0.4		2023-01-27T22:50:11Z	
2.1.1		2023-01-27T22:59:09Z	
