0.1.55		2022-12-22T09:18:42Z	
0.1.56		2022-12-22T12:14:04Z	
0.1.57		2022-12-23T06:42:38Z	
0.1.58		2022-12-23T15:22:17Z	
0.1.59		2022-12-23T16:28:45Z	
0.1.60		2022-12-25T14:19:27Z	
0.1.61		2023-01-03T12:29:41Z	
0.1.63		2023-01-03T14:32:47Z	
0.1.64		2023-01-03T15:03:18Z	
0.1.65		2023-01-03T15:21:50Z	
0.1.66		2023-01-03T17:26:02Z	
0.1.67		2023-01-04T07:03:31Z	
0.1.68		2023-01-04T07:48:07Z	
0.1.69		2023-01-05T16:39:21Z	
0.1.71		2023-01-06T06:15:54Z	
0.1.72		2023-01-06T07:26:13Z	
0.1.73		2023-01-06T07:58:49Z	
0.1.74		2023-01-06T08:53:33Z	
0.1.76		2023-01-06T16:06:29Z	
0.1.77		2023-01-06T16:37:55Z	
0.1.78		2023-01-07T12:40:53Z	
0.1.79		2023-01-07T15:14:16Z	
0.1.80		2023-01-07T16:24:34Z	
0.1.81		2023-01-07T17:27:28Z	
0.1.82		2023-01-07T17:54:46Z	
0.1.83		2023-01-07T18:17:53Z	
0.1.85		2023-01-10T02:53:49Z	
0.1.87		2023-01-26T14:50:53Z	
0.1.88		2023-01-27T12:50:11Z	
0.1.89		2023-01-27T13:58:46Z	
0.1.90		2023-01-27T14:21:39Z	
0.1.92		2023-01-27T14:44:05Z	
0.1.93		2023-01-27T14:58:24Z	
0.1.94		2023-01-29T03:54:54Z	
0.1.95		2023-01-29T05:49:14Z	
0.1.96		2023-01-29T06:22:30Z	
0.2.100		2023-02-03T06:40:12Z	
0.2.103		2023-02-03T07:42:06Z	
0.2.104		2023-02-03T12:09:57Z	
0.2.105		2023-02-03T13:53:23Z	
0.2.106		2023-02-03T14:27:44Z	
0.2.107		2023-02-03T14:53:44Z	
0.2.108		2023-02-03T15:14:47Z	
0.2.109		2023-02-04T14:36:53Z	
0.2.110		2023-02-05T01:48:45Z	
0.2.111		2023-02-05T02:11:43Z	
0.2.112		2023-02-05T13:11:07Z	
0.2.113		2023-02-05T14:41:21Z	
0.2.115		2023-02-07T07:26:54Z	
0.2.116		2023-02-08T08:16:53Z	
0.2.117		2023-02-08T08:31:49Z	
0.2.118		2023-02-08T16:17:43Z	
0.2.119		2023-02-10T03:34:05Z	
0.2.120		2023-02-10T06:04:49Z	
0.2.121		2023-02-15T10:19:23Z	
0.2.122		2023-02-15T10:43:44Z	
0.2.124		2023-02-15T10:58:30Z	
0.2.125		2023-02-15T12:42:26Z	
0.2.126		2023-02-15T13:13:54Z	
0.2.127		2023-02-15T15:42:38Z	
0.2.128		2023-02-16T09:08:48Z	
0.2.129		2023-02-16T09:37:22Z	
0.2.130		2023-02-16T13:03:11Z	
0.2.131		2023-02-16T14:25:52Z	
0.2.132		2023-02-16T16:26:24Z	
0.2.134		2023-02-16T17:05:22Z	
0.2.135		2023-02-17T07:02:43Z	
0.2.136		2023-02-17T07:29:56Z	
0.2.137		2023-02-17T17:16:34Z	
0.2.138		2023-02-18T03:56:38Z	
0.2.139		2023-02-19T13:05:58Z	
0.2.140		2023-02-19T14:50:40Z	
0.2.141		2023-02-20T03:42:45Z	
0.2.148		2023-02-22T01:34:11Z	
0.2.149		2023-02-22T16:23:53Z	
0.2.150		2023-02-26T02:34:53Z	
0.2.151		2023-03-06T08:26:38Z	
0.2.152		2023-03-07T11:16:59Z	
0.2.153		2023-03-07T11:43:11Z	
0.2.154		2023-03-07T12:37:12Z	
0.2.155		2023-03-07T13:17:00Z	
0.2.157		2023-03-12T13:16:57Z	
0.2.158		2023-03-14T04:16:13Z	
0.2.159		2023-03-14T04:18:15Z	
0.2.160		2023-03-14T07:13:33Z	
0.2.161		2023-03-14T07:26:51Z	
0.2.162		2023-03-14T08:12:53Z	
0.2.163		2023-03-14T08:48:16Z	
0.2.164		2023-03-15T10:30:27Z	
0.2.165		2023-03-17T08:40:48Z	
0.2.166		2023-03-23T03:58:22Z	
0.2.167		2023-03-25T14:23:57Z	
0.2.168		2023-03-28T11:28:21Z	
0.2.169		2023-03-28T14:16:46Z	
0.2.170		2023-03-28T15:55:53Z	
0.2.171		2023-03-29T02:27:42Z	
0.2.172		2023-03-29T11:39:36Z	
0.2.173		2023-03-29T13:47:21Z	
0.2.174		2023-03-29T14:54:04Z	
0.2.175		2023-03-30T09:30:06Z	
0.2.176		2023-03-30T15:57:55Z	
0.2.177		2023-04-01T15:40:36Z	
0.2.179		2023-04-03T03:39:48Z	
0.2.180		2023-04-05T15:39:57Z	
0.2.181		2023-04-05T15:44:51Z	
0.2.183		2023-04-06T08:22:57Z	
0.2.184		2023-04-06T11:21:06Z	
0.2.185		2023-04-06T15:59:47Z	
0.2.186		2023-04-07T14:09:50Z	
0.2.187		2023-04-07T16:42:22Z	
0.2.188		2023-04-08T03:13:27Z	
0.2.189		2023-04-08T04:59:11Z	
0.2.190		2023-04-08T10:12:15Z	
0.2.191		2023-04-08T13:28:41Z	
0.2.192		2023-04-11T06:06:42Z	
0.2.193		2023-04-12T02:42:44Z	
0.2.194		2023-04-12T03:14:30Z	
0.2.195		2023-04-12T03:55:21Z	
0.2.196		2023-04-12T06:40:29Z	
0.2.197		2023-04-17T10:51:27Z	
0.2.198		2023-04-20T15:44:23Z	
0.2.199		2023-04-21T12:26:07Z	
0.2.200		2023-04-22T14:39:42Z	
0.2.201		2023-04-23T14:41:37Z	
0.2.202		2023-04-25T14:17:15Z	
0.2.203		2023-04-25T14:51:55Z	
0.2.204		2023-04-26T11:45:28Z	
0.2.205		2023-04-26T11:55:23Z	
0.2.207		2023-04-26T14:19:15Z	
0.2.208		2023-05-04T03:51:04Z	
0.2.209		2023-05-08T15:35:50Z	
0.2.210		2023-05-09T07:54:25Z	
0.2.211		2023-05-10T12:52:00Z	
0.2.212		2023-05-10T16:05:12Z	
0.2.213		2023-05-10T17:03:18Z	
0.2.214		2023-05-11T02:32:45Z	
0.2.215		2023-05-11T03:09:33Z	
0.2.216		2023-05-11T04:21:47Z	
0.2.217		2023-05-11T06:37:26Z	
0.2.218		2023-05-13T15:35:17Z	
0.2.219		2023-05-15T14:17:09Z	
0.2.220		2023-05-15T16:55:02Z	
0.2.221		2023-05-16T15:38:13Z	
0.2.222		2023-05-17T06:22:17Z	
0.2.223		2023-05-17T08:18:27Z	
0.2.226		2023-05-24T16:26:54Z	
0.2.227		2023-06-05T15:31:14Z	
0.2.228		2023-06-07T12:57:59Z	
0.2.229		2023-06-15T04:56:56Z	
0.2.230		2023-06-16T07:57:27Z	
0.2.231		2023-06-16T14:39:01Z	
0.2.232		2023-06-20T02:19:19Z	
0.2.233		2023-06-20T02:51:13Z	
0.2.234		2023-06-27T11:08:24Z	
0.2.235		2023-06-27T13:02:24Z	
0.2.236		2023-07-21T08:49:37Z	
0.2.239		2023-08-08T11:30:48Z	
0.2.240		2023-08-09T03:26:02Z	
0.2.241		2023-08-09T07:16:27Z	
0.2.242		2023-08-09T07:39:05Z	
0.2.243		2023-08-09T08:06:12Z	
0.2.244		2023-08-09T08:49:50Z	
0.2.247		2023-08-14T06:07:34Z	
0.2.248		2023-08-14T07:59:54Z	
0.2.249		2023-08-16T06:23:18Z	
0.2.250		2023-08-16T06:49:57Z	
0.2.251		2023-08-16T07:47:53Z	
0.2.252		2023-08-16T08:14:37Z	
0.2.254		2023-08-16T09:00:27Z	
0.2.255		2023-08-16T09:28:51Z	
0.2.256		2023-08-16T17:21:02Z	
0.2.257		2023-08-18T08:01:40Z	
0.2.259		2023-08-18T11:41:39Z	
0.2.261		2023-08-22T02:07:06Z	
0.2.262		2023-08-23T05:55:43Z	
0.2.263		2023-08-25T07:36:39Z	
0.2.264		2023-08-25T16:11:11Z	
0.2.265		2023-08-29T08:08:49Z	
0.2.266		2023-08-31T10:42:42Z	
0.2.267		2023-08-31T14:44:55Z	
0.2.268		2023-09-08T02:13:46Z	
0.2.269		2023-09-08T09:40:52Z	
0.2.270		2023-09-17T08:50:06Z	
0.2.271		2023-09-17T08:57:28Z	
0.2.272		2023-09-19T16:28:38Z	
0.2.273		2023-09-20T14:08:02Z	
0.2.274		2023-09-22T15:32:49Z	
0.2.275		2023-09-23T00:29:59Z	
0.2.276		2023-09-23T13:22:51Z	
0.2.277		2023-10-01T08:46:46Z	
0.2.278		2023-10-04T12:55:02Z	
0.2.279		2023-10-04T15:20:51Z	
0.2.280		2023-10-05T16:24:05Z	
0.2.281		2023-10-08T05:05:11Z	
0.2.282		2023-10-08T06:13:07Z	
0.2.283		2023-10-08T06:27:01Z	
0.2.284		2023-10-08T09:56:00Z	
0.2.285		2023-10-08T10:41:09Z	
0.2.287		2023-10-09T08:50:17Z	
0.2.288		2023-10-09T14:46:18Z	
0.2.289		2023-10-10T15:28:39Z	
0.2.290		2023-10-10T16:35:35Z	
0.2.291		2023-11-21T07:10:13Z	
0.2.292		2023-11-24T01:43:43Z	
0.2.295		2023-11-29T14:10:24Z	
0.2.313		2023-12-06T14:21:24Z	
0.2.314		2023-12-06T14:24:22Z	
0.2.315		2023-12-06T14:28:35Z	
0.2.316		2023-12-06T14:35:53Z	
0.2.317		2023-12-06T14:46:24Z	
0.2.318		2023-12-11T09:31:08Z	
0.2.319		2023-12-11T09:38:03Z	
0.2.324		2023-12-12T10:04:39Z	
0.2.325		2023-12-12T10:04:32Z	
0.2.326		2023-12-12T14:39:13Z	
0.2.327		2023-12-18T07:23:34Z	
0.2.328		2023-12-18T13:44:52Z	
0.2.329		2023-12-19T12:12:51Z	
0.2.330		2023-12-20T10:14:19Z	
0.2.333		2024-01-03T10:34:06Z	
0.2.334		2024-01-03T10:42:49Z	
0.2.335		2024-01-03T14:26:16Z	
0.2.336		2024-01-04T14:26:55Z	
0.2.337		2024-01-05T14:32:08Z	
0.2.338		2024-01-08T09:00:22Z	
0.2.339		2024-01-08T10:29:24Z	
0.2.340		2024-01-10T07:57:17Z	
0.2.341		2024-01-10T09:00:04Z	
0.2.342		2024-01-10T15:32:54Z	
0.2.343		2024-01-17T10:28:39Z	
0.2.344		2024-01-17T10:29:35Z	
0.2.346		2024-01-17T14:06:34Z	
0.2.347		2024-01-24T17:01:57Z	
0.2.348		2024-01-24T17:08:30Z	
0.2.349		2024-01-24T17:25:01Z	
0.2.350		2024-01-24T17:47:04Z	
0.2.351		2024-01-31T06:16:27Z	
0.2.352		2024-01-31T06:19:39Z	
0.2.354		2024-02-21T08:05:37Z	
0.2.97		2023-02-01T15:39:30Z	
0.2.98		2023-02-02T14:54:19Z	
0.2.99		2023-02-02T16:08:35Z	
0.3.0		2024-08-28T10:18:53Z	
0.3.0.3.1		2024-08-28T10:30:20Z	
0.3.22		2024-09-09T09:33:42Z	
0.3.24		2024-09-09T09:49:49Z	
0.3.25		2024-09-09T09:56:36Z	
0.3.26		2024-09-09T15:47:38Z	
0.3.27		2024-09-30T15:08:22Z	
0.3.29		2024-10-07T03:38:29Z	
0.3.30		2024-10-07T09:08:20Z	
0.3.31		2024-10-07T10:51:16Z	
0.3.32		2024-10-07T12:23:46Z	
0.3.33		2024-10-08T15:15:04Z	
0.3.34		2024-10-08T15:52:25Z	
0.3.35		2024-10-09T10:17:19Z	
0.3.36		2024-10-09T14:36:14Z	
0.3.37		2024-10-11T16:21:34Z	
0.3.38		2024-10-17T13:37:38Z	
0.3.39		2024-10-18T08:38:49Z	
0.3.40		2024-10-18T10:27:06Z	
0.3.41		2024-10-18T15:19:52Z	
0.3.42		2024-10-18T15:51:05Z	
0.3.43		2024-10-31T05:44:15Z	
0.3.46		2024-11-01T14:53:28Z	
0.3.47		2024-11-01T15:39:33Z	
0.3.48		2024-11-13T14:05:54Z	
0.3.50		2025-03-01T02:18:00Z	
0.3.52		2025-03-01T04:48:21Z	
0.3.53		2025-03-01T07:54:15Z	
0.3.54		2025-03-04T13:54:33Z	
0.3.55		2025-03-27T06:04:28Z	
0.3.56		2025-04-01T09:26:29Z	
0.3.57		2025-04-15T09:46:23Z	
0.3.58		2025-04-15T10:23:21Z	
0.3.59		2025-04-15T12:40:15Z	
0.3.60		2025-04-16T14:48:05Z	
