6.6.100		2020-02-26T11:57:03Z	
6.6.101		2020-02-27T05:50:48Z	
6.6.102		2020-02-27T07:12:07Z	
6.6.103		2020-02-27T09:14:01Z	
6.6.104		2020-02-28T05:58:31Z	
6.6.105		2020-02-28T08:00:15Z	
6.6.106		2020-02-28T14:39:47Z	
6.6.107		2020-02-28T15:47:10Z	
6.6.108		2020-03-02T04:54:31Z	
6.6.109		2020-03-02T06:11:13Z	
6.6.110		2020-03-02T08:46:38Z	
6.6.111		2020-03-02T13:03:24Z	
6.6.112		2020-03-03T05:31:17Z	
6.6.113		2020-03-03T06:44:07Z	
6.6.114		2020-03-03T08:02:53Z	
6.6.115		2020-03-03T10:05:30Z	
6.6.116		2020-03-03T11:15:36Z	
6.6.117		2020-03-03T12:23:48Z	
6.6.118		2020-03-03T14:31:10Z	
6.6.119		2020-03-04T07:25:34Z	
6.6.120		2020-03-04T08:37:48Z	
6.6.121		2020-03-04T10:33:49Z	
6.6.122		2020-03-04T12:19:59Z	
6.6.123		2020-03-04T14:14:15Z	
6.6.124		2020-03-04T15:36:13Z	
6.6.125		2020-03-05T10:47:29Z	
6.6.126		2020-03-06T12:52:50Z	
6.6.127		2020-03-06T14:04:43Z	
6.6.128		2020-03-09T09:09:19Z	
6.6.129		2020-03-10T05:48:01Z	
6.6.130		2020-03-10T06:55:49Z	
6.6.131		2020-03-10T08:57:54Z	
6.6.132		2020-03-10T10:12:44Z	
6.6.133		2020-03-10T13:46:21Z	
6.6.134		2020-03-10T15:29:08Z	
6.6.135		2020-03-11T10:10:22Z	
6.6.136		2020-03-11T11:33:27Z	
6.6.137		2020-03-12T06:03:54Z	
6.6.138		2020-03-12T07:44:00Z	
6.6.139		2020-03-12T10:17:50Z	
6.6.140		2020-03-12T11:50:57Z	
6.6.141		2020-03-12T13:59:15Z	
6.6.142		2020-03-13T10:39:04Z	
6.6.143		2020-03-13T19:29:04Z	
6.6.144		2020-03-14T07:52:06Z	
6.6.145		2020-03-15T04:33:26Z	
6.6.146		2020-03-16T04:50:20Z	
6.6.147		2020-03-16T06:37:51Z	
6.6.148		2020-03-16T07:46:09Z	
6.6.149		2020-03-16T08:57:33Z	
6.6.150		2020-03-16T10:00:46Z	
6.6.151		2020-03-16T13:54:37Z	
6.6.152		2020-03-16T15:54:33Z	
6.6.153		2020-03-16T18:46:42Z	
6.6.154		2020-03-17T04:32:18Z	
6.6.155		2020-03-17T09:25:50Z	
6.6.156		2020-03-17T12:57:13Z	
6.6.157		2020-03-17T17:09:09Z	
6.6.158		2020-03-17T19:03:33Z	
6.6.159		2020-03-18T07:29:08Z	
6.6.160		2020-03-19T08:03:20Z	
6.6.161		2020-03-19T20:23:15Z	
6.6.162		2020-03-20T04:03:31Z	
6.6.163		2020-03-20T08:00:30Z	
6.6.164		2020-03-25T09:08:46Z	
6.6.165		2020-03-25T10:22:15Z	
6.6.166		2020-03-27T06:45:13Z	
6.6.167		2020-03-27T14:15:47Z	
6.6.168		2020-03-28T11:13:18Z	
6.6.169		2020-03-30T04:49:45Z	
6.6.170		2020-03-31T10:24:50Z	
6.6.171		2020-03-31T14:58:14Z	
6.6.172		2020-04-01T18:08:38Z	
6.6.173		2020-04-02T10:57:26Z	
6.6.174		2020-04-02T13:06:33Z	
6.6.175		2020-04-06T06:10:57Z	
6.6.176		2020-04-08T10:16:53Z	
6.6.177		2020-04-10T07:40:21Z	
6.6.178		2020-04-10T10:55:23Z	
6.6.179		2020-04-15T11:14:07Z	
6.6.180		2020-04-17T06:48:29Z	
6.6.181		2020-04-19T17:15:39Z	
6.6.182		2020-04-20T10:50:56Z	
6.6.183		2020-04-22T11:38:29Z	
6.6.184		2020-04-23T10:30:17Z	
6.6.185		2020-04-28T05:18:01Z	
6.6.186		2020-04-28T08:10:10Z	
6.6.187		2020-04-29T05:27:10Z	
6.6.188		2020-04-29T06:41:31Z	
6.6.189		2020-04-29T09:49:27Z	
6.6.190		2020-04-30T10:34:57Z	
6.6.191		2020-04-30T13:03:41Z	
6.6.192		2020-04-30T16:13:47Z	
6.6.193		2020-05-04T04:33:08Z	
6.6.194		2020-05-04T07:24:04Z	
6.6.195		2020-05-04T09:23:52Z	
6.6.196		2020-05-04T13:20:14Z	
6.6.197		2020-05-04T15:11:59Z	
6.6.198		2020-05-04T18:51:14Z	
6.6.199		2020-05-12T12:52:49Z	
6.6.200		2020-05-12T15:40:15Z	
6.6.201		2020-05-13T04:52:36Z	
6.6.202		2020-05-13T07:20:47Z	
6.6.203		2020-05-13T10:49:54Z	
6.6.204		2020-05-13T12:51:44Z	
6.6.205		2020-05-13T17:56:51Z	
6.6.206		2020-05-14T12:25:17Z	
6.6.207		2020-05-15T05:42:31Z	
6.6.208		2020-05-15T07:38:37Z	
6.6.209		2020-05-15T09:59:14Z	
6.6.210		2020-05-15T12:51:18Z	
6.6.211		2020-05-15T18:18:06Z	
6.6.212		2020-05-18T05:05:07Z	
6.6.213		2020-05-18T07:16:41Z	
6.6.214		2020-05-18T10:28:52Z	
6.6.215		2020-05-18T12:50:58Z	
6.6.216		2020-05-19T07:54:22Z	
6.6.217		2020-05-19T09:10:02Z	
6.6.218		2020-05-19T13:34:08Z	
6.6.219		2020-05-19T14:47:43Z	
6.6.220		2020-05-20T11:40:35Z	
6.6.221		2020-05-20T17:06:11Z	
6.6.222		2020-05-21T06:59:00Z	
6.6.223		2020-05-21T09:28:23Z	
6.6.224		2020-05-21T16:18:20Z	
6.6.225		2020-05-21T17:36:43Z	
6.6.226		2020-05-22T05:02:31Z	
6.6.227		2020-05-22T11:28:59Z	
6.6.228		2020-05-22T13:38:20Z	
6.6.229		2020-05-23T05:58:13Z	
6.6.230		2020-05-25T05:07:21Z	
6.6.231		2020-05-25T07:10:38Z	
6.6.232		2020-05-25T09:39:22Z	
6.6.233		2020-05-26T05:19:17Z	
6.6.234		2020-05-26T07:34:27Z	
6.6.235		2020-05-26T09:28:55Z	
6.6.236		2020-05-26T11:23:00Z	
6.6.237		2020-05-27T08:06:05Z	
6.6.238		2020-05-27T12:02:59Z	
6.6.239		2020-05-28T05:46:10Z	
6.6.240		2020-05-28T09:54:05Z	
6.6.241		2020-05-28T11:59:14Z	
6.6.242		2020-05-28T14:59:20Z	
6.6.243		2020-05-28T17:18:39Z	
6.6.244		2020-05-29T05:38:37Z	
6.6.245		2020-05-29T09:14:42Z	
6.6.246		2020-05-29T10:36:40Z	
6.6.247		2020-05-29T11:48:56Z	
6.6.248		2020-05-29T17:10:05Z	
6.6.249		2020-05-31T10:04:55Z	
6.6.250		2020-06-02T11:15:10Z	
6.6.251		2020-06-03T05:56:11Z	
6.6.252		2020-06-03T14:16:56Z	
6.6.253		2020-06-03T18:01:49Z	
6.6.254		2020-06-04T07:09:13Z	
6.6.255		2020-06-04T09:20:14Z	
6.6.256		2020-06-04T10:35:00Z	
6.6.257		2020-06-04T14:10:10Z	
6.6.258		2020-06-04T18:10:51Z	
6.6.259		2020-06-05T01:07:48Z	
6.6.260		2020-06-06T10:43:16Z	
6.6.261		2020-06-07T15:08:31Z	
6.6.262		2020-06-08T06:58:06Z	
6.6.263		2020-06-08T09:22:42Z	
6.6.264		2020-06-08T10:31:06Z	
6.6.265		2020-06-08T13:59:12Z	
6.6.266		2020-06-08T15:17:37Z	
6.6.267		2020-06-08T17:33:13Z	
6.6.268		2020-06-09T09:48:05Z	
6.6.269		2020-06-10T12:06:14Z	
6.6.270		2020-06-10T18:35:42Z	
6.6.271		2020-06-11T01:29:53Z	
6.6.272		2020-06-11T05:12:14Z	
6.6.273		2020-06-11T07:12:19Z	
6.6.274		2020-06-11T10:15:32Z	
6.6.63		2020-02-14T04:37:58Z	
6.6.64		2020-02-14T05:50:07Z	
6.6.65		2020-02-14T08:40:03Z	
6.6.66		2020-02-14T12:52:33Z	
6.6.67		2020-02-14T17:02:12Z	
6.6.68		2020-02-17T04:59:03Z	
6.6.69		2020-02-17T09:13:22Z	
6.6.70		2020-02-18T05:50:40Z	
6.6.71		2020-02-18T07:01:38Z	
6.6.72		2020-02-18T08:38:27Z	
6.6.73		2020-02-18T10:45:20Z	
6.6.74		2020-02-20T04:52:40Z	
6.6.75		2020-02-20T06:38:50Z	
6.6.76		2020-02-20T09:01:31Z	
6.6.77		2020-02-20T10:06:11Z	
6.6.78		2020-02-21T05:19:28Z	
6.6.79		2020-02-21T07:43:54Z	
6.6.80		2020-02-21T11:43:33Z	
6.6.81		2020-02-22T07:41:00Z	
6.6.82		2020-02-23T01:48:26Z	
6.6.83		2020-02-23T17:59:32Z	
6.6.84		2020-02-24T01:02:08Z	
6.6.85		2020-02-24T04:27:41Z	
6.6.86		2020-02-24T06:12:40Z	
6.6.87		2020-02-24T08:23:39Z	
6.6.88		2020-02-24T11:50:38Z	
6.6.89		2020-02-24T13:05:56Z	
6.6.90		2020-02-24T14:36:44Z	
6.6.91		2020-02-24T17:36:58Z	
6.6.92		2020-02-25T05:15:48Z	
6.6.93		2020-02-25T11:57:42Z	
6.6.94		2020-02-25T14:50:59Z	
6.6.95		2020-02-26T02:52:13Z	
6.6.96		2020-02-26T04:49:42Z	
6.6.97		2020-02-26T06:36:02Z	
6.6.98		2020-02-26T09:37:51Z	
6.6.99		2020-02-26T10:44:51Z	
6.7.0		2020-06-11T12:29:04Z	
6.7.1		2020-06-11T15:30:43Z	
6.7.10		2020-06-16T05:25:41Z	
6.7.100		2020-07-14T07:26:08Z	
6.7.101		2020-07-14T10:07:33Z	
6.7.102		2020-07-14T12:16:32Z	
6.7.103		2020-07-14T13:31:07Z	
6.7.104		2020-07-14T20:01:18Z	
6.7.105		2020-07-15T04:58:27Z	
6.7.106		2020-07-15T08:33:39Z	
6.7.107		2020-07-15T11:38:57Z	
6.7.108		2020-07-15T14:46:21Z	
6.7.109		2020-07-15T17:46:14Z	
6.7.11		2020-06-16T07:04:54Z	
6.7.110		2020-07-16T05:13:20Z	
6.7.111		2020-07-16T07:03:35Z	
6.7.112		2020-07-16T10:12:23Z	
6.7.114		2020-07-17T19:30:14Z	
6.7.115		2020-07-18T04:57:18Z	
6.7.116		2020-07-20T07:02:18Z	
6.7.117		2020-07-20T13:54:11Z	
6.7.118		2020-07-20T15:19:28Z	
6.7.119		2020-07-21T04:52:39Z	
6.7.12		2020-06-16T10:59:43Z	
6.7.120		2020-07-21T06:10:26Z	
6.7.121		2020-07-21T08:45:38Z	
6.7.122		2020-07-21T11:32:13Z	
6.7.123		2020-07-21T12:52:09Z	
6.7.124		2020-07-21T16:12:31Z	
6.7.125		2020-07-22T04:34:10Z	
6.7.126		2020-07-22T16:44:58Z	
6.7.127		2020-07-22T18:42:21Z	
6.7.128		2020-07-22T20:34:13Z	
6.7.129		2020-07-23T04:09:43Z	
6.7.13		2020-06-16T16:52:47Z	
6.7.130		2020-07-23T09:59:54Z	
6.7.131		2020-07-23T13:34:14Z	
6.7.132		2020-07-23T15:05:11Z	
6.7.133		2020-07-24T09:22:27Z	
6.7.134		2020-07-24T12:20:13Z	
6.7.135		2020-07-24T15:53:25Z	
6.7.136		2020-07-24T18:01:11Z	
6.7.137		2020-07-25T03:58:42Z	
6.7.138		2020-07-25T06:07:07Z	
6.7.139		2020-07-26T19:14:28Z	
6.7.14		2020-06-17T08:12:31Z	
6.7.140		2020-07-27T03:55:37Z	
6.7.141		2020-07-27T07:15:20Z	
6.7.142		2020-07-27T09:53:52Z	
6.7.143		2020-07-27T11:54:32Z	
6.7.144		2020-07-27T14:09:12Z	
6.7.145		2020-07-27T18:34:59Z	
6.7.146		2020-07-28T04:28:35Z	
6.7.147		2020-07-28T05:44:08Z	
6.7.148		2020-07-28T12:06:10Z	
6.7.149		2020-07-28T13:26:59Z	
6.7.15		2020-06-17T11:32:49Z	
6.7.150		2020-07-28T15:46:18Z	
6.7.151		2020-07-28T17:49:44Z	
6.7.152		2020-07-29T08:09:13Z	
6.7.153		2020-07-29T14:57:18Z	
6.7.154		2020-07-29T16:21:07Z	
6.7.155		2020-07-29T17:45:17Z	
6.7.156		2020-07-29T21:36:52Z	
6.7.157		2020-07-30T06:48:47Z	
6.7.158		2020-07-30T09:31:44Z	
6.7.159		2020-07-30T12:10:09Z	
6.7.16		2020-06-18T11:13:31Z	
6.7.160		2020-07-30T14:49:40Z	
6.7.161		2020-07-30T17:46:54Z	
6.7.162		2020-07-30T22:42:52Z	
6.7.163		2020-07-31T03:03:32Z	
6.7.164		2020-07-31T07:47:28Z	
6.7.165		2020-07-31T09:31:34Z	
6.7.166		2020-07-31T11:47:58Z	
6.7.167		2020-07-31T14:59:30Z	
6.7.168		2020-08-03T13:24:53Z	
6.7.169		2020-08-03T15:45:45Z	
6.7.17		2020-06-18T15:44:40Z	
6.7.170		2020-08-03T18:50:47Z	
6.7.171		2020-08-04T09:41:36Z	
6.7.173		2020-08-05T00:47:59Z	
6.7.174		2020-08-05T02:25:13Z	
6.7.175		2020-08-05T07:32:02Z	
6.7.176		2020-08-05T10:54:23Z	
6.7.177		2020-08-05T13:43:50Z	
6.7.178		2020-08-05T15:00:24Z	
6.7.179		2020-08-05T20:20:39Z	
6.7.18		2020-06-18T17:14:57Z	
6.7.180		2020-08-06T12:01:22Z	
6.7.181		2020-08-06T14:37:23Z	
6.7.182		2020-08-07T11:48:18Z	
6.7.183		2020-08-07T15:32:15Z	
6.7.184		2020-08-10T12:10:53Z	
6.7.185		2020-08-10T15:03:48Z	
6.7.186		2020-08-10T17:41:20Z	
6.7.187		2020-08-10T19:42:06Z	
6.7.188		2020-08-11T07:27:50Z	
6.7.189		2020-08-12T13:40:11Z	
6.7.19		2020-06-19T05:40:32Z	
6.7.190		2020-08-12T16:20:23Z	
6.7.191		2020-08-14T10:04:02Z	
6.7.192		2020-08-14T17:53:43Z	
6.7.193		2020-08-18T06:04:45Z	
6.7.194		2020-08-18T07:20:06Z	
6.7.195		2020-08-18T09:58:22Z	
6.7.196		2020-08-18T11:51:18Z	
6.7.197		2020-08-18T13:08:08Z	
6.7.198		2020-08-19T12:47:35Z	
6.7.199		2020-08-19T18:03:40Z	
6.7.2		2020-06-12T11:12:06Z	
6.7.20		2020-06-19T08:22:26Z	
6.7.200		2020-08-20T06:06:37Z	
6.7.201		2020-08-20T07:33:07Z	
6.7.202		2020-08-20T10:06:40Z	
6.7.203		2020-08-20T11:16:16Z	
6.7.204		2020-08-20T13:14:37Z	
6.7.205		2020-08-20T14:23:36Z	
6.7.206		2020-08-20T15:45:12Z	
6.7.207		2020-08-21T05:07:34Z	
6.7.208		2020-08-21T10:51:47Z	
6.7.209		2020-08-21T13:32:48Z	
6.7.21		2020-06-20T06:22:27Z	
6.7.210			IOException: Tail request on https://maven-central.storage-download.googleapis.com/maven2/org/wso2/carbon/apimgt/org.wso2.carbon.apimgt.output.adapter.http/6.7.210/org.wso2.carbon.apimgt.output.adapter.http-6.7.210.jar returned status 404
6.7.22		2020-06-22T08:30:28Z	
6.7.23		2020-06-22T18:10:07Z	
6.7.24		2020-06-23T05:05:24Z	
6.7.25		2020-06-24T07:15:36Z	
6.7.26		2020-06-24T08:31:13Z	
6.7.27		2020-06-24T10:52:43Z	
6.7.28		2020-06-24T14:01:57Z	
6.7.29		2020-06-24T16:04:15Z	
6.7.3		2020-06-12T14:31:13Z	
6.7.30		2020-06-24T19:35:14Z	
6.7.31		2020-06-25T05:32:19Z	
6.7.32		2020-06-25T06:52:52Z	
6.7.33		2020-06-25T08:17:41Z	
6.7.34		2020-06-25T14:06:28Z	
6.7.35		2020-06-25T22:53:34Z	
6.7.36		2020-06-26T06:04:27Z	
6.7.37		2020-06-26T07:29:30Z	
6.7.38		2020-06-26T14:01:12Z	
6.7.39		2020-06-26T17:21:19Z	
6.7.4		2020-06-12T17:05:35Z	
6.7.40		2020-06-27T07:06:13Z	
6.7.41		2020-06-28T04:34:52Z	
6.7.42		2020-06-28T06:06:59Z	
6.7.43		2020-06-28T08:18:35Z	
6.7.44		2020-06-28T12:26:51Z	
6.7.45		2020-06-28T13:46:30Z	
6.7.46		2020-06-29T04:32:36Z	
6.7.47		2020-06-29T05:46:20Z	
6.7.48		2020-06-29T09:44:05Z	
6.7.49		2020-06-29T12:42:44Z	
6.7.5		2020-06-13T05:39:11Z	
6.7.50		2020-06-29T14:02:37Z	
6.7.51		2020-06-29T16:07:23Z	
6.7.52		2020-06-30T05:26:19Z	
6.7.53		2020-06-30T08:16:27Z	
6.7.54		2020-06-30T09:59:11Z	
6.7.55		2020-06-30T12:52:56Z	
6.7.56		2020-06-30T15:16:54Z	
6.7.57		2020-07-01T04:56:08Z	
6.7.58		2020-07-01T06:13:48Z	
6.7.59		2020-07-01T07:40:14Z	
6.7.6		2020-06-13T08:54:59Z	
6.7.60		2020-07-01T12:39:20Z	
6.7.61		2020-07-01T15:37:49Z	
6.7.62		2020-07-01T18:11:47Z	
6.7.63		2020-07-01T21:30:52Z	
6.7.64		2020-07-02T09:54:02Z	
6.7.65		2020-07-02T12:32:34Z	
6.7.66		2020-07-03T04:37:55Z	
6.7.67		2020-07-03T08:32:52Z	
6.7.68		2020-07-03T10:56:49Z	
6.7.69		2020-07-03T13:09:39Z	
6.7.7		2020-06-14T07:54:32Z	
6.7.70		2020-07-03T16:40:41Z	
6.7.71		2020-07-03T20:32:02Z	
6.7.72		2020-07-04T16:56:33Z	
6.7.73		2020-07-05T17:20:51Z	
6.7.74		2020-07-06T03:08:21Z	
6.7.75		2020-07-06T05:24:04Z	
6.7.76		2020-07-06T07:24:29Z	
6.7.77		2020-07-06T10:36:33Z	
6.7.78		2020-07-06T18:40:20Z	
6.7.79		2020-07-07T10:49:08Z	
6.7.8		2020-06-15T09:42:35Z	
6.7.80		2020-07-08T06:18:13Z	
6.7.81		2020-07-08T08:46:10Z	
6.7.82		2020-07-08T13:20:35Z	
6.7.83		2020-07-08T14:44:27Z	
6.7.84		2020-07-08T19:57:56Z	
6.7.85		2020-07-09T05:15:36Z	
6.7.86		2020-07-09T07:37:03Z	
6.7.87		2020-07-09T09:58:11Z	
6.7.88		2020-07-09T12:02:20Z	
6.7.89		2020-07-09T14:40:10Z	
6.7.9		2020-06-15T17:53:46Z	
6.7.90		2020-07-10T05:13:01Z	
6.7.91		2020-07-10T07:40:07Z	
6.7.92		2020-07-10T09:57:09Z	
6.7.93		2020-07-10T19:35:36Z	
6.7.94		2020-07-13T04:12:12Z	
6.7.95		2020-07-13T12:26:52Z	
6.7.96		2020-07-13T15:18:19Z	
6.7.97		2020-07-13T17:43:52Z	
6.7.98		2020-07-14T01:37:09Z	
6.7.99		2020-07-14T04:47:30Z	
6.8.0		2020-08-14T08:50:23Z	
6.8.1		2020-08-18T09:16:33Z	
6.8.10		2020-08-25T12:06:57Z	
6.8.100		2020-11-25T12:17:30Z	
6.8.101		2020-11-26T10:29:48Z	
6.8.102		2020-11-26T13:06:26Z	
6.8.103		2020-11-29T16:05:54Z	
6.8.104		2020-11-29T17:33:34Z	
6.8.105		2020-11-29T18:52:33Z	
6.8.106		2020-11-30T03:48:11Z	
6.8.107		2020-11-30T06:34:10Z	
6.8.108		2020-11-30T09:17:35Z	
6.8.109		2020-11-30T11:59:06Z	
6.8.11		2020-08-27T03:18:06Z	
6.8.110		2020-12-01T07:48:42Z	
6.8.111		2020-12-01T11:58:29Z	
6.8.112		2020-12-02T06:16:02Z	
6.8.113		2020-12-02T10:18:54Z	
6.8.114		2020-12-02T12:54:10Z	
6.8.115		2020-12-03T02:14:27Z	
6.8.116		2020-12-04T07:30:02Z	
6.8.117		2020-12-07T11:57:11Z	
6.8.118		2020-12-08T12:32:36Z	
6.8.119		2020-12-14T05:57:05Z	
6.8.12		2020-08-27T07:10:07Z	
6.8.120		2020-12-14T08:43:47Z	
6.8.121		2020-12-14T17:43:33Z	
6.8.122		2020-12-15T08:13:29Z	
6.8.123		2020-12-15T12:05:27Z	
6.8.124		2020-12-16T10:34:29Z	
6.8.125		2020-12-17T08:43:20Z	
6.8.126		2020-12-17T12:00:06Z	
6.8.127		2020-12-18T15:52:03Z	
6.8.128		2020-12-22T05:02:34Z	
6.8.129		2021-01-05T05:40:33Z	
6.8.13		2020-08-28T12:18:23Z	
6.8.130		2021-01-05T10:16:01Z	
6.8.131		2021-01-07T06:21:28Z	
6.8.132		2021-01-07T08:17:48Z	
6.8.133		2021-01-07T11:01:17Z	
6.8.134		2021-01-07T16:52:08Z	
6.8.135		2021-01-07T19:59:41Z	
6.8.136		2021-01-08T13:35:24Z	
6.8.137		2021-01-11T11:04:10Z	
6.8.138		2021-01-11T12:53:02Z	
6.8.139		2021-01-11T17:21:38Z	
6.8.14		2020-09-02T12:28:20Z	
6.8.140		2021-01-12T08:59:36Z	
6.8.141		2021-01-12T22:03:50Z	
6.8.142		2021-01-18T11:51:28Z	
6.8.143		2021-01-18T14:58:34Z	
6.8.144		2021-01-19T05:14:07Z	
6.8.145		2021-01-19T08:37:41Z	
6.8.146		2021-01-20T05:17:12Z	
6.8.147		2021-01-20T11:59:11Z	
6.8.148		2021-01-21T05:19:26Z	
6.8.149		2021-01-21T13:03:44Z	
6.8.15		2020-09-03T06:13:05Z	
6.8.150		2021-01-22T04:51:01Z	
6.8.151		2021-01-22T08:34:45Z	
6.8.152		2021-01-22T11:57:27Z	
6.8.153		2021-01-23T14:03:37Z	
6.8.154		2021-01-25T06:49:20Z	
6.8.155		2021-01-25T13:59:04Z	
6.8.156		2021-01-25T15:56:27Z	
6.8.157		2021-01-26T04:55:54Z	
6.8.158		2021-01-26T08:22:54Z	
6.8.159		2021-01-26T12:57:59Z	
6.8.16		2020-09-04T10:34:00Z	
6.8.160		2021-01-27T03:12:16Z	
6.8.161		2021-01-27T05:45:34Z	
6.8.162		2021-01-28T02:50:00Z	
6.8.163		2021-01-28T14:45:08Z	
6.8.164		2021-01-29T05:50:09Z	
6.8.165		2021-01-29T18:36:34Z	
6.8.166		2021-01-31T11:25:06Z	
6.8.167		2021-02-01T05:28:39Z	
6.8.168		2021-02-01T07:31:07Z	
6.8.169		2021-02-01T10:02:22Z	
6.8.17		2020-09-07T19:38:46Z	
6.8.170		2021-02-01T13:04:58Z	
6.8.171		2021-02-01T15:44:36Z	
6.8.172		2021-02-02T04:51:54Z	
6.8.173		2021-02-02T07:04:04Z	
6.8.174		2021-02-02T12:28:26Z	
6.8.175		2021-02-02T16:33:00Z	
6.8.176		2021-02-02T18:48:32Z	
6.8.177		2021-02-03T08:07:11Z	
6.8.178		2021-02-03T11:20:22Z	
6.8.179		2021-02-03T17:37:15Z	
6.8.18		2020-09-08T08:32:13Z	
6.8.180		2021-02-03T20:11:19Z	
6.8.181		2021-02-04T08:43:57Z	
6.8.182		2021-02-05T04:41:54Z	
6.8.183		2021-02-05T09:20:54Z	
6.8.184		2021-02-05T12:00:06Z	
6.8.186		2021-02-07T04:22:25Z	
6.8.187		2021-02-07T06:47:22Z	
6.8.188		2021-02-08T05:07:39Z	
6.8.189		2021-02-08T10:39:49Z	
6.8.19		2020-09-09T06:17:52Z	
6.8.190		2021-02-08T11:59:06Z	
6.8.191		2021-02-09T03:05:32Z	
6.8.192		2021-02-09T07:57:05Z	
6.8.193		2021-02-09T15:29:31Z	
6.8.194		2021-02-10T12:08:52Z	
6.8.195		2021-02-10T13:52:01Z	
6.8.196		2021-02-10T17:08:52Z	
6.8.197		2021-02-11T03:53:32Z	
6.8.198		2021-02-11T06:42:26Z	
6.8.199		2021-02-11T11:22:12Z	
6.8.2		2020-08-18T17:32:28Z	
6.8.20		2020-09-15T08:40:37Z	
6.8.200		2021-02-11T13:58:31Z	
6.8.201		2021-02-11T16:45:29Z	
6.8.202		2021-02-11T19:34:56Z	
6.8.203		2021-02-12T03:30:19Z	
6.8.204		2021-02-12T05:42:07Z	
6.8.205		2021-02-12T15:54:56Z	
6.8.206		2021-02-12T17:47:13Z	
6.8.207		2021-02-12T22:52:43Z	
6.8.208		2021-02-13T06:32:07Z	
6.8.209		2021-02-13T14:19:37Z	
6.8.21		2020-09-15T11:35:55Z	
6.8.210		2021-02-14T17:48:53Z	
6.8.211		2021-02-14T21:49:30Z	
6.8.212		2021-02-15T04:32:09Z	
6.8.213		2021-02-15T07:14:36Z	
6.8.214		2021-02-15T09:57:46Z	
6.8.215		2021-02-15T13:50:05Z	
6.8.216		2021-02-15T17:03:45Z	
6.8.217		2021-02-16T04:54:29Z	
6.8.218		2021-02-16T07:25:05Z	
6.8.219		2021-02-16T10:39:58Z	
6.8.22		2020-09-16T07:07:32Z	
6.8.220		2021-02-16T12:07:56Z	
6.8.221		2021-02-17T07:09:46Z	
6.8.222		2021-02-17T13:37:10Z	
6.8.223		2021-02-17T19:40:12Z	
6.8.224		2021-02-18T08:22:01Z	
6.8.225		2021-02-18T13:35:28Z	
6.8.226		2021-02-18T16:55:11Z	
6.8.227		2021-02-18T21:02:43Z	
6.8.228		2021-02-19T06:45:40Z	
6.8.229		2021-02-19T09:32:47Z	
6.8.23		2020-09-16T12:18:47Z	
6.8.230		2021-02-19T11:04:28Z	
6.8.231		2021-02-19T13:42:10Z	
6.8.232		2021-02-19T18:13:02Z	
6.8.233		2021-02-20T02:42:15Z	
6.8.234		2021-02-20T05:16:18Z	
6.8.235		2021-02-21T20:28:02Z	
6.8.236		2021-02-21T21:58:17Z	
6.8.237		2021-02-22T04:38:46Z	
6.8.238		2021-02-22T08:44:45Z	
6.8.239		2021-02-22T10:49:10Z	
6.8.24		2020-09-17T07:33:42Z	
6.8.240		2021-02-22T18:02:31Z	
6.8.241		2021-02-22T21:41:56Z	
6.8.242		2021-02-23T04:23:07Z	
6.8.243		2021-02-23T07:04:43Z	
6.8.244		2021-02-23T10:10:15Z	
6.8.245		2021-02-23T13:39:33Z	
6.8.246		2021-02-23T18:06:43Z	
6.8.247		2021-02-23T22:17:33Z	
6.8.25		2020-09-17T13:41:18Z	
6.8.26		2020-09-18T06:46:40Z	
6.8.27		2020-09-22T07:55:11Z	
6.8.28		2020-09-22T12:15:06Z	
6.8.29		2020-09-24T05:35:16Z	
6.8.3		2020-08-19T05:49:07Z	
6.8.30		2020-09-24T07:02:24Z	
6.8.31		2020-09-24T09:02:01Z	
6.8.32		2020-09-25T04:44:45Z	
6.8.33		2020-09-25T12:21:09Z	
6.8.34		2020-09-29T05:07:56Z	
6.8.35		2020-09-29T09:41:15Z	
6.8.36		2020-09-30T09:10:12Z	
6.8.37		2020-09-30T13:19:15Z	
6.8.38		2020-09-30T16:14:39Z	
6.8.39		2020-10-02T06:28:19Z	
6.8.4		2020-08-19T13:02:03Z	
6.8.40		2020-10-02T11:37:21Z	
6.8.41		2020-10-05T04:49:26Z	
6.8.42		2020-10-05T12:36:26Z	
6.8.43		2020-10-06T08:35:21Z	
6.8.44		2020-10-07T07:00:48Z	
6.8.45		2020-10-07T09:41:26Z	
6.8.46		2020-10-08T04:10:07Z	
6.8.47		2020-10-08T05:22:58Z	
6.8.48		2020-10-08T08:02:38Z	
6.8.49		2020-10-08T11:08:55Z	
6.8.5		2020-08-19T18:03:45Z	
6.8.50		2020-10-09T10:16:48Z	
6.8.51		2020-10-12T06:48:11Z	
6.8.52		2020-10-13T07:13:06Z	
6.8.53		2020-10-13T10:47:24Z	
6.8.54		2020-10-15T07:31:56Z	
6.8.55		2020-10-16T11:21:46Z	
6.8.56		2020-10-18T21:17:24Z	
6.8.57		2020-10-20T13:42:54Z	
6.8.58		2020-10-21T12:31:47Z	
6.8.59		2020-10-22T05:44:18Z	
6.8.6		2020-08-20T05:00:28Z	
6.8.60		2020-10-22T07:55:32Z	
6.8.61		2020-10-22T11:35:00Z	
6.8.62		2020-10-23T09:03:23Z	
6.8.63		2020-10-23T14:53:16Z	
6.8.64		2020-10-27T04:56:00Z	
6.8.65		2020-10-28T10:47:33Z	
6.8.66		2020-10-28T12:37:34Z	
6.8.67		2020-10-29T06:27:20Z	
6.8.68		2020-10-29T16:07:35Z	
6.8.69		2020-11-01T09:05:14Z	
6.8.7		2020-08-24T14:09:44Z	
6.8.70		2020-11-02T03:51:38Z	
6.8.71		2020-11-02T07:01:46Z	
6.8.72		2020-11-02T11:06:44Z	
6.8.73		2020-11-03T03:06:33Z	
6.8.74		2020-11-03T04:53:45Z	
6.8.75		2020-11-03T08:43:54Z	
6.8.76		2020-11-05T06:03:56Z	
6.8.77		2020-11-06T05:40:06Z	
6.8.78		2020-11-06T16:13:59Z	
6.8.79		2020-11-09T04:34:07Z	
6.8.8		2020-08-24T16:51:14Z	
6.8.80		2020-11-09T14:23:17Z	
6.8.81		2020-11-11T07:11:11Z	
6.8.82		2020-11-12T06:00:24Z	
6.8.83		2020-11-12T14:58:23Z	
6.8.84		2020-11-13T05:43:55Z	
6.8.85		2020-11-13T11:19:38Z	
6.8.86		2020-11-13T13:32:14Z	
6.8.87		2020-11-16T15:14:58Z	
6.8.88		2020-11-17T06:19:03Z	
6.8.89		2020-11-17T10:39:21Z	
6.8.9		2020-08-25T08:47:40Z	
6.8.90		2020-11-17T13:21:42Z	
6.8.91		2020-11-18T06:35:52Z	
6.8.92		2020-11-18T08:20:38Z	
6.8.93		2020-11-18T14:15:15Z	
6.8.94		2020-11-19T08:53:44Z	
6.8.95		2020-11-19T10:25:08Z	
6.8.96		2020-11-19T13:39:55Z	
6.8.97		2020-11-20T15:21:16Z	
6.8.98		2020-11-22T03:42:28Z	
6.8.99		2020-11-22T05:07:03Z	
8.0.0		2021-02-08T12:20:50Z	
8.0.1		2021-02-09T11:24:01Z	
8.0.2		2021-02-11T04:40:35Z	
8.0.3		2021-02-15T10:31:59Z	
8.1.0		2021-02-23T05:42:39Z	
8.1.1		2021-02-25T10:12:35Z	
8.2.0		2021-03-01T20:41:27Z	
8.2.1		2021-03-07T04:34:55Z	
8.2.10		2021-04-06T01:52:42Z	
8.2.11		2021-04-06T19:34:42Z	
8.2.12		2021-04-07T11:59:47Z	
8.2.13		2021-04-11T11:27:10Z	
8.2.14		2021-04-22T04:45:21Z	
8.2.15		2021-04-27T03:46:39Z	
8.2.16		2021-04-27T17:07:05Z	
8.2.17		2021-04-29T08:48:24Z	
8.2.18		2021-05-13T04:30:00Z	
8.2.19		2021-05-13T11:57:46Z	
8.2.2		2021-03-08T16:26:37Z	
8.2.20		2021-05-14T10:34:24Z	
8.2.21		2021-05-15T08:47:08Z	
8.2.22		2021-05-19T05:53:52Z	
8.2.23		2021-05-25T05:33:34Z	
8.2.24		2021-05-31T07:13:30Z	
8.2.25		2021-06-02T12:05:30Z	
8.2.26		2021-06-07T06:04:00Z	
8.2.27		2021-06-09T14:28:37Z	
8.2.28		2021-06-11T07:55:14Z	
8.2.29		2021-06-14T11:50:10Z	
8.2.3		2021-03-10T15:11:31Z	
8.2.30		2021-06-17T04:37:10Z	
8.2.31		2021-06-18T12:48:02Z	
8.2.32		2021-06-22T16:00:28Z	
8.2.33		2021-06-29T05:32:50Z	
8.2.34		2021-07-02T12:06:24Z	
8.2.35		2021-07-05T07:37:12Z	
8.2.36		2021-07-05T09:24:59Z	
8.2.4		2021-03-15T04:23:39Z	
8.2.5		2021-03-15T06:10:12Z	
8.2.6		2021-03-16T19:10:03Z	
8.2.7		2021-03-23T02:00:10Z	
8.2.8		2021-03-24T12:08:04Z	
8.2.9		2021-04-01T05:41:14Z	
9.0.0		2021-02-24T02:05:44Z	
9.0.1		2021-02-24T05:16:42Z	
9.0.10		2021-03-01T12:33:21Z	
9.0.100		2021-04-01T07:13:28Z	
9.0.101		2021-04-01T15:21:58Z	
9.0.102		2021-04-01T17:48:31Z	
9.0.103		2021-04-01T19:46:27Z	
9.0.104		2021-04-01T21:36:53Z	
9.0.105		2021-04-02T02:51:17Z	
9.0.106		2021-04-02T06:09:51Z	
9.0.107		2021-04-02T11:27:48Z	
9.0.108		2021-04-02T13:26:14Z	
9.0.109		2021-04-02T16:31:34Z	
9.0.11		2021-03-01T15:57:00Z	
9.0.110		2021-04-02T21:13:44Z	
9.0.111		2021-04-03T07:54:48Z	
9.0.112		2021-04-03T09:34:39Z	
9.0.113		2021-04-03T14:51:35Z	
9.0.114		2021-04-03T19:11:25Z	
9.0.115		2021-04-05T03:31:46Z	
9.0.116		2021-04-05T16:40:17Z	
9.0.117		2021-04-06T01:59:46Z	
9.0.118		2021-04-06T03:44:21Z	
9.0.119		2021-04-06T08:18:26Z	
9.0.12		2021-03-01T22:54:16Z	
9.0.120		2021-04-06T14:44:24Z	
9.0.121		2021-04-07T04:34:29Z	
9.0.122		2021-04-07T05:51:48Z	
9.0.123		2021-04-07T07:11:15Z	
9.0.124		2021-04-07T08:32:56Z	
9.0.125		2021-04-07T11:21:33Z	
9.0.126		2021-04-07T13:44:14Z	
9.0.127		2021-04-08T05:09:10Z	
9.0.128		2021-04-08T06:30:31Z	
9.0.129		2021-04-08T10:39:49Z	
9.0.13		2021-03-02T12:06:47Z	
9.0.130		2021-04-08T12:39:23Z	
9.0.131		2021-04-08T14:00:21Z	
9.0.132		2021-04-08T17:09:09Z	
9.0.133		2021-04-09T05:25:10Z	
9.0.134		2021-04-09T08:26:32Z	
9.0.135		2021-04-09T09:47:04Z	
9.0.136		2021-04-09T11:36:38Z	
9.0.137		2021-04-09T12:41:56Z	
9.0.138		2021-04-09T14:57:59Z	
9.0.139		2021-04-09T16:12:12Z	
9.0.14		2021-03-02T14:39:40Z	
9.0.140		2021-04-09T19:34:34Z	
9.0.141		2021-04-10T06:32:07Z	
9.0.142		2021-04-10T07:48:23Z	
9.0.143		2021-04-10T13:45:21Z	
9.0.144		2021-04-10T19:25:07Z	
9.0.145		2021-04-11T01:21:31Z	
9.0.146		2021-04-11T02:39:30Z	
9.0.147		2021-04-11T04:43:51Z	
9.0.148		2021-04-11T07:02:26Z	
9.0.149		2021-04-11T08:30:03Z	
9.0.15		2021-03-02T17:07:58Z	
9.0.150		2021-04-11T11:00:30Z	
9.0.151		2021-04-11T12:16:08Z	
9.0.152		2021-04-11T14:33:29Z	
9.0.153		2021-04-11T21:25:14Z	
9.0.154		2021-04-12T05:37:32Z	
9.0.155		2021-04-12T08:03:17Z	
9.0.156		2021-04-12T10:50:02Z	
9.0.157		2021-04-14T11:13:50Z	
9.0.158		2021-04-15T01:28:42Z	
9.0.159		2021-04-15T04:06:21Z	
9.0.16		2021-03-02T19:44:59Z	
9.0.160		2021-04-15T06:10:20Z	
9.0.161		2021-04-15T07:23:29Z	
9.0.162		2021-04-15T08:41:40Z	
9.0.163		2021-04-15T10:59:48Z	
9.0.164		2021-04-15T12:53:07Z	
9.0.165		2021-04-15T15:14:06Z	
9.0.166		2021-04-15T18:59:38Z	
9.0.167		2021-04-15T21:17:55Z	
9.0.168		2021-04-16T09:44:08Z	
9.0.169		2021-04-16T18:37:04Z	
9.0.17		2021-03-03T05:06:40Z	
9.0.170		2021-04-17T06:28:19Z	
9.0.171		2021-04-19T13:49:22Z	
9.0.172		2021-04-19T16:02:42Z	
9.0.173		2021-04-19T19:27:34Z	
9.0.174		2021-04-19T23:30:17Z	
9.0.175		2021-04-20T13:24:07Z	
9.0.176		2021-04-20T17:44:23Z	
9.0.177		2021-04-21T13:23:01Z	
9.0.178		2021-04-21T19:00:48Z	
9.0.179		2021-04-27T10:37:26Z	
9.0.18		2021-03-03T07:45:47Z	
9.0.180		2021-04-27T11:57:36Z	
9.0.181		2021-04-28T17:50:57Z	
9.0.182		2021-05-04T19:11:35Z	
9.0.183		2021-05-05T04:38:36Z	
9.0.184		2021-05-05T07:23:41Z	
9.0.185		2021-05-05T08:44:30Z	
9.0.186		2021-05-06T11:48:39Z	
9.0.187		2021-05-06T18:43:53Z	
9.0.188		2021-05-07T13:14:09Z	
9.0.189		2021-05-10T06:57:13Z	
9.0.19		2021-03-03T10:40:58Z	
9.0.190		2021-05-10T10:03:13Z	
9.0.191		2021-05-10T12:38:35Z	
9.0.192		2021-05-11T06:22:37Z	
9.0.193		2021-05-11T08:21:38Z	
9.0.194		2021-05-12T04:56:12Z	
9.0.195		2021-05-12T11:25:40Z	
9.0.196		2021-05-24T05:54:54Z	
9.0.197		2021-05-25T14:00:05Z	
9.0.198		2021-05-31T07:13:10Z	
9.0.199		2021-06-01T15:44:00Z	
9.0.2		2021-02-24T10:25:01Z	
9.0.20		2021-03-03T16:20:52Z	
9.0.200		2021-06-01T17:49:59Z	
9.0.201		2021-06-02T04:31:45Z	
9.0.202		2021-06-02T12:08:26Z	
9.0.203		2021-06-03T02:40:43Z	
9.0.204		2021-06-04T11:36:01Z	
9.0.205		2021-06-07T06:12:56Z	
9.0.206		2021-06-08T04:58:51Z	
9.0.207		2021-06-08T06:56:19Z	
9.0.208		2021-06-10T08:42:40Z	
9.0.209		2021-06-10T10:48:24Z	
9.0.21		2021-03-04T04:06:33Z	
9.0.210		2021-06-11T07:47:17Z	
9.0.211		2021-06-14T03:26:11Z	
9.0.212		2021-06-14T05:35:16Z	
9.0.213		2021-06-16T05:16:59Z	
9.0.214		2021-06-16T09:29:54Z	
9.0.215		2021-06-16T10:37:20Z	
9.0.216		2021-06-17T10:38:40Z	
9.0.217		2021-06-17T12:25:48Z	
9.0.218		2021-06-17T17:00:39Z	
9.0.219		2021-06-18T05:09:42Z	
9.0.22		2021-03-04T05:41:15Z	
9.0.220		2021-06-21T08:14:33Z	
9.0.221		2021-06-21T11:00:01Z	
9.0.222		2021-06-22T08:52:10Z	
9.0.223		2021-06-23T11:04:58Z	
9.0.224		2021-06-28T07:36:26Z	
9.0.225		2021-06-28T18:38:56Z	
9.0.226		2021-06-30T06:08:12Z	
9.0.227		2021-06-30T07:21:46Z	
9.0.228		2021-06-30T13:02:12Z	
9.0.229		2021-06-30T14:11:06Z	
9.0.23		2021-03-04T09:19:40Z	
9.0.230		2021-07-01T08:06:25Z	
9.0.231		2021-07-01T20:05:49Z	
9.0.232		2021-07-02T07:07:09Z	
9.0.233		2021-07-02T08:32:54Z	
9.0.234		2021-07-02T12:00:10Z	
9.0.235		2021-07-02T14:31:29Z	
9.0.236		2021-07-02T16:43:19Z	
9.0.237		2021-07-06T06:45:56Z	
9.0.238		2021-07-06T15:08:10Z	
9.0.239		2021-07-07T03:57:17Z	
9.0.24		2021-03-04T11:49:05Z	
9.0.240		2021-07-07T12:01:06Z	
9.0.241		2021-07-07T13:51:22Z	
9.0.242		2021-07-08T05:05:25Z	
9.0.243		2021-07-09T06:58:05Z	
9.0.244		2021-07-09T09:59:46Z	
9.0.245		2021-07-11T09:38:42Z	
9.0.246		2021-07-12T04:01:44Z	
9.0.247		2021-07-12T07:45:33Z	
9.0.248		2021-07-13T03:06:57Z	
9.0.249		2021-07-13T05:16:40Z	
9.0.25		2021-03-04T14:31:12Z	
9.0.250		2021-07-13T09:08:19Z	
9.0.251		2021-07-13T10:34:02Z	
9.0.252		2021-07-14T05:43:15Z	
9.0.253		2021-07-14T12:12:13Z	
9.0.254		2021-07-14T14:16:34Z	
9.0.255		2021-07-15T10:56:47Z	
9.0.256		2021-07-17T12:46:58Z	
9.0.257		2021-07-19T08:22:28Z	
9.0.258		2021-07-19T11:04:47Z	
9.0.259		2021-07-19T17:15:17Z	
9.0.26		2021-03-05T03:04:17Z	
9.0.260		2021-07-20T12:16:46Z	
9.0.261		2021-07-20T15:04:30Z	
9.0.262		2021-07-21T03:52:03Z	
9.0.263		2021-07-21T13:40:17Z	
9.0.264		2021-07-22T05:53:26Z	
9.0.265		2021-07-26T05:32:22Z	
9.0.266		2021-07-26T08:18:31Z	
9.0.267		2021-07-26T11:30:11Z	
9.0.268		2021-07-28T11:55:51Z	
9.0.269		2021-07-29T06:44:24Z	
9.0.27		2021-03-05T04:47:21Z	
9.0.270		2021-07-29T11:31:32Z	
9.0.271		2021-08-02T05:31:29Z	
9.0.272		2021-08-02T06:56:43Z	
9.0.273		2021-08-02T12:11:00Z	
9.0.274		2021-08-04T03:19:41Z	
9.0.275		2021-08-04T07:33:18Z	
9.0.276		2021-08-05T04:47:49Z	
9.0.277		2021-08-05T08:02:38Z	
9.0.278		2021-08-06T07:22:00Z	
9.0.279		2021-08-06T11:00:04Z	
9.0.28		2021-03-05T06:16:06Z	
9.0.280		2021-08-06T14:49:49Z	
9.0.281		2021-08-09T11:13:17Z	
9.0.282		2021-08-09T12:13:03Z	
9.0.283		2021-08-10T09:35:04Z	
9.0.284		2021-08-11T07:14:19Z	
9.0.285		2021-08-11T09:45:28Z	
9.0.286		2021-08-11T11:40:05Z	
9.0.287		2021-08-12T06:28:58Z	
9.0.288		2021-08-13T08:06:59Z	
9.0.289		2021-08-13T10:23:57Z	
9.0.29		2021-03-05T10:06:47Z	
9.0.290		2021-08-17T08:19:03Z	
9.0.291		2021-08-17T13:32:08Z	
9.0.292		2021-08-18T15:58:35Z	
9.0.293		2021-08-19T06:10:19Z	
9.0.294		2021-08-19T11:06:32Z	
9.0.295		2021-08-20T11:58:20Z	
9.0.296		2021-08-21T17:50:51Z	
9.0.297		2021-08-23T06:05:09Z	
9.0.298		2021-08-23T12:49:37Z	
9.0.299		2021-08-25T05:39:44Z	
9.0.3		2021-02-24T16:54:20Z	
9.0.30		2021-03-05T12:20:50Z	
9.0.300		2021-08-25T07:55:49Z	
9.0.301		2021-08-25T14:28:00Z	
9.0.302		2021-08-26T06:17:33Z	
9.0.303		2021-08-26T09:20:06Z	
9.0.304		2021-08-26T14:55:45Z	
9.0.305		2021-08-27T04:28:06Z	
9.0.306		2021-08-27T09:40:05Z	
9.0.307		2021-08-30T11:49:38Z	
9.0.308		2021-08-31T03:57:03Z	
9.0.309		2021-08-31T06:26:00Z	
9.0.31		2021-03-06T11:12:07Z	
9.0.310		2021-08-31T07:53:28Z	
9.0.311		2021-08-31T11:03:01Z	
9.0.312		2021-08-31T15:02:36Z	
9.0.313		2021-09-01T10:14:39Z	
9.0.314		2021-09-01T14:51:28Z	
9.0.315		2021-09-01T16:52:10Z	
9.0.316		2021-09-02T03:45:43Z	
9.0.317		2021-09-02T15:47:09Z	
9.0.318		2021-09-03T10:01:26Z	
9.0.319		2021-09-03T13:35:13Z	
9.0.32		2021-03-08T06:13:27Z	
9.0.320		2021-09-03T18:09:50Z	
9.0.321		2021-09-06T04:52:26Z	
9.0.322		2021-09-06T15:55:32Z	
9.0.323		2021-09-07T06:49:15Z	
9.0.324		2021-09-07T09:18:15Z	
9.0.325		2021-09-08T05:45:05Z	
9.0.326		2021-09-09T06:05:32Z	
9.0.327		2021-09-09T16:21:47Z	
9.0.328		2021-09-09T19:05:53Z	
9.0.329		2021-09-10T04:37:28Z	
9.0.33		2021-03-08T07:33:36Z	
9.0.330		2021-09-13T16:22:55Z	
9.0.331		2021-09-14T08:02:53Z	
9.0.332		2021-09-14T10:53:03Z	
9.0.333		2021-09-14T18:03:00Z	
9.0.334		2021-09-16T20:11:18Z	
9.0.335		2021-09-17T18:32:21Z	
9.0.336		2021-09-19T16:50:42Z	
9.0.337		2021-09-20T18:34:32Z	
9.0.338		2021-09-21T07:36:39Z	
9.0.339		2021-09-22T06:51:00Z	
9.0.34		2021-03-08T14:18:32Z	
9.0.340		2021-09-22T11:37:09Z	
9.0.341		2021-09-23T07:14:13Z	
9.0.342		2021-09-24T08:17:25Z	
9.0.343		2021-09-26T21:15:35Z	
9.0.344		2021-09-27T05:11:20Z	
9.0.345		2021-09-27T07:35:20Z	
9.0.346		2021-09-27T13:17:30Z	
9.0.347		2021-09-28T11:07:57Z	
9.0.348		2021-09-29T06:17:40Z	
9.0.349		2021-09-29T11:34:19Z	
9.0.35		2021-03-09T08:07:57Z	
9.0.350		2021-09-29T14:08:47Z	
9.0.351		2021-09-30T10:52:57Z	
9.0.352		2021-10-01T04:50:04Z	
9.0.353		2021-10-01T05:54:30Z	
9.0.354		2021-10-01T08:35:34Z	
9.0.355		2021-10-03T05:01:45Z	
9.0.356		2021-10-04T07:40:25Z	
9.0.357		2021-10-04T10:09:53Z	
9.0.358		2021-10-04T11:55:14Z	
9.0.359		2021-10-04T13:14:46Z	
9.0.36		2021-03-09T16:24:12Z	
9.0.360		2021-10-06T03:11:11Z	
9.0.361		2021-10-06T07:28:16Z	
9.0.362		2021-10-06T11:16:29Z	
9.0.363		2021-10-07T10:35:29Z	
9.0.364		2021-10-08T09:49:49Z	
9.0.365		2021-10-08T14:53:55Z	
9.0.366		2021-10-10T12:41:09Z	
9.0.367		2021-10-10T18:09:40Z	
9.0.368		2021-10-12T12:36:01Z	
9.0.369		2021-10-13T08:14:04Z	
9.0.369.1		2022-07-08T18:05:51Z	
9.0.369.10			IOException: Tail request on https://maven-central.storage-download.googleapis.com/maven2/org/wso2/carbon/apimgt/org.wso2.carbon.apimgt.output.adapter.http/9.0.369.10/org.wso2.carbon.apimgt.output.adapter.http-9.0.369.10.jar returned status 404
9.0.369.11			IOException: Tail request on https://maven-central.storage-download.googleapis.com/maven2/org/wso2/carbon/apimgt/org.wso2.carbon.apimgt.output.adapter.http/9.0.369.11/org.wso2.carbon.apimgt.output.adapter.http-9.0.369.11.jar returned status 404
9.0.369.12		2024-05-02T07:54:57Z	
9.0.369.2			IOException: Tail request on https://maven-central.storage-download.googleapis.com/maven2/org/wso2/carbon/apimgt/org.wso2.carbon.apimgt.output.adapter.http/9.0.369.2/org.wso2.carbon.apimgt.output.adapter.http-9.0.369.2.jar returned status 404
9.0.369.3			IOException: Tail request on https://maven-central.storage-download.googleapis.com/maven2/org/wso2/carbon/apimgt/org.wso2.carbon.apimgt.output.adapter.http/9.0.369.3/org.wso2.carbon.apimgt.output.adapter.http-9.0.369.3.jar returned status 404
9.0.369.4		2023-01-27T08:19:27Z	
9.0.369.5		2023-01-27T09:36:24Z	
9.0.369.6		2023-03-30T08:36:59Z	
9.0.369.7			IOException: Tail request on https://maven-central.storage-download.googleapis.com/maven2/org/wso2/carbon/apimgt/org.wso2.carbon.apimgt.output.adapter.http/9.0.369.7/org.wso2.carbon.apimgt.output.adapter.http-9.0.369.7.jar returned status 404
9.0.369.8			IOException: Tail request on https://maven-central.storage-download.googleapis.com/maven2/org/wso2/carbon/apimgt/org.wso2.carbon.apimgt.output.adapter.http/9.0.369.8/org.wso2.carbon.apimgt.output.adapter.http-9.0.369.8.jar returned status 404
9.0.369.9			IOException: Tail request on https://maven-central.storage-download.googleapis.com/maven2/org/wso2/carbon/apimgt/org.wso2.carbon.apimgt.output.adapter.http/9.0.369.9/org.wso2.carbon.apimgt.output.adapter.http-9.0.369.9.jar returned status 404
9.0.37		2021-03-09T21:57:26Z	
9.0.370		2021-10-14T09:10:23Z	
9.0.371		2021-10-17T18:23:20Z	
9.0.372		2021-10-18T11:50:50Z	
9.0.373		2021-10-21T06:39:59Z	
9.0.374		2021-10-21T08:30:08Z	
9.0.375		2021-10-21T10:22:33Z	
9.0.376		2021-10-21T14:19:17Z	
9.0.377		2021-10-22T11:08:17Z	
9.0.378		2021-10-25T06:39:45Z	
9.0.379		2021-10-25T13:15:50Z	
9.0.38		2021-03-10T04:12:23Z	
9.0.380		2021-10-26T07:46:42Z	
9.0.381		2021-10-26T11:05:16Z	
9.0.382		2021-10-28T10:28:47Z	
9.0.383		2021-10-29T08:35:10Z	
9.0.384		2021-10-29T15:22:38Z	
9.0.385		2021-11-02T07:40:49Z	
9.0.386		2021-11-02T11:18:03Z	
9.0.387		2021-11-02T17:27:34Z	
9.0.388		2021-11-03T12:03:21Z	
9.0.389		2021-11-04T06:16:34Z	
9.0.39		2021-03-10T11:35:53Z	
9.0.390		2021-11-04T18:58:38Z	
9.0.391		2021-11-05T03:40:14Z	
9.0.392		2021-11-09T12:53:15Z	
9.0.393		2021-11-10T14:53:50Z	
9.0.394		2021-11-11T08:33:08Z	
9.0.4		2021-02-24T19:27:18Z	
9.0.40		2021-03-10T16:09:58Z	
9.0.41		2021-03-10T17:34:06Z	
9.0.42		2021-03-11T04:42:54Z	
9.0.43		2021-03-11T06:20:23Z	
9.0.44		2021-03-11T10:34:42Z	
9.0.45		2021-03-11T11:55:07Z	
9.0.46		2021-03-11T14:00:33Z	
9.0.47		2021-03-11T15:41:07Z	
9.0.48		2021-03-12T04:20:13Z	
9.0.49		2021-03-12T10:08:49Z	
9.0.5		2021-02-25T08:56:44Z	
9.0.50		2021-03-12T13:35:20Z	
9.0.51		2021-03-15T05:18:52Z	
9.0.52		2021-03-15T08:22:49Z	
9.0.53		2021-03-15T10:44:50Z	
9.0.54		2021-03-15T16:13:29Z	
9.0.55		2021-03-15T18:33:19Z	
9.0.56		2021-03-16T02:43:48Z	
9.0.57		2021-03-16T06:08:08Z	
9.0.58		2021-03-16T09:50:25Z	
9.0.59		2021-03-16T12:20:02Z	
9.0.6		2021-02-25T17:50:18Z	
9.0.60		2021-03-16T14:05:19Z	
9.0.61		2021-03-16T15:50:48Z	
9.0.62		2021-03-16T17:57:48Z	
9.0.63		2021-03-17T04:02:33Z	
9.0.64		2021-03-17T07:12:39Z	
9.0.65		2021-03-17T11:50:02Z	
9.0.66		2021-03-17T17:44:22Z	
9.0.67		2021-03-18T05:23:34Z	
9.0.68		2021-03-18T08:46:02Z	
9.0.69		2021-03-18T17:09:51Z	
9.0.7		2021-02-26T10:21:14Z	
9.0.70		2021-03-18T19:40:08Z	
9.0.71		2021-03-19T08:58:19Z	
9.0.72		2021-03-19T10:15:50Z	
9.0.73		2021-03-21T13:22:46Z	
9.0.74		2021-03-22T11:36:02Z	
9.0.75		2021-03-22T17:36:28Z	
9.0.76		2021-03-22T20:58:39Z	
9.0.77		2021-03-24T05:58:29Z	
9.0.78		2021-03-24T15:54:50Z	
9.0.79		2021-03-25T16:29:57Z	
9.0.8		2021-03-01T08:57:21Z	
9.0.80		2021-03-25T21:04:05Z	
9.0.81		2021-03-26T02:31:56Z	
9.0.82		2021-03-26T05:44:27Z	
9.0.83		2021-03-26T08:01:54Z	
9.0.84		2021-03-26T12:04:23Z	
9.0.85		2021-03-27T11:44:02Z	
9.0.86		2021-03-28T16:25:05Z	
9.0.87		2021-03-29T03:03:11Z	
9.0.88		2021-03-29T05:59:59Z	
9.0.89		2021-03-29T21:28:47Z	
9.0.9		2021-03-01T10:13:15Z	
9.0.90		2021-03-30T01:28:39Z	
9.0.91		2021-03-30T04:40:10Z	
9.0.92		2021-03-30T09:12:18Z	
9.0.93		2021-03-30T11:14:42Z	
9.0.94		2021-03-30T16:08:23Z	
9.0.95		2021-03-31T04:37:05Z	
9.0.96		2021-03-31T08:31:01Z	
9.0.97		2021-03-31T12:36:37Z	
9.0.98		2021-03-31T16:53:52Z	
9.0.99		2021-04-01T04:53:47Z	
9.1.0		2021-11-12T11:22:27Z	
9.1.1		2021-11-13T05:20:04Z	
9.1.2		2021-11-15T05:37:24Z	
9.10.0		2021-12-20T06:46:55Z	
9.10.1		2021-12-20T11:15:38Z	
9.10.3		2022-01-06T06:06:36Z	
9.10.4		2022-01-06T17:07:40Z	
9.11.0		2022-01-10T12:25:21Z	
9.12.0		2022-01-11T11:34:39Z	
9.12.1		2022-01-12T08:02:25Z	
9.12.2		2022-01-13T06:07:56Z	
9.12.3		2022-01-26T07:33:34Z	
9.12.4		2022-01-31T05:23:29Z	
9.12.5		2022-02-01T09:43:31Z	
9.13.0		2022-02-02T05:10:07Z	
9.14.0		2022-02-02T08:54:24Z	
9.14.1		2022-02-02T11:18:46Z	
9.14.2		2022-02-02T12:18:38Z	
9.14.3		2022-02-03T09:49:25Z	
9.14.4		2022-02-04T05:13:13Z	
9.14.5		2022-02-08T08:05:11Z	
9.14.6		2022-02-08T09:06:13Z	
9.14.7		2022-02-08T10:06:54Z	
9.14.8		2022-02-08T11:50:40Z	
9.14.9		2022-02-08T18:46:16Z	
9.15.0		2022-02-08T19:56:17Z	
9.15.1		2022-02-08T20:59:33Z	
9.15.2		2022-02-09T07:24:20Z	
9.15.3		2022-02-09T11:31:03Z	
9.15.4		2022-02-09T13:19:14Z	
9.15.5		2022-02-10T04:39:53Z	
9.16.0		2022-02-10T09:43:30Z	
9.16.1		2022-02-10T12:10:38Z	
9.16.2		2022-02-10T13:06:14Z	
9.16.3		2022-02-10T15:10:31Z	
9.16.4		2022-02-10T20:17:44Z	
9.16.5		2022-02-11T09:19:46Z	
9.17.0		2022-02-13T05:39:00Z	
9.17.1		2022-02-14T05:32:46Z	
9.17.2		2022-02-14T16:37:47Z	
9.18.0		2022-02-15T08:53:22Z	
9.18.1		2022-02-15T10:12:09Z	
9.18.10		2022-02-22T19:12:05Z	
9.18.11		2022-02-24T06:13:27Z	
9.18.12		2022-02-24T14:56:25Z	
9.18.13		2022-02-25T07:07:25Z	
9.18.14		2022-02-28T04:20:31Z	
9.18.15		2022-02-28T05:54:43Z	
9.18.16		2022-02-28T09:01:28Z	
9.18.17		2022-02-28T09:59:13Z	
9.18.18		2022-02-28T10:55:33Z	
9.18.19		2022-02-28T11:51:29Z	
9.18.2		2022-02-17T08:19:02Z	
9.18.20		2022-02-28T14:02:44Z	
9.18.21		2022-02-28T16:04:20Z	
9.18.22		2022-03-01T04:59:27Z	
9.18.23		2022-03-01T06:00:30Z	
9.18.24		2022-03-01T07:02:03Z	
9.18.25		2022-03-01T07:57:57Z	
9.18.3		2022-02-18T06:54:31Z	
9.18.4		2022-02-21T09:26:18Z	
9.18.5		2022-02-21T10:22:34Z	
9.18.6		2022-02-21T11:15:26Z	
9.18.7		2022-02-21T18:51:13Z	
9.18.8		2022-02-22T03:51:42Z	
9.18.9		2022-02-22T10:46:45Z	
9.19.0		2022-03-01T11:13:39Z	
9.19.1		2022-03-01T12:09:17Z	
9.19.2		2022-03-01T13:53:51Z	
9.2.0		2021-11-16T04:54:58Z	
9.2.1		2021-11-16T12:08:24Z	
9.2.10		2021-11-22T18:13:32Z	
9.2.11		2021-11-23T16:31:15Z	
9.2.12		2021-11-29T06:35:28Z	
9.2.13		2021-12-02T13:55:29Z	
9.2.14		2021-12-10T11:44:01Z	
9.2.15		2021-12-11T06:03:07Z	
9.2.16		2021-12-13T09:27:39Z	
9.2.17		2021-12-17T07:30:24Z	
9.2.18		2021-12-22T04:09:45Z	
9.2.19		2021-12-22T05:49:44Z	
9.2.2		2021-11-18T17:44:29Z	
9.2.20		2022-02-01T05:04:05Z	
9.2.21		2022-02-01T10:27:37Z	
9.2.22		2022-02-02T05:22:13Z	
9.2.23		2022-02-03T07:13:30Z	
9.2.24		2022-02-03T09:04:27Z	
9.2.24.1		2022-02-07T11:48:07Z	
9.2.25		2022-02-06T17:05:45Z	
9.2.26		2022-02-15T04:23:47Z	
9.2.27			IOException: Tail request on https://maven-central.storage-download.googleapis.com/maven2/org/wso2/carbon/apimgt/org.wso2.carbon.apimgt.output.adapter.http/9.2.27/org.wso2.carbon.apimgt.output.adapter.http-9.2.27.jar returned status 404
9.2.28			IOException: Tail request on https://maven-central.storage-download.googleapis.com/maven2/org/wso2/carbon/apimgt/org.wso2.carbon.apimgt.output.adapter.http/9.2.28/org.wso2.carbon.apimgt.output.adapter.http-9.2.28.jar returned status 404
9.2.29			IOException: Tail request on https://maven-central.storage-download.googleapis.com/maven2/org/wso2/carbon/apimgt/org.wso2.carbon.apimgt.output.adapter.http/9.2.29/org.wso2.carbon.apimgt.output.adapter.http-9.2.29.jar returned status 404
9.2.3		2021-11-19T05:06:49Z	
9.2.30			IOException: Tail request on https://maven-central.storage-download.googleapis.com/maven2/org/wso2/carbon/apimgt/org.wso2.carbon.apimgt.output.adapter.http/9.2.30/org.wso2.carbon.apimgt.output.adapter.http-9.2.30.jar returned status 404
9.2.31			IOException: Tail request on https://maven-central.storage-download.googleapis.com/maven2/org/wso2/carbon/apimgt/org.wso2.carbon.apimgt.output.adapter.http/9.2.31/org.wso2.carbon.apimgt.output.adapter.http-9.2.31.jar returned status 404
9.2.32			IOException: Tail request on https://maven-central.storage-download.googleapis.com/maven2/org/wso2/carbon/apimgt/org.wso2.carbon.apimgt.output.adapter.http/9.2.32/org.wso2.carbon.apimgt.output.adapter.http-9.2.32.jar returned status 404
9.2.33			IOException: Tail request on https://maven-central.storage-download.googleapis.com/maven2/org/wso2/carbon/apimgt/org.wso2.carbon.apimgt.output.adapter.http/9.2.33/org.wso2.carbon.apimgt.output.adapter.http-9.2.33.jar returned status 404
9.2.34			IOException: Tail request on https://maven-central.storage-download.googleapis.com/maven2/org/wso2/carbon/apimgt/org.wso2.carbon.apimgt.output.adapter.http/9.2.34/org.wso2.carbon.apimgt.output.adapter.http-9.2.34.jar returned status 404
9.2.35			IOException: Tail request on https://maven-central.storage-download.googleapis.com/maven2/org/wso2/carbon/apimgt/org.wso2.carbon.apimgt.output.adapter.http/9.2.35/org.wso2.carbon.apimgt.output.adapter.http-9.2.35.jar returned status 404
9.2.36			IOException: Tail request on https://maven-central.storage-download.googleapis.com/maven2/org/wso2/carbon/apimgt/org.wso2.carbon.apimgt.output.adapter.http/9.2.36/org.wso2.carbon.apimgt.output.adapter.http-9.2.36.jar returned status 404
9.2.37			IOException: Tail request on https://maven-central.storage-download.googleapis.com/maven2/org/wso2/carbon/apimgt/org.wso2.carbon.apimgt.output.adapter.http/9.2.37/org.wso2.carbon.apimgt.output.adapter.http-9.2.37.jar returned status 404
9.2.38			IOException: Tail request on https://maven-central.storage-download.googleapis.com/maven2/org/wso2/carbon/apimgt/org.wso2.carbon.apimgt.output.adapter.http/9.2.38/org.wso2.carbon.apimgt.output.adapter.http-9.2.38.jar returned status 404
9.2.39			IOException: Tail request on https://maven-central.storage-download.googleapis.com/maven2/org/wso2/carbon/apimgt/org.wso2.carbon.apimgt.output.adapter.http/9.2.39/org.wso2.carbon.apimgt.output.adapter.http-9.2.39.jar returned status 404
9.2.4		2021-11-19T10:16:01Z	
9.2.40			IOException: Tail request on https://maven-central.storage-download.googleapis.com/maven2/org/wso2/carbon/apimgt/org.wso2.carbon.apimgt.output.adapter.http/9.2.40/org.wso2.carbon.apimgt.output.adapter.http-9.2.40.jar returned status 404
9.2.41			IOException: Tail request on https://maven-central.storage-download.googleapis.com/maven2/org/wso2/carbon/apimgt/org.wso2.carbon.apimgt.output.adapter.http/9.2.41/org.wso2.carbon.apimgt.output.adapter.http-9.2.41.jar returned status 404
9.2.42			IOException: Tail request on https://maven-central.storage-download.googleapis.com/maven2/org/wso2/carbon/apimgt/org.wso2.carbon.apimgt.output.adapter.http/9.2.42/org.wso2.carbon.apimgt.output.adapter.http-9.2.42.jar returned status 404
9.2.43			IOException: Tail request on https://maven-central.storage-download.googleapis.com/maven2/org/wso2/carbon/apimgt/org.wso2.carbon.apimgt.output.adapter.http/9.2.43/org.wso2.carbon.apimgt.output.adapter.http-9.2.43.jar returned status 404
9.2.44			IOException: Tail request on https://maven-central.storage-download.googleapis.com/maven2/org/wso2/carbon/apimgt/org.wso2.carbon.apimgt.output.adapter.http/9.2.44/org.wso2.carbon.apimgt.output.adapter.http-9.2.44.jar returned status 404
9.2.45			IOException: Tail request on https://maven-central.storage-download.googleapis.com/maven2/org/wso2/carbon/apimgt/org.wso2.carbon.apimgt.output.adapter.http/9.2.45/org.wso2.carbon.apimgt.output.adapter.http-9.2.45.jar returned status 404
9.2.46		2022-07-14T11:46:52Z	
9.2.47		2022-07-20T08:31:57Z	
9.2.48		2022-07-25T05:25:05Z	
9.2.49		2022-07-26T09:17:43Z	
9.2.5		2021-11-19T15:30:27Z	
9.2.5.1		2021-12-02T10:18:55Z	
9.2.50		2022-08-06T04:53:53Z	
9.2.51		2022-08-09T12:41:28Z	
9.2.52		2022-08-23T06:54:45Z	
9.2.53		2022-08-26T07:25:12Z	
9.2.54		2022-09-01T09:06:06Z	
9.2.55		2022-09-09T07:37:49Z	
9.2.56		2022-09-09T14:48:34Z	
9.2.57		2022-09-10T15:13:08Z	
9.2.58		2022-09-13T05:23:30Z	
9.2.59		2022-09-16T13:24:52Z	
9.2.6		2021-11-21T15:55:53Z	
9.2.60		2022-10-04T17:36:50Z	
9.2.61		2022-10-08T10:56:15Z	
9.2.62		2022-10-09T03:06:42Z	
9.2.63		2022-10-10T08:32:11Z	
9.2.64		2022-10-13T08:44:23Z	
9.2.65		2022-10-24T06:59:39Z	
9.2.66		2022-10-24T07:47:39Z	
9.2.67		2022-11-10T05:35:32Z	
9.2.68		2022-11-14T06:28:30Z	
9.2.69		2022-11-15T04:40:54Z	
9.2.7		2021-11-22T02:24:13Z	
9.2.70		2022-11-15T10:26:26Z	
9.2.71		2022-11-16T03:09:03Z	
9.2.72		2022-11-29T15:16:42Z	
9.2.73			IOException: Tail request on https://maven-central.storage-download.googleapis.com/maven2/org/wso2/carbon/apimgt/org.wso2.carbon.apimgt.output.adapter.http/9.2.73/org.wso2.carbon.apimgt.output.adapter.http-9.2.73.jar returned status 404
9.2.8		2021-11-22T05:34:08Z	
9.2.9		2021-11-22T17:06:30Z	
9.20.0		2022-03-01T15:44:55Z	
9.20.1		2022-03-01T17:21:19Z	
9.20.10		2022-03-03T05:01:49Z	
9.20.11			IOException: Tail request on https://maven-central.storage-download.googleapis.com/maven2/org/wso2/carbon/apimgt/org.wso2.carbon.apimgt.output.adapter.http/9.20.11/org.wso2.carbon.apimgt.output.adapter.http-9.20.11.jar returned status 404
9.20.12			IOException: Tail request on https://maven-central.storage-download.googleapis.com/maven2/org/wso2/carbon/apimgt/org.wso2.carbon.apimgt.output.adapter.http/9.20.12/org.wso2.carbon.apimgt.output.adapter.http-9.20.12.jar returned status 404
9.20.13			IOException: Tail request on https://maven-central.storage-download.googleapis.com/maven2/org/wso2/carbon/apimgt/org.wso2.carbon.apimgt.output.adapter.http/9.20.13/org.wso2.carbon.apimgt.output.adapter.http-9.20.13.jar returned status 404
9.20.14			IOException: Tail request on https://maven-central.storage-download.googleapis.com/maven2/org/wso2/carbon/apimgt/org.wso2.carbon.apimgt.output.adapter.http/9.20.14/org.wso2.carbon.apimgt.output.adapter.http-9.20.14.jar returned status 404
9.20.15			IOException: Tail request on https://maven-central.storage-download.googleapis.com/maven2/org/wso2/carbon/apimgt/org.wso2.carbon.apimgt.output.adapter.http/9.20.15/org.wso2.carbon.apimgt.output.adapter.http-9.20.15.jar returned status 404
9.20.16			IOException: Tail request on https://maven-central.storage-download.googleapis.com/maven2/org/wso2/carbon/apimgt/org.wso2.carbon.apimgt.output.adapter.http/9.20.16/org.wso2.carbon.apimgt.output.adapter.http-9.20.16.jar returned status 404
9.20.17			IOException: Tail request on https://maven-central.storage-download.googleapis.com/maven2/org/wso2/carbon/apimgt/org.wso2.carbon.apimgt.output.adapter.http/9.20.17/org.wso2.carbon.apimgt.output.adapter.http-9.20.17.jar returned status 404
9.20.18			IOException: Tail request on https://maven-central.storage-download.googleapis.com/maven2/org/wso2/carbon/apimgt/org.wso2.carbon.apimgt.output.adapter.http/9.20.18/org.wso2.carbon.apimgt.output.adapter.http-9.20.18.jar returned status 404
9.20.19			IOException: Tail request on https://maven-central.storage-download.googleapis.com/maven2/org/wso2/carbon/apimgt/org.wso2.carbon.apimgt.output.adapter.http/9.20.19/org.wso2.carbon.apimgt.output.adapter.http-9.20.19.jar returned status 404
9.20.2		2022-03-02T04:06:11Z	
9.20.20			IOException: Tail request on https://maven-central.storage-download.googleapis.com/maven2/org/wso2/carbon/apimgt/org.wso2.carbon.apimgt.output.adapter.http/9.20.20/org.wso2.carbon.apimgt.output.adapter.http-9.20.20.jar returned status 404
9.20.21			IOException: Tail request on https://maven-central.storage-download.googleapis.com/maven2/org/wso2/carbon/apimgt/org.wso2.carbon.apimgt.output.adapter.http/9.20.21/org.wso2.carbon.apimgt.output.adapter.http-9.20.21.jar returned status 404
9.20.22			IOException: Tail request on https://maven-central.storage-download.googleapis.com/maven2/org/wso2/carbon/apimgt/org.wso2.carbon.apimgt.output.adapter.http/9.20.22/org.wso2.carbon.apimgt.output.adapter.http-9.20.22.jar returned status 404
9.20.23			IOException: Tail request on https://maven-central.storage-download.googleapis.com/maven2/org/wso2/carbon/apimgt/org.wso2.carbon.apimgt.output.adapter.http/9.20.23/org.wso2.carbon.apimgt.output.adapter.http-9.20.23.jar returned status 404
9.20.24			IOException: Tail request on https://maven-central.storage-download.googleapis.com/maven2/org/wso2/carbon/apimgt/org.wso2.carbon.apimgt.output.adapter.http/9.20.24/org.wso2.carbon.apimgt.output.adapter.http-9.20.24.jar returned status 404
9.20.25			IOException: Tail request on https://maven-central.storage-download.googleapis.com/maven2/org/wso2/carbon/apimgt/org.wso2.carbon.apimgt.output.adapter.http/9.20.25/org.wso2.carbon.apimgt.output.adapter.http-9.20.25.jar returned status 404
9.20.26			IOException: Tail request on https://maven-central.storage-download.googleapis.com/maven2/org/wso2/carbon/apimgt/org.wso2.carbon.apimgt.output.adapter.http/9.20.26/org.wso2.carbon.apimgt.output.adapter.http-9.20.26.jar returned status 404
9.20.27			IOException: Tail request on https://maven-central.storage-download.googleapis.com/maven2/org/wso2/carbon/apimgt/org.wso2.carbon.apimgt.output.adapter.http/9.20.27/org.wso2.carbon.apimgt.output.adapter.http-9.20.27.jar returned status 404
9.20.28			IOException: Tail request on https://maven-central.storage-download.googleapis.com/maven2/org/wso2/carbon/apimgt/org.wso2.carbon.apimgt.output.adapter.http/9.20.28/org.wso2.carbon.apimgt.output.adapter.http-9.20.28.jar returned status 404
9.20.29			IOException: Tail request on https://maven-central.storage-download.googleapis.com/maven2/org/wso2/carbon/apimgt/org.wso2.carbon.apimgt.output.adapter.http/9.20.29/org.wso2.carbon.apimgt.output.adapter.http-9.20.29.jar returned status 404
9.20.3		2022-03-02T08:55:51Z	
9.20.30			IOException: Tail request on https://maven-central.storage-download.googleapis.com/maven2/org/wso2/carbon/apimgt/org.wso2.carbon.apimgt.output.adapter.http/9.20.30/org.wso2.carbon.apimgt.output.adapter.http-9.20.30.jar returned status 404
9.20.31			IOException: Tail request on https://maven-central.storage-download.googleapis.com/maven2/org/wso2/carbon/apimgt/org.wso2.carbon.apimgt.output.adapter.http/9.20.31/org.wso2.carbon.apimgt.output.adapter.http-9.20.31.jar returned status 404
9.20.32			IOException: Tail request on https://maven-central.storage-download.googleapis.com/maven2/org/wso2/carbon/apimgt/org.wso2.carbon.apimgt.output.adapter.http/9.20.32/org.wso2.carbon.apimgt.output.adapter.http-9.20.32.jar returned status 404
9.20.33			IOException: Tail request on https://maven-central.storage-download.googleapis.com/maven2/org/wso2/carbon/apimgt/org.wso2.carbon.apimgt.output.adapter.http/9.20.33/org.wso2.carbon.apimgt.output.adapter.http-9.20.33.jar returned status 404
9.20.34			IOException: Tail request on https://maven-central.storage-download.googleapis.com/maven2/org/wso2/carbon/apimgt/org.wso2.carbon.apimgt.output.adapter.http/9.20.34/org.wso2.carbon.apimgt.output.adapter.http-9.20.34.jar returned status 404
9.20.35			IOException: Tail request on https://maven-central.storage-download.googleapis.com/maven2/org/wso2/carbon/apimgt/org.wso2.carbon.apimgt.output.adapter.http/9.20.35/org.wso2.carbon.apimgt.output.adapter.http-9.20.35.jar returned status 404
9.20.36			IOException: Tail request on https://maven-central.storage-download.googleapis.com/maven2/org/wso2/carbon/apimgt/org.wso2.carbon.apimgt.output.adapter.http/9.20.36/org.wso2.carbon.apimgt.output.adapter.http-9.20.36.jar returned status 404
9.20.37			IOException: Tail request on https://maven-central.storage-download.googleapis.com/maven2/org/wso2/carbon/apimgt/org.wso2.carbon.apimgt.output.adapter.http/9.20.37/org.wso2.carbon.apimgt.output.adapter.http-9.20.37.jar returned status 404
9.20.38			IOException: Tail request on https://maven-central.storage-download.googleapis.com/maven2/org/wso2/carbon/apimgt/org.wso2.carbon.apimgt.output.adapter.http/9.20.38/org.wso2.carbon.apimgt.output.adapter.http-9.20.38.jar returned status 404
9.20.39			IOException: Tail request on https://maven-central.storage-download.googleapis.com/maven2/org/wso2/carbon/apimgt/org.wso2.carbon.apimgt.output.adapter.http/9.20.39/org.wso2.carbon.apimgt.output.adapter.http-9.20.39.jar returned status 404
9.20.4		2022-03-02T11:25:09Z	
9.20.40			IOException: Tail request on https://maven-central.storage-download.googleapis.com/maven2/org/wso2/carbon/apimgt/org.wso2.carbon.apimgt.output.adapter.http/9.20.40/org.wso2.carbon.apimgt.output.adapter.http-9.20.40.jar returned status 404
9.20.41			IOException: Tail request on https://maven-central.storage-download.googleapis.com/maven2/org/wso2/carbon/apimgt/org.wso2.carbon.apimgt.output.adapter.http/9.20.41/org.wso2.carbon.apimgt.output.adapter.http-9.20.41.jar returned status 404
9.20.42			IOException: Tail request on https://maven-central.storage-download.googleapis.com/maven2/org/wso2/carbon/apimgt/org.wso2.carbon.apimgt.output.adapter.http/9.20.42/org.wso2.carbon.apimgt.output.adapter.http-9.20.42.jar returned status 404
9.20.43			IOException: Tail request on https://maven-central.storage-download.googleapis.com/maven2/org/wso2/carbon/apimgt/org.wso2.carbon.apimgt.output.adapter.http/9.20.43/org.wso2.carbon.apimgt.output.adapter.http-9.20.43.jar returned status 404
9.20.44			IOException: Tail request on https://maven-central.storage-download.googleapis.com/maven2/org/wso2/carbon/apimgt/org.wso2.carbon.apimgt.output.adapter.http/9.20.44/org.wso2.carbon.apimgt.output.adapter.http-9.20.44.jar returned status 404
9.20.45			IOException: Tail request on https://maven-central.storage-download.googleapis.com/maven2/org/wso2/carbon/apimgt/org.wso2.carbon.apimgt.output.adapter.http/9.20.45/org.wso2.carbon.apimgt.output.adapter.http-9.20.45.jar returned status 404
9.20.46			IOException: Tail request on https://maven-central.storage-download.googleapis.com/maven2/org/wso2/carbon/apimgt/org.wso2.carbon.apimgt.output.adapter.http/9.20.46/org.wso2.carbon.apimgt.output.adapter.http-9.20.46.jar returned status 404
9.20.47			IOException: Tail request on https://maven-central.storage-download.googleapis.com/maven2/org/wso2/carbon/apimgt/org.wso2.carbon.apimgt.output.adapter.http/9.20.47/org.wso2.carbon.apimgt.output.adapter.http-9.20.47.jar returned status 404
9.20.48			IOException: Tail request on https://maven-central.storage-download.googleapis.com/maven2/org/wso2/carbon/apimgt/org.wso2.carbon.apimgt.output.adapter.http/9.20.48/org.wso2.carbon.apimgt.output.adapter.http-9.20.48.jar returned status 404
9.20.49			IOException: Tail request on https://maven-central.storage-download.googleapis.com/maven2/org/wso2/carbon/apimgt/org.wso2.carbon.apimgt.output.adapter.http/9.20.49/org.wso2.carbon.apimgt.output.adapter.http-9.20.49.jar returned status 404
9.20.5		2022-03-02T12:21:42Z	
9.20.50			IOException: Tail request on https://maven-central.storage-download.googleapis.com/maven2/org/wso2/carbon/apimgt/org.wso2.carbon.apimgt.output.adapter.http/9.20.50/org.wso2.carbon.apimgt.output.adapter.http-9.20.50.jar returned status 404
9.20.51			IOException: Tail request on https://maven-central.storage-download.googleapis.com/maven2/org/wso2/carbon/apimgt/org.wso2.carbon.apimgt.output.adapter.http/9.20.51/org.wso2.carbon.apimgt.output.adapter.http-9.20.51.jar returned status 404
9.20.52			IOException: Tail request on https://maven-central.storage-download.googleapis.com/maven2/org/wso2/carbon/apimgt/org.wso2.carbon.apimgt.output.adapter.http/9.20.52/org.wso2.carbon.apimgt.output.adapter.http-9.20.52.jar returned status 404
9.20.53			IOException: Tail request on https://maven-central.storage-download.googleapis.com/maven2/org/wso2/carbon/apimgt/org.wso2.carbon.apimgt.output.adapter.http/9.20.53/org.wso2.carbon.apimgt.output.adapter.http-9.20.53.jar returned status 404
9.20.54			IOException: Tail request on https://maven-central.storage-download.googleapis.com/maven2/org/wso2/carbon/apimgt/org.wso2.carbon.apimgt.output.adapter.http/9.20.54/org.wso2.carbon.apimgt.output.adapter.http-9.20.54.jar returned status 404
9.20.55			IOException: Tail request on https://maven-central.storage-download.googleapis.com/maven2/org/wso2/carbon/apimgt/org.wso2.carbon.apimgt.output.adapter.http/9.20.55/org.wso2.carbon.apimgt.output.adapter.http-9.20.55.jar returned status 404
9.20.56			IOException: Tail request on https://maven-central.storage-download.googleapis.com/maven2/org/wso2/carbon/apimgt/org.wso2.carbon.apimgt.output.adapter.http/9.20.56/org.wso2.carbon.apimgt.output.adapter.http-9.20.56.jar returned status 404
9.20.57			IOException: Tail request on https://maven-central.storage-download.googleapis.com/maven2/org/wso2/carbon/apimgt/org.wso2.carbon.apimgt.output.adapter.http/9.20.57/org.wso2.carbon.apimgt.output.adapter.http-9.20.57.jar returned status 404
9.20.58			IOException: Tail request on https://maven-central.storage-download.googleapis.com/maven2/org/wso2/carbon/apimgt/org.wso2.carbon.apimgt.output.adapter.http/9.20.58/org.wso2.carbon.apimgt.output.adapter.http-9.20.58.jar returned status 404
9.20.59			IOException: Tail request on https://maven-central.storage-download.googleapis.com/maven2/org/wso2/carbon/apimgt/org.wso2.carbon.apimgt.output.adapter.http/9.20.59/org.wso2.carbon.apimgt.output.adapter.http-9.20.59.jar returned status 404
9.20.6		2022-03-02T15:23:56Z	
9.20.60			IOException: Tail request on https://maven-central.storage-download.googleapis.com/maven2/org/wso2/carbon/apimgt/org.wso2.carbon.apimgt.output.adapter.http/9.20.60/org.wso2.carbon.apimgt.output.adapter.http-9.20.60.jar returned status 404
9.20.61			IOException: Tail request on https://maven-central.storage-download.googleapis.com/maven2/org/wso2/carbon/apimgt/org.wso2.carbon.apimgt.output.adapter.http/9.20.61/org.wso2.carbon.apimgt.output.adapter.http-9.20.61.jar returned status 404
9.20.63			IOException: Tail request on https://maven-central.storage-download.googleapis.com/maven2/org/wso2/carbon/apimgt/org.wso2.carbon.apimgt.output.adapter.http/9.20.63/org.wso2.carbon.apimgt.output.adapter.http-9.20.63.jar returned status 404
9.20.64			IOException: Tail request on https://maven-central.storage-download.googleapis.com/maven2/org/wso2/carbon/apimgt/org.wso2.carbon.apimgt.output.adapter.http/9.20.64/org.wso2.carbon.apimgt.output.adapter.http-9.20.64.jar returned status 404
9.20.65			IOException: Tail request on https://maven-central.storage-download.googleapis.com/maven2/org/wso2/carbon/apimgt/org.wso2.carbon.apimgt.output.adapter.http/9.20.65/org.wso2.carbon.apimgt.output.adapter.http-9.20.65.jar returned status 404
9.20.66			IOException: Tail request on https://maven-central.storage-download.googleapis.com/maven2/org/wso2/carbon/apimgt/org.wso2.carbon.apimgt.output.adapter.http/9.20.66/org.wso2.carbon.apimgt.output.adapter.http-9.20.66.jar returned status 404
9.20.67			IOException: Tail request on https://maven-central.storage-download.googleapis.com/maven2/org/wso2/carbon/apimgt/org.wso2.carbon.apimgt.output.adapter.http/9.20.67/org.wso2.carbon.apimgt.output.adapter.http-9.20.67.jar returned status 404
9.20.68			IOException: Tail request on https://maven-central.storage-download.googleapis.com/maven2/org/wso2/carbon/apimgt/org.wso2.carbon.apimgt.output.adapter.http/9.20.68/org.wso2.carbon.apimgt.output.adapter.http-9.20.68.jar returned status 404
9.20.69			IOException: Tail request on https://maven-central.storage-download.googleapis.com/maven2/org/wso2/carbon/apimgt/org.wso2.carbon.apimgt.output.adapter.http/9.20.69/org.wso2.carbon.apimgt.output.adapter.http-9.20.69.jar returned status 404
9.20.7		2022-03-02T16:20:52Z	
9.20.70			IOException: Tail request on https://maven-central.storage-download.googleapis.com/maven2/org/wso2/carbon/apimgt/org.wso2.carbon.apimgt.output.adapter.http/9.20.70/org.wso2.carbon.apimgt.output.adapter.http-9.20.70.jar returned status 404
9.20.71			IOException: Tail request on https://maven-central.storage-download.googleapis.com/maven2/org/wso2/carbon/apimgt/org.wso2.carbon.apimgt.output.adapter.http/9.20.71/org.wso2.carbon.apimgt.output.adapter.http-9.20.71.jar returned status 404
9.20.72			IOException: Tail request on https://maven-central.storage-download.googleapis.com/maven2/org/wso2/carbon/apimgt/org.wso2.carbon.apimgt.output.adapter.http/9.20.72/org.wso2.carbon.apimgt.output.adapter.http-9.20.72.jar returned status 404
9.20.73			IOException: Tail request on https://maven-central.storage-download.googleapis.com/maven2/org/wso2/carbon/apimgt/org.wso2.carbon.apimgt.output.adapter.http/9.20.73/org.wso2.carbon.apimgt.output.adapter.http-9.20.73.jar returned status 404
9.20.74			IOException: Tail request on https://maven-central.storage-download.googleapis.com/maven2/org/wso2/carbon/apimgt/org.wso2.carbon.apimgt.output.adapter.http/9.20.74/org.wso2.carbon.apimgt.output.adapter.http-9.20.74.jar returned status 404
9.20.75			IOException: Tail request on https://maven-central.storage-download.googleapis.com/maven2/org/wso2/carbon/apimgt/org.wso2.carbon.apimgt.output.adapter.http/9.20.75/org.wso2.carbon.apimgt.output.adapter.http-9.20.75.jar returned status 404
9.20.76			IOException: Tail request on https://maven-central.storage-download.googleapis.com/maven2/org/wso2/carbon/apimgt/org.wso2.carbon.apimgt.output.adapter.http/9.20.76/org.wso2.carbon.apimgt.output.adapter.http-9.20.76.jar returned status 404
9.20.77			IOException: Tail request on https://maven-central.storage-download.googleapis.com/maven2/org/wso2/carbon/apimgt/org.wso2.carbon.apimgt.output.adapter.http/9.20.77/org.wso2.carbon.apimgt.output.adapter.http-9.20.77.jar returned status 404
9.20.78			IOException: Tail request on https://maven-central.storage-download.googleapis.com/maven2/org/wso2/carbon/apimgt/org.wso2.carbon.apimgt.output.adapter.http/9.20.78/org.wso2.carbon.apimgt.output.adapter.http-9.20.78.jar returned status 404
9.20.79			IOException: Tail request on https://maven-central.storage-download.googleapis.com/maven2/org/wso2/carbon/apimgt/org.wso2.carbon.apimgt.output.adapter.http/9.20.79/org.wso2.carbon.apimgt.output.adapter.http-9.20.79.jar returned status 404
9.20.8		2022-03-02T17:16:34Z	
9.20.80			IOException: Tail request on https://maven-central.storage-download.googleapis.com/maven2/org/wso2/carbon/apimgt/org.wso2.carbon.apimgt.output.adapter.http/9.20.80/org.wso2.carbon.apimgt.output.adapter.http-9.20.80.jar returned status 404
9.20.81			IOException: Tail request on https://maven-central.storage-download.googleapis.com/maven2/org/wso2/carbon/apimgt/org.wso2.carbon.apimgt.output.adapter.http/9.20.81/org.wso2.carbon.apimgt.output.adapter.http-9.20.81.jar returned status 404
9.20.82			IOException: Tail request on https://maven-central.storage-download.googleapis.com/maven2/org/wso2/carbon/apimgt/org.wso2.carbon.apimgt.output.adapter.http/9.20.82/org.wso2.carbon.apimgt.output.adapter.http-9.20.82.jar returned status 404
9.20.83			IOException: Tail request on https://maven-central.storage-download.googleapis.com/maven2/org/wso2/carbon/apimgt/org.wso2.carbon.apimgt.output.adapter.http/9.20.83/org.wso2.carbon.apimgt.output.adapter.http-9.20.83.jar returned status 404
9.20.84			IOException: Tail request on https://maven-central.storage-download.googleapis.com/maven2/org/wso2/carbon/apimgt/org.wso2.carbon.apimgt.output.adapter.http/9.20.84/org.wso2.carbon.apimgt.output.adapter.http-9.20.84.jar returned status 404
9.20.85			IOException: Tail request on https://maven-central.storage-download.googleapis.com/maven2/org/wso2/carbon/apimgt/org.wso2.carbon.apimgt.output.adapter.http/9.20.85/org.wso2.carbon.apimgt.output.adapter.http-9.20.85.jar returned status 404
9.20.86			IOException: Tail request on https://maven-central.storage-download.googleapis.com/maven2/org/wso2/carbon/apimgt/org.wso2.carbon.apimgt.output.adapter.http/9.20.86/org.wso2.carbon.apimgt.output.adapter.http-9.20.86.jar returned status 404
9.20.87			IOException: Tail request on https://maven-central.storage-download.googleapis.com/maven2/org/wso2/carbon/apimgt/org.wso2.carbon.apimgt.output.adapter.http/9.20.87/org.wso2.carbon.apimgt.output.adapter.http-9.20.87.jar returned status 404
9.20.88		2022-10-20T09:58:25Z	
9.20.9		2022-03-03T03:29:54Z	
9.21.0			IOException: Tail request on https://maven-central.storage-download.googleapis.com/maven2/org/wso2/carbon/apimgt/org.wso2.carbon.apimgt.output.adapter.http/9.21.0/org.wso2.carbon.apimgt.output.adapter.http-9.21.0.jar returned status 404
9.21.1			IOException: Tail request on https://maven-central.storage-download.googleapis.com/maven2/org/wso2/carbon/apimgt/org.wso2.carbon.apimgt.output.adapter.http/9.21.1/org.wso2.carbon.apimgt.output.adapter.http-9.21.1.jar returned status 404
9.21.10			IOException: Tail request on https://maven-central.storage-download.googleapis.com/maven2/org/wso2/carbon/apimgt/org.wso2.carbon.apimgt.output.adapter.http/9.21.10/org.wso2.carbon.apimgt.output.adapter.http-9.21.10.jar returned status 404
9.21.2			IOException: Tail request on https://maven-central.storage-download.googleapis.com/maven2/org/wso2/carbon/apimgt/org.wso2.carbon.apimgt.output.adapter.http/9.21.2/org.wso2.carbon.apimgt.output.adapter.http-9.21.2.jar returned status 404
9.21.3			IOException: Tail request on https://maven-central.storage-download.googleapis.com/maven2/org/wso2/carbon/apimgt/org.wso2.carbon.apimgt.output.adapter.http/9.21.3/org.wso2.carbon.apimgt.output.adapter.http-9.21.3.jar returned status 404
9.21.4			IOException: Tail request on https://maven-central.storage-download.googleapis.com/maven2/org/wso2/carbon/apimgt/org.wso2.carbon.apimgt.output.adapter.http/9.21.4/org.wso2.carbon.apimgt.output.adapter.http-9.21.4.jar returned status 404
9.21.5			IOException: Tail request on https://maven-central.storage-download.googleapis.com/maven2/org/wso2/carbon/apimgt/org.wso2.carbon.apimgt.output.adapter.http/9.21.5/org.wso2.carbon.apimgt.output.adapter.http-9.21.5.jar returned status 404
9.21.6			IOException: Tail request on https://maven-central.storage-download.googleapis.com/maven2/org/wso2/carbon/apimgt/org.wso2.carbon.apimgt.output.adapter.http/9.21.6/org.wso2.carbon.apimgt.output.adapter.http-9.21.6.jar returned status 404
9.21.7			IOException: Tail request on https://maven-central.storage-download.googleapis.com/maven2/org/wso2/carbon/apimgt/org.wso2.carbon.apimgt.output.adapter.http/9.21.7/org.wso2.carbon.apimgt.output.adapter.http-9.21.7.jar returned status 404
9.21.8			IOException: Tail request on https://maven-central.storage-download.googleapis.com/maven2/org/wso2/carbon/apimgt/org.wso2.carbon.apimgt.output.adapter.http/9.21.8/org.wso2.carbon.apimgt.output.adapter.http-9.21.8.jar returned status 404
9.21.9			IOException: Tail request on https://maven-central.storage-download.googleapis.com/maven2/org/wso2/carbon/apimgt/org.wso2.carbon.apimgt.output.adapter.http/9.21.9/org.wso2.carbon.apimgt.output.adapter.http-9.21.9.jar returned status 404
9.22.0			IOException: Tail request on https://maven-central.storage-download.googleapis.com/maven2/org/wso2/carbon/apimgt/org.wso2.carbon.apimgt.output.adapter.http/9.22.0/org.wso2.carbon.apimgt.output.adapter.http-9.22.0.jar returned status 404
9.22.10			IOException: Tail request on https://maven-central.storage-download.googleapis.com/maven2/org/wso2/carbon/apimgt/org.wso2.carbon.apimgt.output.adapter.http/9.22.10/org.wso2.carbon.apimgt.output.adapter.http-9.22.10.jar returned status 404
9.22.100			IOException: Tail request on https://maven-central.storage-download.googleapis.com/maven2/org/wso2/carbon/apimgt/org.wso2.carbon.apimgt.output.adapter.http/9.22.100/org.wso2.carbon.apimgt.output.adapter.http-9.22.100.jar returned status 404
9.22.101			IOException: Tail request on https://maven-central.storage-download.googleapis.com/maven2/org/wso2/carbon/apimgt/org.wso2.carbon.apimgt.output.adapter.http/9.22.101/org.wso2.carbon.apimgt.output.adapter.http-9.22.101.jar returned status 404
9.22.102			IOException: Tail request on https://maven-central.storage-download.googleapis.com/maven2/org/wso2/carbon/apimgt/org.wso2.carbon.apimgt.output.adapter.http/9.22.102/org.wso2.carbon.apimgt.output.adapter.http-9.22.102.jar returned status 404
9.22.103		2023-02-27T05:03:29Z	
9.22.104		2023-03-02T07:20:22Z	
9.22.105		2023-03-02T08:29:36Z	
9.22.106		2023-03-03T04:52:47Z	
9.22.107		2023-03-03T07:33:11Z	
9.22.108		2023-03-08T13:18:10Z	
9.22.109		2023-03-08T15:42:03Z	
9.22.11			IOException: Tail request on https://maven-central.storage-download.googleapis.com/maven2/org/wso2/carbon/apimgt/org.wso2.carbon.apimgt.output.adapter.http/9.22.11/org.wso2.carbon.apimgt.output.adapter.http-9.22.11.jar returned status 404
9.22.110		2023-03-10T09:30:48Z	
9.22.111		2023-03-13T10:10:44Z	
9.22.112		2023-03-14T08:15:17Z	
9.22.113		2023-03-16T04:48:10Z	
9.22.114		2023-03-17T05:22:26Z	
9.22.115		2023-03-21T05:30:19Z	
9.22.116		2023-03-22T07:50:45Z	
9.22.117		2023-03-24T06:42:22Z	
9.22.118		2023-03-24T15:56:24Z	
9.22.119		2023-03-31T04:52:58Z	
9.22.12			IOException: Tail request on https://maven-central.storage-download.googleapis.com/maven2/org/wso2/carbon/apimgt/org.wso2.carbon.apimgt.output.adapter.http/9.22.12/org.wso2.carbon.apimgt.output.adapter.http-9.22.12.jar returned status 404
9.22.120		2023-04-05T12:09:26Z	
9.22.121		2023-04-06T12:49:27Z	
9.22.122		2023-04-10T11:01:31Z	
9.22.123		2023-04-10T14:28:34Z	
9.22.124		2023-04-12T08:49:10Z	
9.22.125		2023-04-19T05:02:15Z	
9.22.126		2023-04-19T15:09:55Z	
9.22.127		2023-04-20T05:31:23Z	
9.22.128		2023-04-24T08:24:21Z	
9.22.13			IOException: Tail request on https://maven-central.storage-download.googleapis.com/maven2/org/wso2/carbon/apimgt/org.wso2.carbon.apimgt.output.adapter.http/9.22.13/org.wso2.carbon.apimgt.output.adapter.http-9.22.13.jar returned status 404
9.22.130			IOException: Tail request on https://maven-central.storage-download.googleapis.com/maven2/org/wso2/carbon/apimgt/org.wso2.carbon.apimgt.output.adapter.http/9.22.130/org.wso2.carbon.apimgt.output.adapter.http-9.22.130.jar returned status 404
9.22.131			IOException: Tail request on https://maven-central.storage-download.googleapis.com/maven2/org/wso2/carbon/apimgt/org.wso2.carbon.apimgt.output.adapter.http/9.22.131/org.wso2.carbon.apimgt.output.adapter.http-9.22.131.jar returned status 404
9.22.132			IOException: Tail request on https://maven-central.storage-download.googleapis.com/maven2/org/wso2/carbon/apimgt/org.wso2.carbon.apimgt.output.adapter.http/9.22.132/org.wso2.carbon.apimgt.output.adapter.http-9.22.132.jar returned status 404
9.22.133			IOException: Tail request on https://maven-central.storage-download.googleapis.com/maven2/org/wso2/carbon/apimgt/org.wso2.carbon.apimgt.output.adapter.http/9.22.133/org.wso2.carbon.apimgt.output.adapter.http-9.22.133.jar returned status 404
9.22.134			IOException: Tail request on https://maven-central.storage-download.googleapis.com/maven2/org/wso2/carbon/apimgt/org.wso2.carbon.apimgt.output.adapter.http/9.22.134/org.wso2.carbon.apimgt.output.adapter.http-9.22.134.jar returned status 404
9.22.135			IOException: Tail request on https://maven-central.storage-download.googleapis.com/maven2/org/wso2/carbon/apimgt/org.wso2.carbon.apimgt.output.adapter.http/9.22.135/org.wso2.carbon.apimgt.output.adapter.http-9.22.135.jar returned status 404
9.22.136			IOException: Tail request on https://maven-central.storage-download.googleapis.com/maven2/org/wso2/carbon/apimgt/org.wso2.carbon.apimgt.output.adapter.http/9.22.136/org.wso2.carbon.apimgt.output.adapter.http-9.22.136.jar returned status 404
9.22.137			IOException: Tail request on https://maven-central.storage-download.googleapis.com/maven2/org/wso2/carbon/apimgt/org.wso2.carbon.apimgt.output.adapter.http/9.22.137/org.wso2.carbon.apimgt.output.adapter.http-9.22.137.jar returned status 404
9.22.138			IOException: Tail request on https://maven-central.storage-download.googleapis.com/maven2/org/wso2/carbon/apimgt/org.wso2.carbon.apimgt.output.adapter.http/9.22.138/org.wso2.carbon.apimgt.output.adapter.http-9.22.138.jar returned status 404
9.22.139			IOException: Tail request on https://maven-central.storage-download.googleapis.com/maven2/org/wso2/carbon/apimgt/org.wso2.carbon.apimgt.output.adapter.http/9.22.139/org.wso2.carbon.apimgt.output.adapter.http-9.22.139.jar returned status 404
9.22.14			IOException: Tail request on https://maven-central.storage-download.googleapis.com/maven2/org/wso2/carbon/apimgt/org.wso2.carbon.apimgt.output.adapter.http/9.22.14/org.wso2.carbon.apimgt.output.adapter.http-9.22.14.jar returned status 404
9.22.140			IOException: Tail request on https://maven-central.storage-download.googleapis.com/maven2/org/wso2/carbon/apimgt/org.wso2.carbon.apimgt.output.adapter.http/9.22.140/org.wso2.carbon.apimgt.output.adapter.http-9.22.140.jar returned status 404
9.22.141			IOException: Tail request on https://maven-central.storage-download.googleapis.com/maven2/org/wso2/carbon/apimgt/org.wso2.carbon.apimgt.output.adapter.http/9.22.141/org.wso2.carbon.apimgt.output.adapter.http-9.22.141.jar returned status 404
9.22.142			IOException: Tail request on https://maven-central.storage-download.googleapis.com/maven2/org/wso2/carbon/apimgt/org.wso2.carbon.apimgt.output.adapter.http/9.22.142/org.wso2.carbon.apimgt.output.adapter.http-9.22.142.jar returned status 404
9.22.143			IOException: Tail request on https://maven-central.storage-download.googleapis.com/maven2/org/wso2/carbon/apimgt/org.wso2.carbon.apimgt.output.adapter.http/9.22.143/org.wso2.carbon.apimgt.output.adapter.http-9.22.143.jar returned status 404
9.22.144			IOException: Tail request on https://maven-central.storage-download.googleapis.com/maven2/org/wso2/carbon/apimgt/org.wso2.carbon.apimgt.output.adapter.http/9.22.144/org.wso2.carbon.apimgt.output.adapter.http-9.22.144.jar returned status 404
9.22.145			IOException: Tail request on https://maven-central.storage-download.googleapis.com/maven2/org/wso2/carbon/apimgt/org.wso2.carbon.apimgt.output.adapter.http/9.22.145/org.wso2.carbon.apimgt.output.adapter.http-9.22.145.jar returned status 404
9.22.146			IOException: Tail request on https://maven-central.storage-download.googleapis.com/maven2/org/wso2/carbon/apimgt/org.wso2.carbon.apimgt.output.adapter.http/9.22.146/org.wso2.carbon.apimgt.output.adapter.http-9.22.146.jar returned status 404
9.22.147			IOException: Tail request on https://maven-central.storage-download.googleapis.com/maven2/org/wso2/carbon/apimgt/org.wso2.carbon.apimgt.output.adapter.http/9.22.147/org.wso2.carbon.apimgt.output.adapter.http-9.22.147.jar returned status 404
9.22.148			IOException: Tail request on https://maven-central.storage-download.googleapis.com/maven2/org/wso2/carbon/apimgt/org.wso2.carbon.apimgt.output.adapter.http/9.22.148/org.wso2.carbon.apimgt.output.adapter.http-9.22.148.jar returned status 404
9.22.149			IOException: Tail request on https://maven-central.storage-download.googleapis.com/maven2/org/wso2/carbon/apimgt/org.wso2.carbon.apimgt.output.adapter.http/9.22.149/org.wso2.carbon.apimgt.output.adapter.http-9.22.149.jar returned status 404
9.22.15			IOException: Tail request on https://maven-central.storage-download.googleapis.com/maven2/org/wso2/carbon/apimgt/org.wso2.carbon.apimgt.output.adapter.http/9.22.15/org.wso2.carbon.apimgt.output.adapter.http-9.22.15.jar returned status 404
9.22.151			IOException: Tail request on https://maven-central.storage-download.googleapis.com/maven2/org/wso2/carbon/apimgt/org.wso2.carbon.apimgt.output.adapter.http/9.22.151/org.wso2.carbon.apimgt.output.adapter.http-9.22.151.jar returned status 404
9.22.152			IOException: Tail request on https://maven-central.storage-download.googleapis.com/maven2/org/wso2/carbon/apimgt/org.wso2.carbon.apimgt.output.adapter.http/9.22.152/org.wso2.carbon.apimgt.output.adapter.http-9.22.152.jar returned status 404
9.22.154			IOException: Tail request on https://maven-central.storage-download.googleapis.com/maven2/org/wso2/carbon/apimgt/org.wso2.carbon.apimgt.output.adapter.http/9.22.154/org.wso2.carbon.apimgt.output.adapter.http-9.22.154.jar returned status 404
9.22.155			IOException: Tail request on https://maven-central.storage-download.googleapis.com/maven2/org/wso2/carbon/apimgt/org.wso2.carbon.apimgt.output.adapter.http/9.22.155/org.wso2.carbon.apimgt.output.adapter.http-9.22.155.jar returned status 404
9.22.156			IOException: Tail request on https://maven-central.storage-download.googleapis.com/maven2/org/wso2/carbon/apimgt/org.wso2.carbon.apimgt.output.adapter.http/9.22.156/org.wso2.carbon.apimgt.output.adapter.http-9.22.156.jar returned status 404
9.22.157			IOException: Tail request on https://maven-central.storage-download.googleapis.com/maven2/org/wso2/carbon/apimgt/org.wso2.carbon.apimgt.output.adapter.http/9.22.157/org.wso2.carbon.apimgt.output.adapter.http-9.22.157.jar returned status 404
9.22.158			IOException: Tail request on https://maven-central.storage-download.googleapis.com/maven2/org/wso2/carbon/apimgt/org.wso2.carbon.apimgt.output.adapter.http/9.22.158/org.wso2.carbon.apimgt.output.adapter.http-9.22.158.jar returned status 404
9.22.159			IOException: Tail request on https://maven-central.storage-download.googleapis.com/maven2/org/wso2/carbon/apimgt/org.wso2.carbon.apimgt.output.adapter.http/9.22.159/org.wso2.carbon.apimgt.output.adapter.http-9.22.159.jar returned status 404
9.22.16			IOException: Tail request on https://maven-central.storage-download.googleapis.com/maven2/org/wso2/carbon/apimgt/org.wso2.carbon.apimgt.output.adapter.http/9.22.16/org.wso2.carbon.apimgt.output.adapter.http-9.22.16.jar returned status 404
9.22.160			IOException: Tail request on https://maven-central.storage-download.googleapis.com/maven2/org/wso2/carbon/apimgt/org.wso2.carbon.apimgt.output.adapter.http/9.22.160/org.wso2.carbon.apimgt.output.adapter.http-9.22.160.jar returned status 404
9.22.161			IOException: Tail request on https://maven-central.storage-download.googleapis.com/maven2/org/wso2/carbon/apimgt/org.wso2.carbon.apimgt.output.adapter.http/9.22.161/org.wso2.carbon.apimgt.output.adapter.http-9.22.161.jar returned status 404
9.22.162			IOException: Tail request on https://maven-central.storage-download.googleapis.com/maven2/org/wso2/carbon/apimgt/org.wso2.carbon.apimgt.output.adapter.http/9.22.162/org.wso2.carbon.apimgt.output.adapter.http-9.22.162.jar returned status 404
9.22.163			IOException: Tail request on https://maven-central.storage-download.googleapis.com/maven2/org/wso2/carbon/apimgt/org.wso2.carbon.apimgt.output.adapter.http/9.22.163/org.wso2.carbon.apimgt.output.adapter.http-9.22.163.jar returned status 404
9.22.164			IOException: Tail request on https://maven-central.storage-download.googleapis.com/maven2/org/wso2/carbon/apimgt/org.wso2.carbon.apimgt.output.adapter.http/9.22.164/org.wso2.carbon.apimgt.output.adapter.http-9.22.164.jar returned status 404
9.22.165			IOException: Tail request on https://maven-central.storage-download.googleapis.com/maven2/org/wso2/carbon/apimgt/org.wso2.carbon.apimgt.output.adapter.http/9.22.165/org.wso2.carbon.apimgt.output.adapter.http-9.22.165.jar returned status 404
9.22.166			IOException: Tail request on https://maven-central.storage-download.googleapis.com/maven2/org/wso2/carbon/apimgt/org.wso2.carbon.apimgt.output.adapter.http/9.22.166/org.wso2.carbon.apimgt.output.adapter.http-9.22.166.jar returned status 404
9.22.167			IOException: Tail request on https://maven-central.storage-download.googleapis.com/maven2/org/wso2/carbon/apimgt/org.wso2.carbon.apimgt.output.adapter.http/9.22.167/org.wso2.carbon.apimgt.output.adapter.http-9.22.167.jar returned status 404
9.22.168			IOException: Tail request on https://maven-central.storage-download.googleapis.com/maven2/org/wso2/carbon/apimgt/org.wso2.carbon.apimgt.output.adapter.http/9.22.168/org.wso2.carbon.apimgt.output.adapter.http-9.22.168.jar returned status 404
9.22.169			IOException: Tail request on https://maven-central.storage-download.googleapis.com/maven2/org/wso2/carbon/apimgt/org.wso2.carbon.apimgt.output.adapter.http/9.22.169/org.wso2.carbon.apimgt.output.adapter.http-9.22.169.jar returned status 404
9.22.17		2022-07-11T16:03:56Z	
9.22.170			IOException: Tail request on https://maven-central.storage-download.googleapis.com/maven2/org/wso2/carbon/apimgt/org.wso2.carbon.apimgt.output.adapter.http/9.22.170/org.wso2.carbon.apimgt.output.adapter.http-9.22.170.jar returned status 404
9.22.171			IOException: Tail request on https://maven-central.storage-download.googleapis.com/maven2/org/wso2/carbon/apimgt/org.wso2.carbon.apimgt.output.adapter.http/9.22.171/org.wso2.carbon.apimgt.output.adapter.http-9.22.171.jar returned status 404
9.22.172			IOException: Tail request on https://maven-central.storage-download.googleapis.com/maven2/org/wso2/carbon/apimgt/org.wso2.carbon.apimgt.output.adapter.http/9.22.172/org.wso2.carbon.apimgt.output.adapter.http-9.22.172.jar returned status 404
9.22.173			IOException: Tail request on https://maven-central.storage-download.googleapis.com/maven2/org/wso2/carbon/apimgt/org.wso2.carbon.apimgt.output.adapter.http/9.22.173/org.wso2.carbon.apimgt.output.adapter.http-9.22.173.jar returned status 404
9.22.174			IOException: Tail request on https://maven-central.storage-download.googleapis.com/maven2/org/wso2/carbon/apimgt/org.wso2.carbon.apimgt.output.adapter.http/9.22.174/org.wso2.carbon.apimgt.output.adapter.http-9.22.174.jar returned status 404
9.22.175			IOException: Tail request on https://maven-central.storage-download.googleapis.com/maven2/org/wso2/carbon/apimgt/org.wso2.carbon.apimgt.output.adapter.http/9.22.175/org.wso2.carbon.apimgt.output.adapter.http-9.22.175.jar returned status 404
9.22.176			IOException: Tail request on https://maven-central.storage-download.googleapis.com/maven2/org/wso2/carbon/apimgt/org.wso2.carbon.apimgt.output.adapter.http/9.22.176/org.wso2.carbon.apimgt.output.adapter.http-9.22.176.jar returned status 404
9.22.177			IOException: Tail request on https://maven-central.storage-download.googleapis.com/maven2/org/wso2/carbon/apimgt/org.wso2.carbon.apimgt.output.adapter.http/9.22.177/org.wso2.carbon.apimgt.output.adapter.http-9.22.177.jar returned status 404
9.22.178			IOException: Tail request on https://maven-central.storage-download.googleapis.com/maven2/org/wso2/carbon/apimgt/org.wso2.carbon.apimgt.output.adapter.http/9.22.178/org.wso2.carbon.apimgt.output.adapter.http-9.22.178.jar returned status 404
9.22.179			IOException: Tail request on https://maven-central.storage-download.googleapis.com/maven2/org/wso2/carbon/apimgt/org.wso2.carbon.apimgt.output.adapter.http/9.22.179/org.wso2.carbon.apimgt.output.adapter.http-9.22.179.jar returned status 404
9.22.18		2022-07-12T05:02:45Z	
9.22.180			IOException: Tail request on https://maven-central.storage-download.googleapis.com/maven2/org/wso2/carbon/apimgt/org.wso2.carbon.apimgt.output.adapter.http/9.22.180/org.wso2.carbon.apimgt.output.adapter.http-9.22.180.jar returned status 404
9.22.181			IOException: Tail request on https://maven-central.storage-download.googleapis.com/maven2/org/wso2/carbon/apimgt/org.wso2.carbon.apimgt.output.adapter.http/9.22.181/org.wso2.carbon.apimgt.output.adapter.http-9.22.181.jar returned status 404
9.22.182			IOException: Tail request on https://maven-central.storage-download.googleapis.com/maven2/org/wso2/carbon/apimgt/org.wso2.carbon.apimgt.output.adapter.http/9.22.182/org.wso2.carbon.apimgt.output.adapter.http-9.22.182.jar returned status 404
9.22.183			IOException: Tail request on https://maven-central.storage-download.googleapis.com/maven2/org/wso2/carbon/apimgt/org.wso2.carbon.apimgt.output.adapter.http/9.22.183/org.wso2.carbon.apimgt.output.adapter.http-9.22.183.jar returned status 404
9.22.184			IOException: Tail request on https://maven-central.storage-download.googleapis.com/maven2/org/wso2/carbon/apimgt/org.wso2.carbon.apimgt.output.adapter.http/9.22.184/org.wso2.carbon.apimgt.output.adapter.http-9.22.184.jar returned status 404
9.22.185			IOException: Tail request on https://maven-central.storage-download.googleapis.com/maven2/org/wso2/carbon/apimgt/org.wso2.carbon.apimgt.output.adapter.http/9.22.185/org.wso2.carbon.apimgt.output.adapter.http-9.22.185.jar returned status 404
9.22.186			IOException: Tail request on https://maven-central.storage-download.googleapis.com/maven2/org/wso2/carbon/apimgt/org.wso2.carbon.apimgt.output.adapter.http/9.22.186/org.wso2.carbon.apimgt.output.adapter.http-9.22.186.jar returned status 404
9.22.19		2022-07-12T15:13:44Z	
9.22.2			IOException: Tail request on https://maven-central.storage-download.googleapis.com/maven2/org/wso2/carbon/apimgt/org.wso2.carbon.apimgt.output.adapter.http/9.22.2/org.wso2.carbon.apimgt.output.adapter.http-9.22.2.jar returned status 404
9.22.20		2022-07-19T04:16:54Z	
9.22.21		2022-07-19T11:07:57Z	
9.22.22		2022-07-20T04:32:38Z	
9.22.23		2022-07-20T09:21:28Z	
9.22.24		2022-07-22T06:19:45Z	
9.22.25		2022-07-25T06:33:43Z	
9.22.26		2022-07-25T10:16:38Z	
9.22.27		2022-07-27T05:00:20Z	
9.22.28			IOException: Tail request on https://maven-central.storage-download.googleapis.com/maven2/org/wso2/carbon/apimgt/org.wso2.carbon.apimgt.output.adapter.http/9.22.28/org.wso2.carbon.apimgt.output.adapter.http-9.22.28.jar returned status 404
9.22.29			IOException: Tail request on https://maven-central.storage-download.googleapis.com/maven2/org/wso2/carbon/apimgt/org.wso2.carbon.apimgt.output.adapter.http/9.22.29/org.wso2.carbon.apimgt.output.adapter.http-9.22.29.jar returned status 404
9.22.3			IOException: Tail request on https://maven-central.storage-download.googleapis.com/maven2/org/wso2/carbon/apimgt/org.wso2.carbon.apimgt.output.adapter.http/9.22.3/org.wso2.carbon.apimgt.output.adapter.http-9.22.3.jar returned status 404
9.22.30			IOException: Tail request on https://maven-central.storage-download.googleapis.com/maven2/org/wso2/carbon/apimgt/org.wso2.carbon.apimgt.output.adapter.http/9.22.30/org.wso2.carbon.apimgt.output.adapter.http-9.22.30.jar returned status 404
9.22.31			IOException: Tail request on https://maven-central.storage-download.googleapis.com/maven2/org/wso2/carbon/apimgt/org.wso2.carbon.apimgt.output.adapter.http/9.22.31/org.wso2.carbon.apimgt.output.adapter.http-9.22.31.jar returned status 404
9.22.32			IOException: Tail request on https://maven-central.storage-download.googleapis.com/maven2/org/wso2/carbon/apimgt/org.wso2.carbon.apimgt.output.adapter.http/9.22.32/org.wso2.carbon.apimgt.output.adapter.http-9.22.32.jar returned status 404
9.22.33		2022-08-05T16:53:38Z	
9.22.34		2022-08-08T08:15:37Z	
9.22.35		2022-08-10T09:48:44Z	
9.22.36		2022-08-16T05:21:44Z	
9.22.37		2022-08-23T07:09:10Z	
9.22.38		2022-08-30T07:34:12Z	
9.22.39		2022-08-31T12:24:17Z	
9.22.4			IOException: Tail request on https://maven-central.storage-download.googleapis.com/maven2/org/wso2/carbon/apimgt/org.wso2.carbon.apimgt.output.adapter.http/9.22.4/org.wso2.carbon.apimgt.output.adapter.http-9.22.4.jar returned status 404
9.22.40		2022-09-14T09:37:06Z	
9.22.41		2022-09-15T13:28:19Z	
9.22.42		2022-09-16T12:54:23Z	
9.22.43		2022-09-29T11:46:04Z	
9.22.44		2022-10-04T17:50:41Z	
9.22.45		2022-10-05T04:36:50Z	
9.22.46		2022-10-06T06:30:20Z	
9.22.47		2022-10-12T05:17:34Z	
9.22.48		2022-10-14T06:59:19Z	
9.22.49		2022-10-17T04:34:22Z	
9.22.5			IOException: Tail request on https://maven-central.storage-download.googleapis.com/maven2/org/wso2/carbon/apimgt/org.wso2.carbon.apimgt.output.adapter.http/9.22.5/org.wso2.carbon.apimgt.output.adapter.http-9.22.5.jar returned status 404
9.22.50		2022-10-26T09:53:10Z	
9.22.50.2		2022-10-31T06:22:55Z	
9.22.50.3		2022-11-02T17:23:59Z	
9.22.50.4		2022-11-16T08:35:34Z	
9.22.50.5		2022-11-18T09:46:29Z	
9.22.50.6		2022-11-28T05:55:19Z	
9.22.50.7		2022-11-30T10:04:54Z	
9.22.51		2022-10-27T06:45:33Z	
9.22.52		2022-11-04T04:38:06Z	
9.22.53		2022-11-10T05:09:47Z	
9.22.54		2022-11-14T07:13:07Z	
9.22.55		2022-11-15T09:29:11Z	
9.22.56		2022-11-16T11:36:32Z	
9.22.57		2022-11-16T14:09:27Z	
9.22.58		2022-11-16T17:05:37Z	
9.22.59		2022-11-22T06:58:16Z	
9.22.6			IOException: Tail request on https://maven-central.storage-download.googleapis.com/maven2/org/wso2/carbon/apimgt/org.wso2.carbon.apimgt.output.adapter.http/9.22.6/org.wso2.carbon.apimgt.output.adapter.http-9.22.6.jar returned status 404
9.22.61		2022-11-24T12:42:42Z	
9.22.62		2022-11-28T04:33:57Z	
9.22.63		2022-11-29T11:46:42Z	
9.22.64		2022-12-01T12:25:50Z	
9.22.65			IOException: Tail request on https://maven-central.storage-download.googleapis.com/maven2/org/wso2/carbon/apimgt/org.wso2.carbon.apimgt.output.adapter.http/9.22.65/org.wso2.carbon.apimgt.output.adapter.http-9.22.65.jar returned status 404
9.22.66			IOException: Tail request on https://maven-central.storage-download.googleapis.com/maven2/org/wso2/carbon/apimgt/org.wso2.carbon.apimgt.output.adapter.http/9.22.66/org.wso2.carbon.apimgt.output.adapter.http-9.22.66.jar returned status 404
9.22.67			IOException: Tail request on https://maven-central.storage-download.googleapis.com/maven2/org/wso2/carbon/apimgt/org.wso2.carbon.apimgt.output.adapter.http/9.22.67/org.wso2.carbon.apimgt.output.adapter.http-9.22.67.jar returned status 404
9.22.68			IOException: Tail request on https://maven-central.storage-download.googleapis.com/maven2/org/wso2/carbon/apimgt/org.wso2.carbon.apimgt.output.adapter.http/9.22.68/org.wso2.carbon.apimgt.output.adapter.http-9.22.68.jar returned status 404
9.22.69		2023-01-03T10:06:35Z	
9.22.7			IOException: Tail request on https://maven-central.storage-download.googleapis.com/maven2/org/wso2/carbon/apimgt/org.wso2.carbon.apimgt.output.adapter.http/9.22.7/org.wso2.carbon.apimgt.output.adapter.http-9.22.7.jar returned status 404
9.22.70		2023-01-10T12:56:09Z	
9.22.71		2023-01-13T17:39:20Z	
9.22.72		2023-01-13T20:26:49Z	
9.22.73		2023-01-17T10:52:26Z	
9.22.74		2023-01-18T09:02:00Z	
9.22.75		2023-01-23T04:03:22Z	
9.22.76		2023-01-24T06:55:18Z	
9.22.77		2023-01-24T08:11:50Z	
9.22.78		2023-01-27T10:50:00Z	
9.22.79		2023-01-27T17:13:27Z	
9.22.8			IOException: Tail request on https://maven-central.storage-download.googleapis.com/maven2/org/wso2/carbon/apimgt/org.wso2.carbon.apimgt.output.adapter.http/9.22.8/org.wso2.carbon.apimgt.output.adapter.http-9.22.8.jar returned status 404
9.22.80		2023-01-30T15:58:27Z	
9.22.81		2023-02-01T06:02:44Z	
9.22.82		2023-02-01T09:49:41Z	
9.22.83		2023-02-03T19:36:48Z	
9.22.84		2023-02-06T06:09:52Z	
9.22.85		2023-02-06T09:54:37Z	
9.22.86		2023-02-07T07:08:07Z	
9.22.88		2023-02-08T07:15:21Z	
9.22.89		2023-02-09T05:39:28Z	
9.22.9			IOException: Tail request on https://maven-central.storage-download.googleapis.com/maven2/org/wso2/carbon/apimgt/org.wso2.carbon.apimgt.output.adapter.http/9.22.9/org.wso2.carbon.apimgt.output.adapter.http-9.22.9.jar returned status 404
9.22.90		2023-02-09T08:54:45Z	
9.22.91		2023-02-09T13:06:58Z	
9.22.92		2023-02-13T07:08:02Z	
9.22.93		2023-02-14T10:46:00Z	
9.22.94		2023-02-15T04:00:03Z	
9.22.95		2023-02-15T11:20:27Z	
9.22.96		2023-02-15T13:35:22Z	
9.22.98		2023-02-17T06:40:33Z	
9.22.99		2023-02-21T08:50:13Z	
9.23.0		2022-08-09T04:41:23Z	
9.23.1		2022-08-09T11:17:42Z	
9.23.10		2022-08-16T18:13:23Z	
9.23.11		2022-08-17T05:03:07Z	
9.23.12		2022-08-17T11:49:54Z	
9.23.13		2022-08-18T03:33:32Z	
9.23.14		2022-08-19T06:34:01Z	
9.23.15		2022-08-22T07:12:18Z	
9.23.16		2022-08-23T04:06:26Z	
9.23.17		2022-08-23T06:13:32Z	
9.23.18		2022-08-23T07:22:09Z	
9.23.19		2022-08-24T16:16:53Z	
9.23.2		2022-08-10T09:48:59Z	
9.23.3		2022-08-12T10:15:17Z	
9.23.4		2022-08-12T12:27:05Z	
9.23.5		2022-08-12T13:33:28Z	
9.23.6		2022-08-15T08:59:49Z	
9.23.7		2022-08-15T13:57:06Z	
9.23.8		2022-08-15T19:20:40Z	
9.23.9		2022-08-16T06:22:05Z	
9.24.0		2022-08-25T05:27:16Z	
9.24.1		2022-08-25T12:12:58Z	
9.25.0		2022-08-25T14:20:07Z	
9.25.1		2022-08-27T02:19:17Z	
9.25.2		2022-08-29T05:17:13Z	
9.25.3		2022-08-29T10:32:19Z	
9.25.4		2022-08-30T05:18:00Z	
9.25.5		2022-08-30T08:38:14Z	
9.25.6		2022-08-30T11:43:17Z	
9.25.7		2022-08-30T12:50:16Z	
9.25.8		2022-08-31T07:42:52Z	
9.25.9		2022-09-01T03:53:15Z	
9.26.0		2022-09-01T13:24:20Z	
9.26.1		2022-09-05T05:02:23Z	
9.26.10		2022-09-12T06:08:11Z	
9.26.11		2022-09-12T07:30:16Z	
9.26.12		2022-09-12T09:58:14Z	
9.26.13		2022-09-13T10:04:47Z	
9.26.14		2022-09-14T06:34:32Z	
9.26.15		2022-09-14T12:18:49Z	
9.26.16		2022-09-15T06:39:15Z	
9.26.17		2022-09-16T12:07:59Z	
9.26.18		2022-09-19T18:28:25Z	
9.26.19		2022-09-20T05:04:16Z	
9.26.2		2022-09-06T05:40:43Z	
9.26.20		2022-09-20T06:11:38Z	
9.26.21		2022-09-21T09:16:05Z	
9.26.22		2022-09-22T10:34:45Z	
9.26.23		2022-09-26T06:35:21Z	
9.26.24		2022-09-26T10:31:31Z	
9.26.25		2022-09-27T09:19:18Z	
9.26.26		2022-09-28T08:27:14Z	
9.26.27		2022-09-29T05:33:49Z	
9.26.28		2022-09-29T06:49:26Z	
9.26.29		2022-09-29T09:42:55Z	
9.26.3		2022-09-06T08:03:58Z	
9.26.30		2022-09-29T16:48:01Z	
9.26.31		2022-09-30T07:44:45Z	
9.26.32		2022-09-30T09:44:59Z	
9.26.33		2022-10-03T05:48:21Z	
9.26.34		2022-10-04T05:38:05Z	
9.26.35		2022-10-06T10:14:22Z	
9.26.36		2022-10-07T06:15:32Z	
9.26.37		2022-10-11T10:34:43Z	
9.26.38		2022-10-12T05:08:59Z	
9.26.39		2022-10-12T06:23:01Z	
9.26.4		2022-09-07T05:06:58Z	
9.26.40		2022-10-12T11:09:08Z	
9.26.41		2022-10-13T06:06:51Z	
9.26.42		2022-10-14T05:18:23Z	
9.26.43		2022-10-14T07:17:07Z	
9.26.44		2022-10-16T21:55:48Z	
9.26.45		2022-10-17T05:41:57Z	
9.26.46		2022-10-17T11:21:13Z	
9.26.47		2022-10-17T12:31:23Z	
9.26.48		2022-10-18T05:40:14Z	
9.26.49		2022-10-19T06:24:07Z	
9.26.5		2022-09-08T04:02:12Z	
9.26.50		2022-10-19T16:32:00Z	
9.26.51		2022-10-20T08:38:14Z	
9.26.52		2022-10-24T06:05:58Z	
9.26.53		2022-10-24T08:02:14Z	
9.26.54		2022-10-25T12:01:46Z	
9.26.55		2022-10-26T16:57:25Z	
9.26.56		2022-10-27T05:05:01Z	
9.26.57		2022-10-28T04:34:30Z	
9.26.58		2022-10-28T08:40:16Z	
9.26.59		2022-10-28T12:15:51Z	
9.26.6		2022-09-08T09:09:02Z	
9.26.60		2022-10-31T09:52:22Z	
9.26.61		2022-11-01T04:50:05Z	
9.26.62		2022-11-01T11:59:38Z	
9.26.63		2022-11-02T10:36:57Z	
9.26.64		2022-11-03T11:12:10Z	
9.26.65		2022-11-06T11:43:31Z	
9.26.66		2022-11-08T03:31:42Z	
9.26.67		2022-11-08T10:04:54Z	
9.26.68		2022-11-09T03:27:03Z	
9.26.69		2022-11-09T06:45:24Z	
9.26.7		2022-09-08T10:16:03Z	
9.26.70		2022-11-10T09:26:31Z	
9.26.71		2022-11-11T01:28:56Z	
9.26.72		2022-11-11T14:37:46Z	
9.26.8		2022-09-09T04:45:32Z	
9.26.9		2022-09-11T09:24:06Z	
9.27.0		2022-11-12T07:32:39Z	
9.27.1		2022-11-14T07:28:41Z	
9.27.10		2022-11-21T12:55:58Z	
9.27.11		2022-11-21T18:51:52Z	
9.27.12		2022-11-22T04:31:55Z	
9.27.13		2022-11-22T07:07:26Z	
9.27.14		2022-11-23T06:36:49Z	
9.27.15		2022-11-23T10:23:20Z	
9.27.16		2022-11-23T14:13:20Z	
9.27.17		2022-11-23T19:18:54Z	
9.27.2		2022-11-16T05:30:58Z	
9.27.3		2022-11-16T14:50:37Z	
9.27.4		2022-11-17T08:53:22Z	
9.27.5		2022-11-18T07:26:04Z	
9.27.6		2022-11-18T10:56:06Z	
9.27.7		2022-11-18T12:39:53Z	
9.27.8		2022-11-20T16:47:09Z	
9.27.9		2022-11-21T05:06:46Z	
9.28.0		2022-11-24T01:03:48Z	
9.28.1		2022-11-24T14:06:09Z	
9.28.10			IOException: Tail request on https://maven-central.storage-download.googleapis.com/maven2/org/wso2/carbon/apimgt/org.wso2.carbon.apimgt.output.adapter.http/9.28.10/org.wso2.carbon.apimgt.output.adapter.http-9.28.10.jar returned status 404
9.28.100			IOException: Tail request on https://maven-central.storage-download.googleapis.com/maven2/org/wso2/carbon/apimgt/org.wso2.carbon.apimgt.output.adapter.http/9.28.100/org.wso2.carbon.apimgt.output.adapter.http-9.28.100.jar returned status 404
9.28.101			IOException: Tail request on https://maven-central.storage-download.googleapis.com/maven2/org/wso2/carbon/apimgt/org.wso2.carbon.apimgt.output.adapter.http/9.28.101/org.wso2.carbon.apimgt.output.adapter.http-9.28.101.jar returned status 404
9.28.102			IOException: Tail request on https://maven-central.storage-download.googleapis.com/maven2/org/wso2/carbon/apimgt/org.wso2.carbon.apimgt.output.adapter.http/9.28.102/org.wso2.carbon.apimgt.output.adapter.http-9.28.102.jar returned status 404
9.28.103		2023-03-01T05:12:33Z	
9.28.104		2023-03-01T08:38:59Z	
9.28.105		2023-03-01T10:40:07Z	
9.28.106		2023-03-01T13:40:01Z	
9.28.107		2023-03-01T18:35:25Z	
9.28.108		2023-03-01T21:17:53Z	
9.28.109		2023-03-02T02:57:33Z	
9.28.11			IOException: Tail request on https://maven-central.storage-download.googleapis.com/maven2/org/wso2/carbon/apimgt/org.wso2.carbon.apimgt.output.adapter.http/9.28.11/org.wso2.carbon.apimgt.output.adapter.http-9.28.11.jar returned status 404
9.28.110		2023-03-02T04:08:07Z	
9.28.111		2023-03-02T05:16:50Z	
9.28.112		2023-03-02T06:27:24Z	
9.28.113		2023-03-02T10:01:11Z	
9.28.114		2023-03-08T05:53:28Z	
9.28.115		2023-03-10T06:07:18Z	
9.28.116		2023-03-10T13:37:35Z	
9.28.117		2023-03-15T05:21:08Z	
9.28.118		2023-03-16T14:30:54Z	
9.28.119		2023-03-20T16:56:25Z	
9.28.12			IOException: Tail request on https://maven-central.storage-download.googleapis.com/maven2/org/wso2/carbon/apimgt/org.wso2.carbon.apimgt.output.adapter.http/9.28.12/org.wso2.carbon.apimgt.output.adapter.http-9.28.12.jar returned status 404
9.28.120		2023-03-21T05:12:49Z	
9.28.121		2023-03-24T04:48:03Z	
9.28.122		2023-03-24T09:13:36Z	
9.28.123		2023-03-29T04:05:26Z	
9.28.124		2023-03-30T02:52:17Z	
9.28.125		2023-04-05T14:22:19Z	
9.28.126		2023-04-11T04:48:43Z	
9.28.127		2023-04-11T08:52:26Z	
9.28.128		2023-04-13T03:11:53Z	
9.28.129		2023-04-18T05:33:58Z	
9.28.13			IOException: Tail request on https://maven-central.storage-download.googleapis.com/maven2/org/wso2/carbon/apimgt/org.wso2.carbon.apimgt.output.adapter.http/9.28.13/org.wso2.carbon.apimgt.output.adapter.http-9.28.13.jar returned status 404
9.28.130		2023-04-18T09:15:15Z	
9.28.131		2023-04-18T12:19:32Z	
9.28.132		2023-04-19T14:35:02Z	
9.28.133			IOException: Tail request on https://maven-central.storage-download.googleapis.com/maven2/org/wso2/carbon/apimgt/org.wso2.carbon.apimgt.output.adapter.http/9.28.133/org.wso2.carbon.apimgt.output.adapter.http-9.28.133.jar returned status 404
9.28.134			IOException: Tail request on https://maven-central.storage-download.googleapis.com/maven2/org/wso2/carbon/apimgt/org.wso2.carbon.apimgt.output.adapter.http/9.28.134/org.wso2.carbon.apimgt.output.adapter.http-9.28.134.jar returned status 404
9.28.135			IOException: Tail request on https://maven-central.storage-download.googleapis.com/maven2/org/wso2/carbon/apimgt/org.wso2.carbon.apimgt.output.adapter.http/9.28.135/org.wso2.carbon.apimgt.output.adapter.http-9.28.135.jar returned status 404
9.28.136			IOException: Tail request on https://maven-central.storage-download.googleapis.com/maven2/org/wso2/carbon/apimgt/org.wso2.carbon.apimgt.output.adapter.http/9.28.136/org.wso2.carbon.apimgt.output.adapter.http-9.28.136.jar returned status 404
9.28.137			IOException: Tail request on https://maven-central.storage-download.googleapis.com/maven2/org/wso2/carbon/apimgt/org.wso2.carbon.apimgt.output.adapter.http/9.28.137/org.wso2.carbon.apimgt.output.adapter.http-9.28.137.jar returned status 404
9.28.138			IOException: Tail request on https://maven-central.storage-download.googleapis.com/maven2/org/wso2/carbon/apimgt/org.wso2.carbon.apimgt.output.adapter.http/9.28.138/org.wso2.carbon.apimgt.output.adapter.http-9.28.138.jar returned status 404
9.28.139			IOException: Tail request on https://maven-central.storage-download.googleapis.com/maven2/org/wso2/carbon/apimgt/org.wso2.carbon.apimgt.output.adapter.http/9.28.139/org.wso2.carbon.apimgt.output.adapter.http-9.28.139.jar returned status 404
9.28.14			IOException: Tail request on https://maven-central.storage-download.googleapis.com/maven2/org/wso2/carbon/apimgt/org.wso2.carbon.apimgt.output.adapter.http/9.28.14/org.wso2.carbon.apimgt.output.adapter.http-9.28.14.jar returned status 404
9.28.140			IOException: Tail request on https://maven-central.storage-download.googleapis.com/maven2/org/wso2/carbon/apimgt/org.wso2.carbon.apimgt.output.adapter.http/9.28.140/org.wso2.carbon.apimgt.output.adapter.http-9.28.140.jar returned status 404
9.28.141			IOException: Tail request on https://maven-central.storage-download.googleapis.com/maven2/org/wso2/carbon/apimgt/org.wso2.carbon.apimgt.output.adapter.http/9.28.141/org.wso2.carbon.apimgt.output.adapter.http-9.28.141.jar returned status 404
9.28.142			IOException: Tail request on https://maven-central.storage-download.googleapis.com/maven2/org/wso2/carbon/apimgt/org.wso2.carbon.apimgt.output.adapter.http/9.28.142/org.wso2.carbon.apimgt.output.adapter.http-9.28.142.jar returned status 404
9.28.143			IOException: Tail request on https://maven-central.storage-download.googleapis.com/maven2/org/wso2/carbon/apimgt/org.wso2.carbon.apimgt.output.adapter.http/9.28.143/org.wso2.carbon.apimgt.output.adapter.http-9.28.143.jar returned status 404
9.28.144			IOException: Tail request on https://maven-central.storage-download.googleapis.com/maven2/org/wso2/carbon/apimgt/org.wso2.carbon.apimgt.output.adapter.http/9.28.144/org.wso2.carbon.apimgt.output.adapter.http-9.28.144.jar returned status 404
9.28.145			IOException: Tail request on https://maven-central.storage-download.googleapis.com/maven2/org/wso2/carbon/apimgt/org.wso2.carbon.apimgt.output.adapter.http/9.28.145/org.wso2.carbon.apimgt.output.adapter.http-9.28.145.jar returned status 404
9.28.146			IOException: Tail request on https://maven-central.storage-download.googleapis.com/maven2/org/wso2/carbon/apimgt/org.wso2.carbon.apimgt.output.adapter.http/9.28.146/org.wso2.carbon.apimgt.output.adapter.http-9.28.146.jar returned status 404
9.28.147			IOException: Tail request on https://maven-central.storage-download.googleapis.com/maven2/org/wso2/carbon/apimgt/org.wso2.carbon.apimgt.output.adapter.http/9.28.147/org.wso2.carbon.apimgt.output.adapter.http-9.28.147.jar returned status 404
9.28.148			IOException: Tail request on https://maven-central.storage-download.googleapis.com/maven2/org/wso2/carbon/apimgt/org.wso2.carbon.apimgt.output.adapter.http/9.28.148/org.wso2.carbon.apimgt.output.adapter.http-9.28.148.jar returned status 404
9.28.149			IOException: Tail request on https://maven-central.storage-download.googleapis.com/maven2/org/wso2/carbon/apimgt/org.wso2.carbon.apimgt.output.adapter.http/9.28.149/org.wso2.carbon.apimgt.output.adapter.http-9.28.149.jar returned status 404
9.28.15			IOException: Tail request on https://maven-central.storage-download.googleapis.com/maven2/org/wso2/carbon/apimgt/org.wso2.carbon.apimgt.output.adapter.http/9.28.15/org.wso2.carbon.apimgt.output.adapter.http-9.28.15.jar returned status 404
9.28.150			IOException: Tail request on https://maven-central.storage-download.googleapis.com/maven2/org/wso2/carbon/apimgt/org.wso2.carbon.apimgt.output.adapter.http/9.28.150/org.wso2.carbon.apimgt.output.adapter.http-9.28.150.jar returned status 404
9.28.151			IOException: Tail request on https://maven-central.storage-download.googleapis.com/maven2/org/wso2/carbon/apimgt/org.wso2.carbon.apimgt.output.adapter.http/9.28.151/org.wso2.carbon.apimgt.output.adapter.http-9.28.151.jar returned status 404
9.28.152			IOException: Tail request on https://maven-central.storage-download.googleapis.com/maven2/org/wso2/carbon/apimgt/org.wso2.carbon.apimgt.output.adapter.http/9.28.152/org.wso2.carbon.apimgt.output.adapter.http-9.28.152.jar returned status 404
9.28.153			IOException: Tail request on https://maven-central.storage-download.googleapis.com/maven2/org/wso2/carbon/apimgt/org.wso2.carbon.apimgt.output.adapter.http/9.28.153/org.wso2.carbon.apimgt.output.adapter.http-9.28.153.jar returned status 404
9.28.155			IOException: Tail request on https://maven-central.storage-download.googleapis.com/maven2/org/wso2/carbon/apimgt/org.wso2.carbon.apimgt.output.adapter.http/9.28.155/org.wso2.carbon.apimgt.output.adapter.http-9.28.155.jar returned status 404
9.28.156			IOException: Tail request on https://maven-central.storage-download.googleapis.com/maven2/org/wso2/carbon/apimgt/org.wso2.carbon.apimgt.output.adapter.http/9.28.156/org.wso2.carbon.apimgt.output.adapter.http-9.28.156.jar returned status 404
9.28.157			IOException: Tail request on https://maven-central.storage-download.googleapis.com/maven2/org/wso2/carbon/apimgt/org.wso2.carbon.apimgt.output.adapter.http/9.28.157/org.wso2.carbon.apimgt.output.adapter.http-9.28.157.jar returned status 404
9.28.158			IOException: Tail request on https://maven-central.storage-download.googleapis.com/maven2/org/wso2/carbon/apimgt/org.wso2.carbon.apimgt.output.adapter.http/9.28.158/org.wso2.carbon.apimgt.output.adapter.http-9.28.158.jar returned status 404
9.28.159			IOException: Tail request on https://maven-central.storage-download.googleapis.com/maven2/org/wso2/carbon/apimgt/org.wso2.carbon.apimgt.output.adapter.http/9.28.159/org.wso2.carbon.apimgt.output.adapter.http-9.28.159.jar returned status 404
9.28.16			IOException: Tail request on https://maven-central.storage-download.googleapis.com/maven2/org/wso2/carbon/apimgt/org.wso2.carbon.apimgt.output.adapter.http/9.28.16/org.wso2.carbon.apimgt.output.adapter.http-9.28.16.jar returned status 404
9.28.160			IOException: Tail request on https://maven-central.storage-download.googleapis.com/maven2/org/wso2/carbon/apimgt/org.wso2.carbon.apimgt.output.adapter.http/9.28.160/org.wso2.carbon.apimgt.output.adapter.http-9.28.160.jar returned status 404
9.28.161			IOException: Tail request on https://maven-central.storage-download.googleapis.com/maven2/org/wso2/carbon/apimgt/org.wso2.carbon.apimgt.output.adapter.http/9.28.161/org.wso2.carbon.apimgt.output.adapter.http-9.28.161.jar returned status 404
9.28.162			IOException: Tail request on https://maven-central.storage-download.googleapis.com/maven2/org/wso2/carbon/apimgt/org.wso2.carbon.apimgt.output.adapter.http/9.28.162/org.wso2.carbon.apimgt.output.adapter.http-9.28.162.jar returned status 404
9.28.163			IOException: Tail request on https://maven-central.storage-download.googleapis.com/maven2/org/wso2/carbon/apimgt/org.wso2.carbon.apimgt.output.adapter.http/9.28.163/org.wso2.carbon.apimgt.output.adapter.http-9.28.163.jar returned status 404
9.28.164			IOException: Tail request on https://maven-central.storage-download.googleapis.com/maven2/org/wso2/carbon/apimgt/org.wso2.carbon.apimgt.output.adapter.http/9.28.164/org.wso2.carbon.apimgt.output.adapter.http-9.28.164.jar returned status 404
9.28.165			IOException: Tail request on https://maven-central.storage-download.googleapis.com/maven2/org/wso2/carbon/apimgt/org.wso2.carbon.apimgt.output.adapter.http/9.28.165/org.wso2.carbon.apimgt.output.adapter.http-9.28.165.jar returned status 404
9.28.166			IOException: Tail request on https://maven-central.storage-download.googleapis.com/maven2/org/wso2/carbon/apimgt/org.wso2.carbon.apimgt.output.adapter.http/9.28.166/org.wso2.carbon.apimgt.output.adapter.http-9.28.166.jar returned status 404
9.28.167			IOException: Tail request on https://maven-central.storage-download.googleapis.com/maven2/org/wso2/carbon/apimgt/org.wso2.carbon.apimgt.output.adapter.http/9.28.167/org.wso2.carbon.apimgt.output.adapter.http-9.28.167.jar returned status 404
9.28.168			IOException: Tail request on https://maven-central.storage-download.googleapis.com/maven2/org/wso2/carbon/apimgt/org.wso2.carbon.apimgt.output.adapter.http/9.28.168/org.wso2.carbon.apimgt.output.adapter.http-9.28.168.jar returned status 404
9.28.169			IOException: Tail request on https://maven-central.storage-download.googleapis.com/maven2/org/wso2/carbon/apimgt/org.wso2.carbon.apimgt.output.adapter.http/9.28.169/org.wso2.carbon.apimgt.output.adapter.http-9.28.169.jar returned status 404
9.28.17			IOException: Tail request on https://maven-central.storage-download.googleapis.com/maven2/org/wso2/carbon/apimgt/org.wso2.carbon.apimgt.output.adapter.http/9.28.17/org.wso2.carbon.apimgt.output.adapter.http-9.28.17.jar returned status 404
9.28.170			IOException: Tail request on https://maven-central.storage-download.googleapis.com/maven2/org/wso2/carbon/apimgt/org.wso2.carbon.apimgt.output.adapter.http/9.28.170/org.wso2.carbon.apimgt.output.adapter.http-9.28.170.jar returned status 404
9.28.171			IOException: Tail request on https://maven-central.storage-download.googleapis.com/maven2/org/wso2/carbon/apimgt/org.wso2.carbon.apimgt.output.adapter.http/9.28.171/org.wso2.carbon.apimgt.output.adapter.http-9.28.171.jar returned status 404
9.28.172			IOException: Tail request on https://maven-central.storage-download.googleapis.com/maven2/org/wso2/carbon/apimgt/org.wso2.carbon.apimgt.output.adapter.http/9.28.172/org.wso2.carbon.apimgt.output.adapter.http-9.28.172.jar returned status 404
9.28.173			IOException: Tail request on https://maven-central.storage-download.googleapis.com/maven2/org/wso2/carbon/apimgt/org.wso2.carbon.apimgt.output.adapter.http/9.28.173/org.wso2.carbon.apimgt.output.adapter.http-9.28.173.jar returned status 404
9.28.174			IOException: Tail request on https://maven-central.storage-download.googleapis.com/maven2/org/wso2/carbon/apimgt/org.wso2.carbon.apimgt.output.adapter.http/9.28.174/org.wso2.carbon.apimgt.output.adapter.http-9.28.174.jar returned status 404
9.28.175			IOException: Tail request on https://maven-central.storage-download.googleapis.com/maven2/org/wso2/carbon/apimgt/org.wso2.carbon.apimgt.output.adapter.http/9.28.175/org.wso2.carbon.apimgt.output.adapter.http-9.28.175.jar returned status 404
9.28.176			IOException: Tail request on https://maven-central.storage-download.googleapis.com/maven2/org/wso2/carbon/apimgt/org.wso2.carbon.apimgt.output.adapter.http/9.28.176/org.wso2.carbon.apimgt.output.adapter.http-9.28.176.jar returned status 404
9.28.177			IOException: Tail request on https://maven-central.storage-download.googleapis.com/maven2/org/wso2/carbon/apimgt/org.wso2.carbon.apimgt.output.adapter.http/9.28.177/org.wso2.carbon.apimgt.output.adapter.http-9.28.177.jar returned status 404
9.28.178			IOException: Tail request on https://maven-central.storage-download.googleapis.com/maven2/org/wso2/carbon/apimgt/org.wso2.carbon.apimgt.output.adapter.http/9.28.178/org.wso2.carbon.apimgt.output.adapter.http-9.28.178.jar returned status 404
9.28.179			IOException: Tail request on https://maven-central.storage-download.googleapis.com/maven2/org/wso2/carbon/apimgt/org.wso2.carbon.apimgt.output.adapter.http/9.28.179/org.wso2.carbon.apimgt.output.adapter.http-9.28.179.jar returned status 404
9.28.18			IOException: Tail request on https://maven-central.storage-download.googleapis.com/maven2/org/wso2/carbon/apimgt/org.wso2.carbon.apimgt.output.adapter.http/9.28.18/org.wso2.carbon.apimgt.output.adapter.http-9.28.18.jar returned status 404
9.28.180			IOException: Tail request on https://maven-central.storage-download.googleapis.com/maven2/org/wso2/carbon/apimgt/org.wso2.carbon.apimgt.output.adapter.http/9.28.180/org.wso2.carbon.apimgt.output.adapter.http-9.28.180.jar returned status 404
9.28.181			IOException: Tail request on https://maven-central.storage-download.googleapis.com/maven2/org/wso2/carbon/apimgt/org.wso2.carbon.apimgt.output.adapter.http/9.28.181/org.wso2.carbon.apimgt.output.adapter.http-9.28.181.jar returned status 404
9.28.182			IOException: Tail request on https://maven-central.storage-download.googleapis.com/maven2/org/wso2/carbon/apimgt/org.wso2.carbon.apimgt.output.adapter.http/9.28.182/org.wso2.carbon.apimgt.output.adapter.http-9.28.182.jar returned status 404
9.28.183			IOException: Tail request on https://maven-central.storage-download.googleapis.com/maven2/org/wso2/carbon/apimgt/org.wso2.carbon.apimgt.output.adapter.http/9.28.183/org.wso2.carbon.apimgt.output.adapter.http-9.28.183.jar returned status 404
9.28.184			IOException: Tail request on https://maven-central.storage-download.googleapis.com/maven2/org/wso2/carbon/apimgt/org.wso2.carbon.apimgt.output.adapter.http/9.28.184/org.wso2.carbon.apimgt.output.adapter.http-9.28.184.jar returned status 404
9.28.185			IOException: Tail request on https://maven-central.storage-download.googleapis.com/maven2/org/wso2/carbon/apimgt/org.wso2.carbon.apimgt.output.adapter.http/9.28.185/org.wso2.carbon.apimgt.output.adapter.http-9.28.185.jar returned status 404
9.28.186			IOException: Tail request on https://maven-central.storage-download.googleapis.com/maven2/org/wso2/carbon/apimgt/org.wso2.carbon.apimgt.output.adapter.http/9.28.186/org.wso2.carbon.apimgt.output.adapter.http-9.28.186.jar returned status 404
9.28.187			IOException: Tail request on https://maven-central.storage-download.googleapis.com/maven2/org/wso2/carbon/apimgt/org.wso2.carbon.apimgt.output.adapter.http/9.28.187/org.wso2.carbon.apimgt.output.adapter.http-9.28.187.jar returned status 404
9.28.188			IOException: Tail request on https://maven-central.storage-download.googleapis.com/maven2/org/wso2/carbon/apimgt/org.wso2.carbon.apimgt.output.adapter.http/9.28.188/org.wso2.carbon.apimgt.output.adapter.http-9.28.188.jar returned status 404
9.28.189			IOException: Tail request on https://maven-central.storage-download.googleapis.com/maven2/org/wso2/carbon/apimgt/org.wso2.carbon.apimgt.output.adapter.http/9.28.189/org.wso2.carbon.apimgt.output.adapter.http-9.28.189.jar returned status 404
9.28.19			IOException: Tail request on https://maven-central.storage-download.googleapis.com/maven2/org/wso2/carbon/apimgt/org.wso2.carbon.apimgt.output.adapter.http/9.28.19/org.wso2.carbon.apimgt.output.adapter.http-9.28.19.jar returned status 404
9.28.190			IOException: Tail request on https://maven-central.storage-download.googleapis.com/maven2/org/wso2/carbon/apimgt/org.wso2.carbon.apimgt.output.adapter.http/9.28.190/org.wso2.carbon.apimgt.output.adapter.http-9.28.190.jar returned status 404
9.28.191			IOException: Tail request on https://maven-central.storage-download.googleapis.com/maven2/org/wso2/carbon/apimgt/org.wso2.carbon.apimgt.output.adapter.http/9.28.191/org.wso2.carbon.apimgt.output.adapter.http-9.28.191.jar returned status 404
9.28.192			IOException: Tail request on https://maven-central.storage-download.googleapis.com/maven2/org/wso2/carbon/apimgt/org.wso2.carbon.apimgt.output.adapter.http/9.28.192/org.wso2.carbon.apimgt.output.adapter.http-9.28.192.jar returned status 404
9.28.193			IOException: Tail request on https://maven-central.storage-download.googleapis.com/maven2/org/wso2/carbon/apimgt/org.wso2.carbon.apimgt.output.adapter.http/9.28.193/org.wso2.carbon.apimgt.output.adapter.http-9.28.193.jar returned status 404
9.28.194			IOException: Tail request on https://maven-central.storage-download.googleapis.com/maven2/org/wso2/carbon/apimgt/org.wso2.carbon.apimgt.output.adapter.http/9.28.194/org.wso2.carbon.apimgt.output.adapter.http-9.28.194.jar returned status 404
9.28.195			IOException: Tail request on https://maven-central.storage-download.googleapis.com/maven2/org/wso2/carbon/apimgt/org.wso2.carbon.apimgt.output.adapter.http/9.28.195/org.wso2.carbon.apimgt.output.adapter.http-9.28.195.jar returned status 404
9.28.196			IOException: Tail request on https://maven-central.storage-download.googleapis.com/maven2/org/wso2/carbon/apimgt/org.wso2.carbon.apimgt.output.adapter.http/9.28.196/org.wso2.carbon.apimgt.output.adapter.http-9.28.196.jar returned status 404
9.28.197			IOException: Tail request on https://maven-central.storage-download.googleapis.com/maven2/org/wso2/carbon/apimgt/org.wso2.carbon.apimgt.output.adapter.http/9.28.197/org.wso2.carbon.apimgt.output.adapter.http-9.28.197.jar returned status 404
9.28.198			IOException: Tail request on https://maven-central.storage-download.googleapis.com/maven2/org/wso2/carbon/apimgt/org.wso2.carbon.apimgt.output.adapter.http/9.28.198/org.wso2.carbon.apimgt.output.adapter.http-9.28.198.jar returned status 404
9.28.199			IOException: Tail request on https://maven-central.storage-download.googleapis.com/maven2/org/wso2/carbon/apimgt/org.wso2.carbon.apimgt.output.adapter.http/9.28.199/org.wso2.carbon.apimgt.output.adapter.http-9.28.199.jar returned status 404
9.28.2		2022-11-25T01:22:03Z	
9.28.20			IOException: Tail request on https://maven-central.storage-download.googleapis.com/maven2/org/wso2/carbon/apimgt/org.wso2.carbon.apimgt.output.adapter.http/9.28.20/org.wso2.carbon.apimgt.output.adapter.http-9.28.20.jar returned status 404
9.28.200			IOException: Tail request on https://maven-central.storage-download.googleapis.com/maven2/org/wso2/carbon/apimgt/org.wso2.carbon.apimgt.output.adapter.http/9.28.200/org.wso2.carbon.apimgt.output.adapter.http-9.28.200.jar returned status 404
9.28.201			IOException: Tail request on https://maven-central.storage-download.googleapis.com/maven2/org/wso2/carbon/apimgt/org.wso2.carbon.apimgt.output.adapter.http/9.28.201/org.wso2.carbon.apimgt.output.adapter.http-9.28.201.jar returned status 404
9.28.202			IOException: Tail request on https://maven-central.storage-download.googleapis.com/maven2/org/wso2/carbon/apimgt/org.wso2.carbon.apimgt.output.adapter.http/9.28.202/org.wso2.carbon.apimgt.output.adapter.http-9.28.202.jar returned status 404
9.28.203			IOException: Tail request on https://maven-central.storage-download.googleapis.com/maven2/org/wso2/carbon/apimgt/org.wso2.carbon.apimgt.output.adapter.http/9.28.203/org.wso2.carbon.apimgt.output.adapter.http-9.28.203.jar returned status 404
9.28.204			IOException: Tail request on https://maven-central.storage-download.googleapis.com/maven2/org/wso2/carbon/apimgt/org.wso2.carbon.apimgt.output.adapter.http/9.28.204/org.wso2.carbon.apimgt.output.adapter.http-9.28.204.jar returned status 404
9.28.205			IOException: Tail request on https://maven-central.storage-download.googleapis.com/maven2/org/wso2/carbon/apimgt/org.wso2.carbon.apimgt.output.adapter.http/9.28.205/org.wso2.carbon.apimgt.output.adapter.http-9.28.205.jar returned status 404
9.28.206			IOException: Tail request on https://maven-central.storage-download.googleapis.com/maven2/org/wso2/carbon/apimgt/org.wso2.carbon.apimgt.output.adapter.http/9.28.206/org.wso2.carbon.apimgt.output.adapter.http-9.28.206.jar returned status 404
9.28.207			IOException: Tail request on https://maven-central.storage-download.googleapis.com/maven2/org/wso2/carbon/apimgt/org.wso2.carbon.apimgt.output.adapter.http/9.28.207/org.wso2.carbon.apimgt.output.adapter.http-9.28.207.jar returned status 404
9.28.208			IOException: Tail request on https://maven-central.storage-download.googleapis.com/maven2/org/wso2/carbon/apimgt/org.wso2.carbon.apimgt.output.adapter.http/9.28.208/org.wso2.carbon.apimgt.output.adapter.http-9.28.208.jar returned status 404
9.28.209			IOException: Tail request on https://maven-central.storage-download.googleapis.com/maven2/org/wso2/carbon/apimgt/org.wso2.carbon.apimgt.output.adapter.http/9.28.209/org.wso2.carbon.apimgt.output.adapter.http-9.28.209.jar returned status 404
9.28.21			IOException: Tail request on https://maven-central.storage-download.googleapis.com/maven2/org/wso2/carbon/apimgt/org.wso2.carbon.apimgt.output.adapter.http/9.28.21/org.wso2.carbon.apimgt.output.adapter.http-9.28.21.jar returned status 404
9.28.210			IOException: Tail request on https://maven-central.storage-download.googleapis.com/maven2/org/wso2/carbon/apimgt/org.wso2.carbon.apimgt.output.adapter.http/9.28.210/org.wso2.carbon.apimgt.output.adapter.http-9.28.210.jar returned status 404
9.28.211			IOException: Tail request on https://maven-central.storage-download.googleapis.com/maven2/org/wso2/carbon/apimgt/org.wso2.carbon.apimgt.output.adapter.http/9.28.211/org.wso2.carbon.apimgt.output.adapter.http-9.28.211.jar returned status 404
9.28.212		2024-01-09T07:02:15Z	
9.28.213		2024-01-10T07:30:04Z	
9.28.214		2024-01-10T13:59:12Z	
9.28.215		2024-01-10T15:52:59Z	
9.28.216		2024-01-12T08:29:34Z	
9.28.217		2024-01-16T16:23:42Z	
9.28.218		2024-01-17T06:39:04Z	
9.28.219		2024-01-17T10:11:20Z	
9.28.22			IOException: Tail request on https://maven-central.storage-download.googleapis.com/maven2/org/wso2/carbon/apimgt/org.wso2.carbon.apimgt.output.adapter.http/9.28.22/org.wso2.carbon.apimgt.output.adapter.http-9.28.22.jar returned status 404
9.28.220			IOException: Tail request on https://maven-central.storage-download.googleapis.com/maven2/org/wso2/carbon/apimgt/org.wso2.carbon.apimgt.output.adapter.http/9.28.220/org.wso2.carbon.apimgt.output.adapter.http-9.28.220.jar returned status 404
9.28.221			IOException: Tail request on https://maven-central.storage-download.googleapis.com/maven2/org/wso2/carbon/apimgt/org.wso2.carbon.apimgt.output.adapter.http/9.28.221/org.wso2.carbon.apimgt.output.adapter.http-9.28.221.jar returned status 404
9.28.222			IOException: Tail request on https://maven-central.storage-download.googleapis.com/maven2/org/wso2/carbon/apimgt/org.wso2.carbon.apimgt.output.adapter.http/9.28.222/org.wso2.carbon.apimgt.output.adapter.http-9.28.222.jar returned status 404
9.28.23			IOException: Tail request on https://maven-central.storage-download.googleapis.com/maven2/org/wso2/carbon/apimgt/org.wso2.carbon.apimgt.output.adapter.http/9.28.23/org.wso2.carbon.apimgt.output.adapter.http-9.28.23.jar returned status 404
9.28.24			IOException: Tail request on https://maven-central.storage-download.googleapis.com/maven2/org/wso2/carbon/apimgt/org.wso2.carbon.apimgt.output.adapter.http/9.28.24/org.wso2.carbon.apimgt.output.adapter.http-9.28.24.jar returned status 404
9.28.25			IOException: Tail request on https://maven-central.storage-download.googleapis.com/maven2/org/wso2/carbon/apimgt/org.wso2.carbon.apimgt.output.adapter.http/9.28.25/org.wso2.carbon.apimgt.output.adapter.http-9.28.25.jar returned status 404
9.28.26			IOException: Tail request on https://maven-central.storage-download.googleapis.com/maven2/org/wso2/carbon/apimgt/org.wso2.carbon.apimgt.output.adapter.http/9.28.26/org.wso2.carbon.apimgt.output.adapter.http-9.28.26.jar returned status 404
9.28.27		2023-01-04T03:18:58Z	
9.28.28		2023-01-04T06:52:47Z	
9.28.29		2023-01-10T10:20:15Z	
9.28.3		2022-11-26T15:14:15Z	
9.28.30		2023-01-10T14:51:11Z	
9.28.31		2023-01-10T18:41:03Z	
9.28.32		2023-01-11T04:45:51Z	
9.28.33		2023-01-11T08:35:44Z	
9.28.34		2023-01-12T11:14:14Z	
9.28.35		2023-01-13T06:25:36Z	
9.28.36		2023-01-14T18:12:14Z	
9.28.37		2023-01-16T06:22:58Z	
9.28.38		2023-01-17T08:47:26Z	
9.28.39		2023-01-18T05:14:53Z	
9.28.4		2022-11-28T02:15:37Z	
9.28.40		2023-01-18T07:11:29Z	
9.28.41		2023-01-19T06:18:54Z	
9.28.42		2023-01-20T04:11:06Z	
9.28.43		2023-01-20T05:22:36Z	
9.28.44		2023-01-20T12:15:01Z	
9.28.45		2023-01-23T04:37:48Z	
9.28.46		2023-01-23T05:50:54Z	
9.28.47		2023-01-23T07:00:56Z	
9.28.48		2023-01-23T12:19:50Z	
9.28.49		2023-01-24T03:23:11Z	
9.28.5		2022-11-29T09:08:14Z	
9.28.50		2023-01-24T04:59:15Z	
9.28.51		2023-01-24T06:26:30Z	
9.28.52		2023-01-24T09:31:24Z	
9.28.53		2023-01-24T11:01:42Z	
9.28.54		2023-01-24T17:14:30Z	
9.28.55		2023-01-27T08:02:56Z	
9.28.56		2023-01-27T12:45:56Z	
9.28.57		2023-01-30T02:41:58Z	
9.28.58		2023-01-30T07:05:07Z	
9.28.59		2023-01-30T12:10:28Z	
9.28.6		2022-11-30T01:13:39Z	
9.28.60		2023-01-30T14:17:51Z	
9.28.61		2023-01-31T08:00:39Z	
9.28.62		2023-01-31T19:08:32Z	
9.28.63		2023-01-31T21:38:13Z	
9.28.64		2023-02-01T06:58:01Z	
9.28.65		2023-02-01T09:38:09Z	
9.28.66		2023-02-02T05:06:38Z	
9.28.67		2023-02-02T07:11:24Z	
9.28.68		2023-02-02T10:40:37Z	
9.28.69		2023-02-02T12:57:09Z	
9.28.7		2022-11-30T05:48:29Z	
9.28.70		2023-02-02T20:05:14Z	
9.28.71		2023-02-03T05:04:58Z	
9.28.72		2023-02-06T06:14:33Z	
9.28.73		2023-02-06T11:37:05Z	
9.28.74		2023-02-06T17:48:06Z	
9.28.75		2023-02-06T20:02:30Z	
9.28.76		2023-02-07T11:12:57Z	
9.28.77		2023-02-08T05:41:06Z	
9.28.78		2023-02-08T09:10:01Z	
9.28.79		2023-02-13T05:10:30Z	
9.28.8		2022-12-01T12:28:11Z	
9.28.80		2023-02-14T05:48:43Z	
9.28.81		2023-02-14T06:57:55Z	
9.28.82		2023-02-14T09:21:01Z	
9.28.83		2023-02-14T13:16:08Z	
9.28.84		2023-02-14T18:07:10Z	
9.28.85		2023-02-15T03:15:47Z	
9.28.86		2023-02-15T07:05:04Z	
9.28.87		2023-02-16T05:47:51Z	
9.28.88		2023-02-16T14:49:22Z	
9.28.89		2023-02-17T08:21:00Z	
9.28.9			IOException: Tail request on https://maven-central.storage-download.googleapis.com/maven2/org/wso2/carbon/apimgt/org.wso2.carbon.apimgt.output.adapter.http/9.28.9/org.wso2.carbon.apimgt.output.adapter.http-9.28.9.jar returned status 404
9.28.90		2023-02-20T05:55:26Z	
9.28.91		2023-02-20T10:48:56Z	
9.28.92		2023-02-21T06:02:42Z	
9.28.93		2023-02-21T07:13:32Z	
9.28.94		2023-02-21T11:25:58Z	
9.28.95		2023-02-21T12:36:58Z	
9.28.96			IOException: Tail request on https://maven-central.storage-download.googleapis.com/maven2/org/wso2/carbon/apimgt/org.wso2.carbon.apimgt.output.adapter.http/9.28.96/org.wso2.carbon.apimgt.output.adapter.http-9.28.96.jar returned status 404
9.28.97			IOException: Tail request on https://maven-central.storage-download.googleapis.com/maven2/org/wso2/carbon/apimgt/org.wso2.carbon.apimgt.output.adapter.http/9.28.97/org.wso2.carbon.apimgt.output.adapter.http-9.28.97.jar returned status 404
9.28.98			IOException: Tail request on https://maven-central.storage-download.googleapis.com/maven2/org/wso2/carbon/apimgt/org.wso2.carbon.apimgt.output.adapter.http/9.28.98/org.wso2.carbon.apimgt.output.adapter.http-9.28.98.jar returned status 404
9.28.99			IOException: Tail request on https://maven-central.storage-download.googleapis.com/maven2/org/wso2/carbon/apimgt/org.wso2.carbon.apimgt.output.adapter.http/9.28.99/org.wso2.carbon.apimgt.output.adapter.http-9.28.99.jar returned status 404
9.29.0			IOException: Tail request on https://maven-central.storage-download.googleapis.com/maven2/org/wso2/carbon/apimgt/org.wso2.carbon.apimgt.output.adapter.http/9.29.0/org.wso2.carbon.apimgt.output.adapter.http-9.29.0.jar returned status 404
9.29.1			IOException: Tail request on https://maven-central.storage-download.googleapis.com/maven2/org/wso2/carbon/apimgt/org.wso2.carbon.apimgt.output.adapter.http/9.29.1/org.wso2.carbon.apimgt.output.adapter.http-9.29.1.jar returned status 404
9.29.10			IOException: Tail request on https://maven-central.storage-download.googleapis.com/maven2/org/wso2/carbon/apimgt/org.wso2.carbon.apimgt.output.adapter.http/9.29.10/org.wso2.carbon.apimgt.output.adapter.http-9.29.10.jar returned status 404
9.29.100			IOException: Tail request on https://maven-central.storage-download.googleapis.com/maven2/org/wso2/carbon/apimgt/org.wso2.carbon.apimgt.output.adapter.http/9.29.100/org.wso2.carbon.apimgt.output.adapter.http-9.29.100.jar returned status 404
9.29.101			IOException: Tail request on https://maven-central.storage-download.googleapis.com/maven2/org/wso2/carbon/apimgt/org.wso2.carbon.apimgt.output.adapter.http/9.29.101/org.wso2.carbon.apimgt.output.adapter.http-9.29.101.jar returned status 404
9.29.102			IOException: Tail request on https://maven-central.storage-download.googleapis.com/maven2/org/wso2/carbon/apimgt/org.wso2.carbon.apimgt.output.adapter.http/9.29.102/org.wso2.carbon.apimgt.output.adapter.http-9.29.102.jar returned status 404
9.29.103			IOException: Tail request on https://maven-central.storage-download.googleapis.com/maven2/org/wso2/carbon/apimgt/org.wso2.carbon.apimgt.output.adapter.http/9.29.103/org.wso2.carbon.apimgt.output.adapter.http-9.29.103.jar returned status 404
9.29.104			IOException: Tail request on https://maven-central.storage-download.googleapis.com/maven2/org/wso2/carbon/apimgt/org.wso2.carbon.apimgt.output.adapter.http/9.29.104/org.wso2.carbon.apimgt.output.adapter.http-9.29.104.jar returned status 404
9.29.105			IOException: Tail request on https://maven-central.storage-download.googleapis.com/maven2/org/wso2/carbon/apimgt/org.wso2.carbon.apimgt.output.adapter.http/9.29.105/org.wso2.carbon.apimgt.output.adapter.http-9.29.105.jar returned status 404
9.29.106			IOException: Tail request on https://maven-central.storage-download.googleapis.com/maven2/org/wso2/carbon/apimgt/org.wso2.carbon.apimgt.output.adapter.http/9.29.106/org.wso2.carbon.apimgt.output.adapter.http-9.29.106.jar returned status 404
9.29.107			IOException: Tail request on https://maven-central.storage-download.googleapis.com/maven2/org/wso2/carbon/apimgt/org.wso2.carbon.apimgt.output.adapter.http/9.29.107/org.wso2.carbon.apimgt.output.adapter.http-9.29.107.jar returned status 404
9.29.108			IOException: Tail request on https://maven-central.storage-download.googleapis.com/maven2/org/wso2/carbon/apimgt/org.wso2.carbon.apimgt.output.adapter.http/9.29.108/org.wso2.carbon.apimgt.output.adapter.http-9.29.108.jar returned status 404
9.29.109			IOException: Tail request on https://maven-central.storage-download.googleapis.com/maven2/org/wso2/carbon/apimgt/org.wso2.carbon.apimgt.output.adapter.http/9.29.109/org.wso2.carbon.apimgt.output.adapter.http-9.29.109.jar returned status 404
9.29.11			IOException: Tail request on https://maven-central.storage-download.googleapis.com/maven2/org/wso2/carbon/apimgt/org.wso2.carbon.apimgt.output.adapter.http/9.29.11/org.wso2.carbon.apimgt.output.adapter.http-9.29.11.jar returned status 404
9.29.110			IOException: Tail request on https://maven-central.storage-download.googleapis.com/maven2/org/wso2/carbon/apimgt/org.wso2.carbon.apimgt.output.adapter.http/9.29.110/org.wso2.carbon.apimgt.output.adapter.http-9.29.110.jar returned status 404
9.29.111			IOException: Tail request on https://maven-central.storage-download.googleapis.com/maven2/org/wso2/carbon/apimgt/org.wso2.carbon.apimgt.output.adapter.http/9.29.111/org.wso2.carbon.apimgt.output.adapter.http-9.29.111.jar returned status 404
9.29.112			IOException: Tail request on https://maven-central.storage-download.googleapis.com/maven2/org/wso2/carbon/apimgt/org.wso2.carbon.apimgt.output.adapter.http/9.29.112/org.wso2.carbon.apimgt.output.adapter.http-9.29.112.jar returned status 404
9.29.113			IOException: Tail request on https://maven-central.storage-download.googleapis.com/maven2/org/wso2/carbon/apimgt/org.wso2.carbon.apimgt.output.adapter.http/9.29.113/org.wso2.carbon.apimgt.output.adapter.http-9.29.113.jar returned status 404
9.29.114			IOException: Tail request on https://maven-central.storage-download.googleapis.com/maven2/org/wso2/carbon/apimgt/org.wso2.carbon.apimgt.output.adapter.http/9.29.114/org.wso2.carbon.apimgt.output.adapter.http-9.29.114.jar returned status 404
9.29.115			IOException: Tail request on https://maven-central.storage-download.googleapis.com/maven2/org/wso2/carbon/apimgt/org.wso2.carbon.apimgt.output.adapter.http/9.29.115/org.wso2.carbon.apimgt.output.adapter.http-9.29.115.jar returned status 404
9.29.116			IOException: Tail request on https://maven-central.storage-download.googleapis.com/maven2/org/wso2/carbon/apimgt/org.wso2.carbon.apimgt.output.adapter.http/9.29.116/org.wso2.carbon.apimgt.output.adapter.http-9.29.116.jar returned status 404
9.29.117			IOException: Tail request on https://maven-central.storage-download.googleapis.com/maven2/org/wso2/carbon/apimgt/org.wso2.carbon.apimgt.output.adapter.http/9.29.117/org.wso2.carbon.apimgt.output.adapter.http-9.29.117.jar returned status 404
9.29.118			IOException: Tail request on https://maven-central.storage-download.googleapis.com/maven2/org/wso2/carbon/apimgt/org.wso2.carbon.apimgt.output.adapter.http/9.29.118/org.wso2.carbon.apimgt.output.adapter.http-9.29.118.jar returned status 404
9.29.119			IOException: Tail request on https://maven-central.storage-download.googleapis.com/maven2/org/wso2/carbon/apimgt/org.wso2.carbon.apimgt.output.adapter.http/9.29.119/org.wso2.carbon.apimgt.output.adapter.http-9.29.119.jar returned status 404
9.29.12			IOException: Tail request on https://maven-central.storage-download.googleapis.com/maven2/org/wso2/carbon/apimgt/org.wso2.carbon.apimgt.output.adapter.http/9.29.12/org.wso2.carbon.apimgt.output.adapter.http-9.29.12.jar returned status 404
9.29.120		2024-04-07T16:21:24Z	
9.29.121		2024-04-22T05:35:22Z	
9.29.122		2024-04-22T06:58:32Z	
9.29.123		2024-04-24T05:28:17Z	
9.29.124		2024-04-24T11:37:02Z	
9.29.125		2024-04-26T08:03:54Z	
9.29.126		2024-04-29T06:39:28Z	
9.29.127		2024-04-29T08:47:15Z	
9.29.128		2024-04-30T06:40:09Z	
9.29.129		2024-04-30T08:52:46Z	
9.29.13			IOException: Tail request on https://maven-central.storage-download.googleapis.com/maven2/org/wso2/carbon/apimgt/org.wso2.carbon.apimgt.output.adapter.http/9.29.13/org.wso2.carbon.apimgt.output.adapter.http-9.29.13.jar returned status 404
9.29.130			IOException: Tail request on https://maven-central.storage-download.googleapis.com/maven2/org/wso2/carbon/apimgt/org.wso2.carbon.apimgt.output.adapter.http/9.29.130/org.wso2.carbon.apimgt.output.adapter.http-9.29.130.jar returned status 404
9.29.131		2024-05-09T06:02:58Z	
9.29.132		2024-05-09T10:12:28Z	
9.29.133		2024-05-14T09:00:25Z	
9.29.134		2024-05-17T06:12:11Z	
9.29.135			IOException: Tail request on https://maven-central.storage-download.googleapis.com/maven2/org/wso2/carbon/apimgt/org.wso2.carbon.apimgt.output.adapter.http/9.29.135/org.wso2.carbon.apimgt.output.adapter.http-9.29.135.jar returned status 404
9.29.136			IOException: Tail request on https://maven-central.storage-download.googleapis.com/maven2/org/wso2/carbon/apimgt/org.wso2.carbon.apimgt.output.adapter.http/9.29.136/org.wso2.carbon.apimgt.output.adapter.http-9.29.136.jar returned status 404
9.29.137			IOException: Tail request on https://maven-central.storage-download.googleapis.com/maven2/org/wso2/carbon/apimgt/org.wso2.carbon.apimgt.output.adapter.http/9.29.137/org.wso2.carbon.apimgt.output.adapter.http-9.29.137.jar returned status 404
9.29.138			IOException: Tail request on https://maven-central.storage-download.googleapis.com/maven2/org/wso2/carbon/apimgt/org.wso2.carbon.apimgt.output.adapter.http/9.29.138/org.wso2.carbon.apimgt.output.adapter.http-9.29.138.jar returned status 404
9.29.139			IOException: Tail request on https://maven-central.storage-download.googleapis.com/maven2/org/wso2/carbon/apimgt/org.wso2.carbon.apimgt.output.adapter.http/9.29.139/org.wso2.carbon.apimgt.output.adapter.http-9.29.139.jar returned status 404
9.29.14		2024-02-06T05:39:35Z	
9.29.140			IOException: Tail request on https://maven-central.storage-download.googleapis.com/maven2/org/wso2/carbon/apimgt/org.wso2.carbon.apimgt.output.adapter.http/9.29.140/org.wso2.carbon.apimgt.output.adapter.http-9.29.140.jar returned status 404
9.29.141		2024-06-03T05:38:09Z	
9.29.142		2024-06-06T09:09:58Z	
9.29.143		2024-06-07T05:21:36Z	
9.29.144		2024-06-10T09:08:57Z	
9.29.145		2024-06-12T08:37:27Z	
9.29.146		2024-06-14T05:46:25Z	
9.29.147		2024-06-17T05:40:38Z	
9.29.148			IOException: Tail request on https://maven-central.storage-download.googleapis.com/maven2/org/wso2/carbon/apimgt/org.wso2.carbon.apimgt.output.adapter.http/9.29.148/org.wso2.carbon.apimgt.output.adapter.http-9.29.148.jar returned status 404
9.29.149			IOException: Tail request on https://maven-central.storage-download.googleapis.com/maven2/org/wso2/carbon/apimgt/org.wso2.carbon.apimgt.output.adapter.http/9.29.149/org.wso2.carbon.apimgt.output.adapter.http-9.29.149.jar returned status 404
9.29.15		2024-02-06T07:15:48Z	
9.29.150			IOException: Tail request on https://maven-central.storage-download.googleapis.com/maven2/org/wso2/carbon/apimgt/org.wso2.carbon.apimgt.output.adapter.http/9.29.150/org.wso2.carbon.apimgt.output.adapter.http-9.29.150.jar returned status 404
9.29.151			IOException: Tail request on https://maven-central.storage-download.googleapis.com/maven2/org/wso2/carbon/apimgt/org.wso2.carbon.apimgt.output.adapter.http/9.29.151/org.wso2.carbon.apimgt.output.adapter.http-9.29.151.jar returned status 404
9.29.152			IOException: Tail request on https://maven-central.storage-download.googleapis.com/maven2/org/wso2/carbon/apimgt/org.wso2.carbon.apimgt.output.adapter.http/9.29.152/org.wso2.carbon.apimgt.output.adapter.http-9.29.152.jar returned status 404
9.29.153			IOException: Tail request on https://maven-central.storage-download.googleapis.com/maven2/org/wso2/carbon/apimgt/org.wso2.carbon.apimgt.output.adapter.http/9.29.153/org.wso2.carbon.apimgt.output.adapter.http-9.29.153.jar returned status 404
9.29.154			IOException: Tail request on https://maven-central.storage-download.googleapis.com/maven2/org/wso2/carbon/apimgt/org.wso2.carbon.apimgt.output.adapter.http/9.29.154/org.wso2.carbon.apimgt.output.adapter.http-9.29.154.jar returned status 404
9.29.155			IOException: Tail request on https://maven-central.storage-download.googleapis.com/maven2/org/wso2/carbon/apimgt/org.wso2.carbon.apimgt.output.adapter.http/9.29.155/org.wso2.carbon.apimgt.output.adapter.http-9.29.155.jar returned status 404
9.29.156			IOException: Tail request on https://maven-central.storage-download.googleapis.com/maven2/org/wso2/carbon/apimgt/org.wso2.carbon.apimgt.output.adapter.http/9.29.156/org.wso2.carbon.apimgt.output.adapter.http-9.29.156.jar returned status 404
9.29.157			IOException: Tail request on https://maven-central.storage-download.googleapis.com/maven2/org/wso2/carbon/apimgt/org.wso2.carbon.apimgt.output.adapter.http/9.29.157/org.wso2.carbon.apimgt.output.adapter.http-9.29.157.jar returned status 404
9.29.158			IOException: Tail request on https://maven-central.storage-download.googleapis.com/maven2/org/wso2/carbon/apimgt/org.wso2.carbon.apimgt.output.adapter.http/9.29.158/org.wso2.carbon.apimgt.output.adapter.http-9.29.158.jar returned status 404
9.29.159			IOException: Tail request on https://maven-central.storage-download.googleapis.com/maven2/org/wso2/carbon/apimgt/org.wso2.carbon.apimgt.output.adapter.http/9.29.159/org.wso2.carbon.apimgt.output.adapter.http-9.29.159.jar returned status 404
9.29.16		2024-02-06T08:28:31Z	
9.29.160			IOException: Tail request on https://maven-central.storage-download.googleapis.com/maven2/org/wso2/carbon/apimgt/org.wso2.carbon.apimgt.output.adapter.http/9.29.160/org.wso2.carbon.apimgt.output.adapter.http-9.29.160.jar returned status 404
9.29.161		2024-07-15T05:10:19Z	
9.29.162			IOException: Tail request on https://maven-central.storage-download.googleapis.com/maven2/org/wso2/carbon/apimgt/org.wso2.carbon.apimgt.output.adapter.http/9.29.162/org.wso2.carbon.apimgt.output.adapter.http-9.29.162.jar returned status 404
9.29.163			IOException: Tail request on https://maven-central.storage-download.googleapis.com/maven2/org/wso2/carbon/apimgt/org.wso2.carbon.apimgt.output.adapter.http/9.29.163/org.wso2.carbon.apimgt.output.adapter.http-9.29.163.jar returned status 404
9.29.164			IOException: Tail request on https://maven-central.storage-download.googleapis.com/maven2/org/wso2/carbon/apimgt/org.wso2.carbon.apimgt.output.adapter.http/9.29.164/org.wso2.carbon.apimgt.output.adapter.http-9.29.164.jar returned status 404
9.29.165			IOException: Tail request on https://maven-central.storage-download.googleapis.com/maven2/org/wso2/carbon/apimgt/org.wso2.carbon.apimgt.output.adapter.http/9.29.165/org.wso2.carbon.apimgt.output.adapter.http-9.29.165.jar returned status 404
9.29.166			IOException: Tail request on https://maven-central.storage-download.googleapis.com/maven2/org/wso2/carbon/apimgt/org.wso2.carbon.apimgt.output.adapter.http/9.29.166/org.wso2.carbon.apimgt.output.adapter.http-9.29.166.jar returned status 404
9.29.167			IOException: Tail request on https://maven-central.storage-download.googleapis.com/maven2/org/wso2/carbon/apimgt/org.wso2.carbon.apimgt.output.adapter.http/9.29.167/org.wso2.carbon.apimgt.output.adapter.http-9.29.167.jar returned status 404
9.29.168			IOException: Tail request on https://maven-central.storage-download.googleapis.com/maven2/org/wso2/carbon/apimgt/org.wso2.carbon.apimgt.output.adapter.http/9.29.168/org.wso2.carbon.apimgt.output.adapter.http-9.29.168.jar returned status 404
9.29.169			IOException: Tail request on https://maven-central.storage-download.googleapis.com/maven2/org/wso2/carbon/apimgt/org.wso2.carbon.apimgt.output.adapter.http/9.29.169/org.wso2.carbon.apimgt.output.adapter.http-9.29.169.jar returned status 404
9.29.17		2024-02-06T12:06:25Z	
9.29.170			IOException: Tail request on https://maven-central.storage-download.googleapis.com/maven2/org/wso2/carbon/apimgt/org.wso2.carbon.apimgt.output.adapter.http/9.29.170/org.wso2.carbon.apimgt.output.adapter.http-9.29.170.jar returned status 404
9.29.171			IOException: Tail request on https://maven-central.storage-download.googleapis.com/maven2/org/wso2/carbon/apimgt/org.wso2.carbon.apimgt.output.adapter.http/9.29.171/org.wso2.carbon.apimgt.output.adapter.http-9.29.171.jar returned status 404
9.29.172			IOException: Tail request on https://maven-central.storage-download.googleapis.com/maven2/org/wso2/carbon/apimgt/org.wso2.carbon.apimgt.output.adapter.http/9.29.172/org.wso2.carbon.apimgt.output.adapter.http-9.29.172.jar returned status 404
9.29.173			IOException: Tail request on https://maven-central.storage-download.googleapis.com/maven2/org/wso2/carbon/apimgt/org.wso2.carbon.apimgt.output.adapter.http/9.29.173/org.wso2.carbon.apimgt.output.adapter.http-9.29.173.jar returned status 404
9.29.174			IOException: Tail request on https://maven-central.storage-download.googleapis.com/maven2/org/wso2/carbon/apimgt/org.wso2.carbon.apimgt.output.adapter.http/9.29.174/org.wso2.carbon.apimgt.output.adapter.http-9.29.174.jar returned status 404
9.29.175			IOException: Tail request on https://maven-central.storage-download.googleapis.com/maven2/org/wso2/carbon/apimgt/org.wso2.carbon.apimgt.output.adapter.http/9.29.175/org.wso2.carbon.apimgt.output.adapter.http-9.29.175.jar returned status 404
9.29.176			IOException: Tail request on https://maven-central.storage-download.googleapis.com/maven2/org/wso2/carbon/apimgt/org.wso2.carbon.apimgt.output.adapter.http/9.29.176/org.wso2.carbon.apimgt.output.adapter.http-9.29.176.jar returned status 404
9.29.177			IOException: Tail request on https://maven-central.storage-download.googleapis.com/maven2/org/wso2/carbon/apimgt/org.wso2.carbon.apimgt.output.adapter.http/9.29.177/org.wso2.carbon.apimgt.output.adapter.http-9.29.177.jar returned status 404
9.29.178			IOException: Tail request on https://maven-central.storage-download.googleapis.com/maven2/org/wso2/carbon/apimgt/org.wso2.carbon.apimgt.output.adapter.http/9.29.178/org.wso2.carbon.apimgt.output.adapter.http-9.29.178.jar returned status 404
9.29.179			IOException: Tail request on https://maven-central.storage-download.googleapis.com/maven2/org/wso2/carbon/apimgt/org.wso2.carbon.apimgt.output.adapter.http/9.29.179/org.wso2.carbon.apimgt.output.adapter.http-9.29.179.jar returned status 404
9.29.18		2024-02-06T13:23:19Z	
9.29.180			IOException: Tail request on https://maven-central.storage-download.googleapis.com/maven2/org/wso2/carbon/apimgt/org.wso2.carbon.apimgt.output.adapter.http/9.29.180/org.wso2.carbon.apimgt.output.adapter.http-9.29.180.jar returned status 404
9.29.181			IOException: Tail request on https://maven-central.storage-download.googleapis.com/maven2/org/wso2/carbon/apimgt/org.wso2.carbon.apimgt.output.adapter.http/9.29.181/org.wso2.carbon.apimgt.output.adapter.http-9.29.181.jar returned status 404
9.29.182			IOException: Tail request on https://maven-central.storage-download.googleapis.com/maven2/org/wso2/carbon/apimgt/org.wso2.carbon.apimgt.output.adapter.http/9.29.182/org.wso2.carbon.apimgt.output.adapter.http-9.29.182.jar returned status 404
9.29.183			IOException: Tail request on https://maven-central.storage-download.googleapis.com/maven2/org/wso2/carbon/apimgt/org.wso2.carbon.apimgt.output.adapter.http/9.29.183/org.wso2.carbon.apimgt.output.adapter.http-9.29.183.jar returned status 404
9.29.184			IOException: Tail request on https://maven-central.storage-download.googleapis.com/maven2/org/wso2/carbon/apimgt/org.wso2.carbon.apimgt.output.adapter.http/9.29.184/org.wso2.carbon.apimgt.output.adapter.http-9.29.184.jar returned status 404
9.29.185			IOException: Tail request on https://maven-central.storage-download.googleapis.com/maven2/org/wso2/carbon/apimgt/org.wso2.carbon.apimgt.output.adapter.http/9.29.185/org.wso2.carbon.apimgt.output.adapter.http-9.29.185.jar returned status 404
9.29.186			IOException: Tail request on https://maven-central.storage-download.googleapis.com/maven2/org/wso2/carbon/apimgt/org.wso2.carbon.apimgt.output.adapter.http/9.29.186/org.wso2.carbon.apimgt.output.adapter.http-9.29.186.jar returned status 404
9.29.187			IOException: Tail request on https://maven-central.storage-download.googleapis.com/maven2/org/wso2/carbon/apimgt/org.wso2.carbon.apimgt.output.adapter.http/9.29.187/org.wso2.carbon.apimgt.output.adapter.http-9.29.187.jar returned status 404
9.29.188			IOException: Tail request on https://maven-central.storage-download.googleapis.com/maven2/org/wso2/carbon/apimgt/org.wso2.carbon.apimgt.output.adapter.http/9.29.188/org.wso2.carbon.apimgt.output.adapter.http-9.29.188.jar returned status 404
9.29.189			IOException: Tail request on https://maven-central.storage-download.googleapis.com/maven2/org/wso2/carbon/apimgt/org.wso2.carbon.apimgt.output.adapter.http/9.29.189/org.wso2.carbon.apimgt.output.adapter.http-9.29.189.jar returned status 404
9.29.19		2024-02-06T14:45:33Z	
9.29.190			IOException: Tail request on https://maven-central.storage-download.googleapis.com/maven2/org/wso2/carbon/apimgt/org.wso2.carbon.apimgt.output.adapter.http/9.29.190/org.wso2.carbon.apimgt.output.adapter.http-9.29.190.jar returned status 404
9.29.191			IOException: Tail request on https://maven-central.storage-download.googleapis.com/maven2/org/wso2/carbon/apimgt/org.wso2.carbon.apimgt.output.adapter.http/9.29.191/org.wso2.carbon.apimgt.output.adapter.http-9.29.191.jar returned status 404
9.29.192			IOException: Tail request on https://maven-central.storage-download.googleapis.com/maven2/org/wso2/carbon/apimgt/org.wso2.carbon.apimgt.output.adapter.http/9.29.192/org.wso2.carbon.apimgt.output.adapter.http-9.29.192.jar returned status 404
9.29.193		2024-08-26T05:18:38Z	
9.29.194		2024-09-02T09:34:58Z	
9.29.195		2024-09-03T09:53:03Z	
9.29.196		2024-09-07T19:40:18Z	
9.29.197		2024-09-09T03:59:41Z	
9.29.198		2024-09-09T07:59:28Z	
9.29.199		2024-09-10T13:17:23Z	
9.29.2			IOException: Tail request on https://maven-central.storage-download.googleapis.com/maven2/org/wso2/carbon/apimgt/org.wso2.carbon.apimgt.output.adapter.http/9.29.2/org.wso2.carbon.apimgt.output.adapter.http-9.29.2.jar returned status 404
9.29.20		2024-02-07T09:57:52Z	
9.29.200		2024-09-19T04:48:58Z	
9.29.201		2024-09-19T05:59:51Z	
9.29.202		2024-09-19T07:09:33Z	
9.29.203		2024-09-20T09:28:41Z	
9.29.204		2024-09-20T10:40:13Z	
9.29.205		2024-09-24T06:33:22Z	
9.29.21		2024-02-07T18:14:29Z	
9.29.22		2024-02-08T11:13:53Z	
9.29.23		2024-02-08T13:15:11Z	
9.29.24		2024-02-09T10:10:13Z	
9.29.25			IOException: Tail request on https://maven-central.storage-download.googleapis.com/maven2/org/wso2/carbon/apimgt/org.wso2.carbon.apimgt.output.adapter.http/9.29.25/org.wso2.carbon.apimgt.output.adapter.http-9.29.25.jar returned status 404
9.29.26			IOException: Tail request on https://maven-central.storage-download.googleapis.com/maven2/org/wso2/carbon/apimgt/org.wso2.carbon.apimgt.output.adapter.http/9.29.26/org.wso2.carbon.apimgt.output.adapter.http-9.29.26.jar returned status 404
9.29.27			IOException: Tail request on https://maven-central.storage-download.googleapis.com/maven2/org/wso2/carbon/apimgt/org.wso2.carbon.apimgt.output.adapter.http/9.29.27/org.wso2.carbon.apimgt.output.adapter.http-9.29.27.jar returned status 404
9.29.28			IOException: Tail request on https://maven-central.storage-download.googleapis.com/maven2/org/wso2/carbon/apimgt/org.wso2.carbon.apimgt.output.adapter.http/9.29.28/org.wso2.carbon.apimgt.output.adapter.http-9.29.28.jar returned status 404
9.29.29			IOException: Tail request on https://maven-central.storage-download.googleapis.com/maven2/org/wso2/carbon/apimgt/org.wso2.carbon.apimgt.output.adapter.http/9.29.29/org.wso2.carbon.apimgt.output.adapter.http-9.29.29.jar returned status 404
9.29.3			IOException: Tail request on https://maven-central.storage-download.googleapis.com/maven2/org/wso2/carbon/apimgt/org.wso2.carbon.apimgt.output.adapter.http/9.29.3/org.wso2.carbon.apimgt.output.adapter.http-9.29.3.jar returned status 404
9.29.30			IOException: Tail request on https://maven-central.storage-download.googleapis.com/maven2/org/wso2/carbon/apimgt/org.wso2.carbon.apimgt.output.adapter.http/9.29.30/org.wso2.carbon.apimgt.output.adapter.http-9.29.30.jar returned status 404
9.29.31			IOException: Tail request on https://maven-central.storage-download.googleapis.com/maven2/org/wso2/carbon/apimgt/org.wso2.carbon.apimgt.output.adapter.http/9.29.31/org.wso2.carbon.apimgt.output.adapter.http-9.29.31.jar returned status 404
9.29.32			IOException: Tail request on https://maven-central.storage-download.googleapis.com/maven2/org/wso2/carbon/apimgt/org.wso2.carbon.apimgt.output.adapter.http/9.29.32/org.wso2.carbon.apimgt.output.adapter.http-9.29.32.jar returned status 404
9.29.33			IOException: Tail request on https://maven-central.storage-download.googleapis.com/maven2/org/wso2/carbon/apimgt/org.wso2.carbon.apimgt.output.adapter.http/9.29.33/org.wso2.carbon.apimgt.output.adapter.http-9.29.33.jar returned status 404
9.29.34			IOException: Tail request on https://maven-central.storage-download.googleapis.com/maven2/org/wso2/carbon/apimgt/org.wso2.carbon.apimgt.output.adapter.http/9.29.34/org.wso2.carbon.apimgt.output.adapter.http-9.29.34.jar returned status 404
9.29.35			IOException: Tail request on https://maven-central.storage-download.googleapis.com/maven2/org/wso2/carbon/apimgt/org.wso2.carbon.apimgt.output.adapter.http/9.29.35/org.wso2.carbon.apimgt.output.adapter.http-9.29.35.jar returned status 404
9.29.36			IOException: Tail request on https://maven-central.storage-download.googleapis.com/maven2/org/wso2/carbon/apimgt/org.wso2.carbon.apimgt.output.adapter.http/9.29.36/org.wso2.carbon.apimgt.output.adapter.http-9.29.36.jar returned status 404
9.29.37			IOException: Tail request on https://maven-central.storage-download.googleapis.com/maven2/org/wso2/carbon/apimgt/org.wso2.carbon.apimgt.output.adapter.http/9.29.37/org.wso2.carbon.apimgt.output.adapter.http-9.29.37.jar returned status 404
9.29.38			IOException: Tail request on https://maven-central.storage-download.googleapis.com/maven2/org/wso2/carbon/apimgt/org.wso2.carbon.apimgt.output.adapter.http/9.29.38/org.wso2.carbon.apimgt.output.adapter.http-9.29.38.jar returned status 404
9.29.39			IOException: Tail request on https://maven-central.storage-download.googleapis.com/maven2/org/wso2/carbon/apimgt/org.wso2.carbon.apimgt.output.adapter.http/9.29.39/org.wso2.carbon.apimgt.output.adapter.http-9.29.39.jar returned status 404
9.29.4			IOException: Tail request on https://maven-central.storage-download.googleapis.com/maven2/org/wso2/carbon/apimgt/org.wso2.carbon.apimgt.output.adapter.http/9.29.4/org.wso2.carbon.apimgt.output.adapter.http-9.29.4.jar returned status 404
9.29.40			IOException: Tail request on https://maven-central.storage-download.googleapis.com/maven2/org/wso2/carbon/apimgt/org.wso2.carbon.apimgt.output.adapter.http/9.29.40/org.wso2.carbon.apimgt.output.adapter.http-9.29.40.jar returned status 404
9.29.41			IOException: Tail request on https://maven-central.storage-download.googleapis.com/maven2/org/wso2/carbon/apimgt/org.wso2.carbon.apimgt.output.adapter.http/9.29.41/org.wso2.carbon.apimgt.output.adapter.http-9.29.41.jar returned status 404
9.29.42			IOException: Tail request on https://maven-central.storage-download.googleapis.com/maven2/org/wso2/carbon/apimgt/org.wso2.carbon.apimgt.output.adapter.http/9.29.42/org.wso2.carbon.apimgt.output.adapter.http-9.29.42.jar returned status 404
9.29.43			IOException: Tail request on https://maven-central.storage-download.googleapis.com/maven2/org/wso2/carbon/apimgt/org.wso2.carbon.apimgt.output.adapter.http/9.29.43/org.wso2.carbon.apimgt.output.adapter.http-9.29.43.jar returned status 404
9.29.44			IOException: Tail request on https://maven-central.storage-download.googleapis.com/maven2/org/wso2/carbon/apimgt/org.wso2.carbon.apimgt.output.adapter.http/9.29.44/org.wso2.carbon.apimgt.output.adapter.http-9.29.44.jar returned status 404
9.29.45		2024-03-04T10:53:51Z	
9.29.46		2024-03-04T16:37:17Z	
9.29.47			IOException: Tail request on https://maven-central.storage-download.googleapis.com/maven2/org/wso2/carbon/apimgt/org.wso2.carbon.apimgt.output.adapter.http/9.29.47/org.wso2.carbon.apimgt.output.adapter.http-9.29.47.jar returned status 404
9.29.48			IOException: Tail request on https://maven-central.storage-download.googleapis.com/maven2/org/wso2/carbon/apimgt/org.wso2.carbon.apimgt.output.adapter.http/9.29.48/org.wso2.carbon.apimgt.output.adapter.http-9.29.48.jar returned status 404
9.29.49			IOException: Tail request on https://maven-central.storage-download.googleapis.com/maven2/org/wso2/carbon/apimgt/org.wso2.carbon.apimgt.output.adapter.http/9.29.49/org.wso2.carbon.apimgt.output.adapter.http-9.29.49.jar returned status 404
9.29.5			IOException: Tail request on https://maven-central.storage-download.googleapis.com/maven2/org/wso2/carbon/apimgt/org.wso2.carbon.apimgt.output.adapter.http/9.29.5/org.wso2.carbon.apimgt.output.adapter.http-9.29.5.jar returned status 404
9.29.50			IOException: Tail request on https://maven-central.storage-download.googleapis.com/maven2/org/wso2/carbon/apimgt/org.wso2.carbon.apimgt.output.adapter.http/9.29.50/org.wso2.carbon.apimgt.output.adapter.http-9.29.50.jar returned status 404
9.29.51			IOException: Tail request on https://maven-central.storage-download.googleapis.com/maven2/org/wso2/carbon/apimgt/org.wso2.carbon.apimgt.output.adapter.http/9.29.51/org.wso2.carbon.apimgt.output.adapter.http-9.29.51.jar returned status 404
9.29.52			IOException: Tail request on https://maven-central.storage-download.googleapis.com/maven2/org/wso2/carbon/apimgt/org.wso2.carbon.apimgt.output.adapter.http/9.29.52/org.wso2.carbon.apimgt.output.adapter.http-9.29.52.jar returned status 404
9.29.53			IOException: Tail request on https://maven-central.storage-download.googleapis.com/maven2/org/wso2/carbon/apimgt/org.wso2.carbon.apimgt.output.adapter.http/9.29.53/org.wso2.carbon.apimgt.output.adapter.http-9.29.53.jar returned status 404
9.29.54			IOException: Tail request on https://maven-central.storage-download.googleapis.com/maven2/org/wso2/carbon/apimgt/org.wso2.carbon.apimgt.output.adapter.http/9.29.54/org.wso2.carbon.apimgt.output.adapter.http-9.29.54.jar returned status 404
9.29.55			IOException: Tail request on https://maven-central.storage-download.googleapis.com/maven2/org/wso2/carbon/apimgt/org.wso2.carbon.apimgt.output.adapter.http/9.29.55/org.wso2.carbon.apimgt.output.adapter.http-9.29.55.jar returned status 404
9.29.56			IOException: Tail request on https://maven-central.storage-download.googleapis.com/maven2/org/wso2/carbon/apimgt/org.wso2.carbon.apimgt.output.adapter.http/9.29.56/org.wso2.carbon.apimgt.output.adapter.http-9.29.56.jar returned status 404
9.29.57		2024-03-18T17:30:57Z	
9.29.58		2024-03-19T03:28:11Z	
9.29.59		2024-03-19T04:51:12Z	
9.29.6			IOException: Tail request on https://maven-central.storage-download.googleapis.com/maven2/org/wso2/carbon/apimgt/org.wso2.carbon.apimgt.output.adapter.http/9.29.6/org.wso2.carbon.apimgt.output.adapter.http-9.29.6.jar returned status 404
9.29.60		2024-03-19T06:14:15Z	
9.29.61		2024-03-19T10:34:04Z	
9.29.62		2024-03-20T05:37:11Z	
9.29.63		2024-03-20T10:20:39Z	
9.29.64		2024-03-20T11:45:54Z	
9.29.65		2024-03-20T13:07:08Z	
9.29.66		2024-03-20T15:18:02Z	
9.29.67		2024-03-20T16:39:43Z	
9.29.68		2024-03-21T05:52:16Z	
9.29.69		2024-03-21T11:00:59Z	
9.29.7			IOException: Tail request on https://maven-central.storage-download.googleapis.com/maven2/org/wso2/carbon/apimgt/org.wso2.carbon.apimgt.output.adapter.http/9.29.7/org.wso2.carbon.apimgt.output.adapter.http-9.29.7.jar returned status 404
9.29.70		2024-03-21T14:59:52Z	
9.29.71			IOException: Tail request on https://maven-central.storage-download.googleapis.com/maven2/org/wso2/carbon/apimgt/org.wso2.carbon.apimgt.output.adapter.http/9.29.71/org.wso2.carbon.apimgt.output.adapter.http-9.29.71.jar returned status 404
9.29.72			IOException: Tail request on https://maven-central.storage-download.googleapis.com/maven2/org/wso2/carbon/apimgt/org.wso2.carbon.apimgt.output.adapter.http/9.29.72/org.wso2.carbon.apimgt.output.adapter.http-9.29.72.jar returned status 404
9.29.73			IOException: Tail request on https://maven-central.storage-download.googleapis.com/maven2/org/wso2/carbon/apimgt/org.wso2.carbon.apimgt.output.adapter.http/9.29.73/org.wso2.carbon.apimgt.output.adapter.http-9.29.73.jar returned status 404
9.29.74			IOException: Tail request on https://maven-central.storage-download.googleapis.com/maven2/org/wso2/carbon/apimgt/org.wso2.carbon.apimgt.output.adapter.http/9.29.74/org.wso2.carbon.apimgt.output.adapter.http-9.29.74.jar returned status 404
9.29.75			IOException: Tail request on https://maven-central.storage-download.googleapis.com/maven2/org/wso2/carbon/apimgt/org.wso2.carbon.apimgt.output.adapter.http/9.29.75/org.wso2.carbon.apimgt.output.adapter.http-9.29.75.jar returned status 404
9.29.76			IOException: Tail request on https://maven-central.storage-download.googleapis.com/maven2/org/wso2/carbon/apimgt/org.wso2.carbon.apimgt.output.adapter.http/9.29.76/org.wso2.carbon.apimgt.output.adapter.http-9.29.76.jar returned status 404
9.29.77			IOException: Tail request on https://maven-central.storage-download.googleapis.com/maven2/org/wso2/carbon/apimgt/org.wso2.carbon.apimgt.output.adapter.http/9.29.77/org.wso2.carbon.apimgt.output.adapter.http-9.29.77.jar returned status 404
9.29.78			IOException: Tail request on https://maven-central.storage-download.googleapis.com/maven2/org/wso2/carbon/apimgt/org.wso2.carbon.apimgt.output.adapter.http/9.29.78/org.wso2.carbon.apimgt.output.adapter.http-9.29.78.jar returned status 404
9.29.79			IOException: Tail request on https://maven-central.storage-download.googleapis.com/maven2/org/wso2/carbon/apimgt/org.wso2.carbon.apimgt.output.adapter.http/9.29.79/org.wso2.carbon.apimgt.output.adapter.http-9.29.79.jar returned status 404
9.29.8			IOException: Tail request on https://maven-central.storage-download.googleapis.com/maven2/org/wso2/carbon/apimgt/org.wso2.carbon.apimgt.output.adapter.http/9.29.8/org.wso2.carbon.apimgt.output.adapter.http-9.29.8.jar returned status 404
9.29.80			IOException: Tail request on https://maven-central.storage-download.googleapis.com/maven2/org/wso2/carbon/apimgt/org.wso2.carbon.apimgt.output.adapter.http/9.29.80/org.wso2.carbon.apimgt.output.adapter.http-9.29.80.jar returned status 404
9.29.81			IOException: Tail request on https://maven-central.storage-download.googleapis.com/maven2/org/wso2/carbon/apimgt/org.wso2.carbon.apimgt.output.adapter.http/9.29.81/org.wso2.carbon.apimgt.output.adapter.http-9.29.81.jar returned status 404
9.29.82			IOException: Tail request on https://maven-central.storage-download.googleapis.com/maven2/org/wso2/carbon/apimgt/org.wso2.carbon.apimgt.output.adapter.http/9.29.82/org.wso2.carbon.apimgt.output.adapter.http-9.29.82.jar returned status 404
9.29.83			IOException: Tail request on https://maven-central.storage-download.googleapis.com/maven2/org/wso2/carbon/apimgt/org.wso2.carbon.apimgt.output.adapter.http/9.29.83/org.wso2.carbon.apimgt.output.adapter.http-9.29.83.jar returned status 404
9.29.84			IOException: Tail request on https://maven-central.storage-download.googleapis.com/maven2/org/wso2/carbon/apimgt/org.wso2.carbon.apimgt.output.adapter.http/9.29.84/org.wso2.carbon.apimgt.output.adapter.http-9.29.84.jar returned status 404
9.29.85			IOException: Tail request on https://maven-central.storage-download.googleapis.com/maven2/org/wso2/carbon/apimgt/org.wso2.carbon.apimgt.output.adapter.http/9.29.85/org.wso2.carbon.apimgt.output.adapter.http-9.29.85.jar returned status 404
9.29.86			IOException: Tail request on https://maven-central.storage-download.googleapis.com/maven2/org/wso2/carbon/apimgt/org.wso2.carbon.apimgt.output.adapter.http/9.29.86/org.wso2.carbon.apimgt.output.adapter.http-9.29.86.jar returned status 404
9.29.87			IOException: Tail request on https://maven-central.storage-download.googleapis.com/maven2/org/wso2/carbon/apimgt/org.wso2.carbon.apimgt.output.adapter.http/9.29.87/org.wso2.carbon.apimgt.output.adapter.http-9.29.87.jar returned status 404
9.29.88			IOException: Tail request on https://maven-central.storage-download.googleapis.com/maven2/org/wso2/carbon/apimgt/org.wso2.carbon.apimgt.output.adapter.http/9.29.88/org.wso2.carbon.apimgt.output.adapter.http-9.29.88.jar returned status 404
9.29.89			IOException: Tail request on https://maven-central.storage-download.googleapis.com/maven2/org/wso2/carbon/apimgt/org.wso2.carbon.apimgt.output.adapter.http/9.29.89/org.wso2.carbon.apimgt.output.adapter.http-9.29.89.jar returned status 404
9.29.9			IOException: Tail request on https://maven-central.storage-download.googleapis.com/maven2/org/wso2/carbon/apimgt/org.wso2.carbon.apimgt.output.adapter.http/9.29.9/org.wso2.carbon.apimgt.output.adapter.http-9.29.9.jar returned status 404
9.29.90			IOException: Tail request on https://maven-central.storage-download.googleapis.com/maven2/org/wso2/carbon/apimgt/org.wso2.carbon.apimgt.output.adapter.http/9.29.90/org.wso2.carbon.apimgt.output.adapter.http-9.29.90.jar returned status 404
9.29.91			IOException: Tail request on https://maven-central.storage-download.googleapis.com/maven2/org/wso2/carbon/apimgt/org.wso2.carbon.apimgt.output.adapter.http/9.29.91/org.wso2.carbon.apimgt.output.adapter.http-9.29.91.jar returned status 404
9.29.92			IOException: Tail request on https://maven-central.storage-download.googleapis.com/maven2/org/wso2/carbon/apimgt/org.wso2.carbon.apimgt.output.adapter.http/9.29.92/org.wso2.carbon.apimgt.output.adapter.http-9.29.92.jar returned status 404
9.29.93			IOException: Tail request on https://maven-central.storage-download.googleapis.com/maven2/org/wso2/carbon/apimgt/org.wso2.carbon.apimgt.output.adapter.http/9.29.93/org.wso2.carbon.apimgt.output.adapter.http-9.29.93.jar returned status 404
9.29.94			IOException: Tail request on https://maven-central.storage-download.googleapis.com/maven2/org/wso2/carbon/apimgt/org.wso2.carbon.apimgt.output.adapter.http/9.29.94/org.wso2.carbon.apimgt.output.adapter.http-9.29.94.jar returned status 404
9.29.95			IOException: Tail request on https://maven-central.storage-download.googleapis.com/maven2/org/wso2/carbon/apimgt/org.wso2.carbon.apimgt.output.adapter.http/9.29.95/org.wso2.carbon.apimgt.output.adapter.http-9.29.95.jar returned status 404
9.29.96			IOException: Tail request on https://maven-central.storage-download.googleapis.com/maven2/org/wso2/carbon/apimgt/org.wso2.carbon.apimgt.output.adapter.http/9.29.96/org.wso2.carbon.apimgt.output.adapter.http-9.29.96.jar returned status 404
9.29.97			IOException: Tail request on https://maven-central.storage-download.googleapis.com/maven2/org/wso2/carbon/apimgt/org.wso2.carbon.apimgt.output.adapter.http/9.29.97/org.wso2.carbon.apimgt.output.adapter.http-9.29.97.jar returned status 404
9.29.98			IOException: Tail request on https://maven-central.storage-download.googleapis.com/maven2/org/wso2/carbon/apimgt/org.wso2.carbon.apimgt.output.adapter.http/9.29.98/org.wso2.carbon.apimgt.output.adapter.http-9.29.98.jar returned status 404
9.29.99			IOException: Tail request on https://maven-central.storage-download.googleapis.com/maven2/org/wso2/carbon/apimgt/org.wso2.carbon.apimgt.output.adapter.http/9.29.99/org.wso2.carbon.apimgt.output.adapter.http-9.29.99.jar returned status 404
9.3.0		2021-11-24T08:12:08Z	
9.30.0		2024-09-24T11:55:41Z	
9.30.1		2024-09-25T15:39:04Z	
9.30.10		2024-09-28T09:35:32Z	
9.30.100			IOException: Tail request on https://maven-central.storage-download.googleapis.com/maven2/org/wso2/carbon/apimgt/org.wso2.carbon.apimgt.output.adapter.http/9.30.100/org.wso2.carbon.apimgt.output.adapter.http-9.30.100.jar returned status 404
9.30.11		2024-10-01T10:11:13Z	
9.30.12		2024-10-02T04:37:23Z	
9.30.13		2024-10-02T05:49:21Z	
9.30.14		2024-10-02T09:52:10Z	
9.30.15		2024-10-02T12:29:23Z	
9.30.16		2024-10-02T14:28:09Z	
9.30.17			IOException: Tail request on https://maven-central.storage-download.googleapis.com/maven2/org/wso2/carbon/apimgt/org.wso2.carbon.apimgt.output.adapter.http/9.30.17/org.wso2.carbon.apimgt.output.adapter.http-9.30.17.jar returned status 404
9.30.18			IOException: Tail request on https://maven-central.storage-download.googleapis.com/maven2/org/wso2/carbon/apimgt/org.wso2.carbon.apimgt.output.adapter.http/9.30.18/org.wso2.carbon.apimgt.output.adapter.http-9.30.18.jar returned status 404
9.30.19			IOException: Tail request on https://maven-central.storage-download.googleapis.com/maven2/org/wso2/carbon/apimgt/org.wso2.carbon.apimgt.output.adapter.http/9.30.19/org.wso2.carbon.apimgt.output.adapter.http-9.30.19.jar returned status 404
9.30.2		2024-09-26T10:00:50Z	
9.30.20			IOException: Tail request on https://maven-central.storage-download.googleapis.com/maven2/org/wso2/carbon/apimgt/org.wso2.carbon.apimgt.output.adapter.http/9.30.20/org.wso2.carbon.apimgt.output.adapter.http-9.30.20.jar returned status 404
9.30.21			IOException: Tail request on https://maven-central.storage-download.googleapis.com/maven2/org/wso2/carbon/apimgt/org.wso2.carbon.apimgt.output.adapter.http/9.30.21/org.wso2.carbon.apimgt.output.adapter.http-9.30.21.jar returned status 404
9.30.22			IOException: Tail request on https://maven-central.storage-download.googleapis.com/maven2/org/wso2/carbon/apimgt/org.wso2.carbon.apimgt.output.adapter.http/9.30.22/org.wso2.carbon.apimgt.output.adapter.http-9.30.22.jar returned status 404
9.30.23			IOException: Tail request on https://maven-central.storage-download.googleapis.com/maven2/org/wso2/carbon/apimgt/org.wso2.carbon.apimgt.output.adapter.http/9.30.23/org.wso2.carbon.apimgt.output.adapter.http-9.30.23.jar returned status 404
9.30.24			IOException: Tail request on https://maven-central.storage-download.googleapis.com/maven2/org/wso2/carbon/apimgt/org.wso2.carbon.apimgt.output.adapter.http/9.30.24/org.wso2.carbon.apimgt.output.adapter.http-9.30.24.jar returned status 404
9.30.25			IOException: Tail request on https://maven-central.storage-download.googleapis.com/maven2/org/wso2/carbon/apimgt/org.wso2.carbon.apimgt.output.adapter.http/9.30.25/org.wso2.carbon.apimgt.output.adapter.http-9.30.25.jar returned status 404
9.30.26			IOException: Tail request on https://maven-central.storage-download.googleapis.com/maven2/org/wso2/carbon/apimgt/org.wso2.carbon.apimgt.output.adapter.http/9.30.26/org.wso2.carbon.apimgt.output.adapter.http-9.30.26.jar returned status 404
9.30.27			IOException: Tail request on https://maven-central.storage-download.googleapis.com/maven2/org/wso2/carbon/apimgt/org.wso2.carbon.apimgt.output.adapter.http/9.30.27/org.wso2.carbon.apimgt.output.adapter.http-9.30.27.jar returned status 404
9.30.28			IOException: Tail request on https://maven-central.storage-download.googleapis.com/maven2/org/wso2/carbon/apimgt/org.wso2.carbon.apimgt.output.adapter.http/9.30.28/org.wso2.carbon.apimgt.output.adapter.http-9.30.28.jar returned status 404
9.30.29			IOException: Tail request on https://maven-central.storage-download.googleapis.com/maven2/org/wso2/carbon/apimgt/org.wso2.carbon.apimgt.output.adapter.http/9.30.29/org.wso2.carbon.apimgt.output.adapter.http-9.30.29.jar returned status 404
9.30.3		2024-09-26T14:42:37Z	
9.30.30			IOException: Tail request on https://maven-central.storage-download.googleapis.com/maven2/org/wso2/carbon/apimgt/org.wso2.carbon.apimgt.output.adapter.http/9.30.30/org.wso2.carbon.apimgt.output.adapter.http-9.30.30.jar returned status 404
9.30.31			IOException: Tail request on https://maven-central.storage-download.googleapis.com/maven2/org/wso2/carbon/apimgt/org.wso2.carbon.apimgt.output.adapter.http/9.30.31/org.wso2.carbon.apimgt.output.adapter.http-9.30.31.jar returned status 404
9.30.32			IOException: Tail request on https://maven-central.storage-download.googleapis.com/maven2/org/wso2/carbon/apimgt/org.wso2.carbon.apimgt.output.adapter.http/9.30.32/org.wso2.carbon.apimgt.output.adapter.http-9.30.32.jar returned status 404
9.30.33			IOException: Tail request on https://maven-central.storage-download.googleapis.com/maven2/org/wso2/carbon/apimgt/org.wso2.carbon.apimgt.output.adapter.http/9.30.33/org.wso2.carbon.apimgt.output.adapter.http-9.30.33.jar returned status 404
9.30.34			IOException: Tail request on https://maven-central.storage-download.googleapis.com/maven2/org/wso2/carbon/apimgt/org.wso2.carbon.apimgt.output.adapter.http/9.30.34/org.wso2.carbon.apimgt.output.adapter.http-9.30.34.jar returned status 404
9.30.35			IOException: Tail request on https://maven-central.storage-download.googleapis.com/maven2/org/wso2/carbon/apimgt/org.wso2.carbon.apimgt.output.adapter.http/9.30.35/org.wso2.carbon.apimgt.output.adapter.http-9.30.35.jar returned status 404
9.30.36			IOException: Tail request on https://maven-central.storage-download.googleapis.com/maven2/org/wso2/carbon/apimgt/org.wso2.carbon.apimgt.output.adapter.http/9.30.36/org.wso2.carbon.apimgt.output.adapter.http-9.30.36.jar returned status 404
9.30.37			IOException: Tail request on https://maven-central.storage-download.googleapis.com/maven2/org/wso2/carbon/apimgt/org.wso2.carbon.apimgt.output.adapter.http/9.30.37/org.wso2.carbon.apimgt.output.adapter.http-9.30.37.jar returned status 404
9.30.38			IOException: Tail request on https://maven-central.storage-download.googleapis.com/maven2/org/wso2/carbon/apimgt/org.wso2.carbon.apimgt.output.adapter.http/9.30.38/org.wso2.carbon.apimgt.output.adapter.http-9.30.38.jar returned status 404
9.30.39			IOException: Tail request on https://maven-central.storage-download.googleapis.com/maven2/org/wso2/carbon/apimgt/org.wso2.carbon.apimgt.output.adapter.http/9.30.39/org.wso2.carbon.apimgt.output.adapter.http-9.30.39.jar returned status 404
9.30.4		2024-09-26T15:52:16Z	
9.30.40			IOException: Tail request on https://maven-central.storage-download.googleapis.com/maven2/org/wso2/carbon/apimgt/org.wso2.carbon.apimgt.output.adapter.http/9.30.40/org.wso2.carbon.apimgt.output.adapter.http-9.30.40.jar returned status 404
9.30.41			IOException: Tail request on https://maven-central.storage-download.googleapis.com/maven2/org/wso2/carbon/apimgt/org.wso2.carbon.apimgt.output.adapter.http/9.30.41/org.wso2.carbon.apimgt.output.adapter.http-9.30.41.jar returned status 404
9.30.42			IOException: Tail request on https://maven-central.storage-download.googleapis.com/maven2/org/wso2/carbon/apimgt/org.wso2.carbon.apimgt.output.adapter.http/9.30.42/org.wso2.carbon.apimgt.output.adapter.http-9.30.42.jar returned status 404
9.30.43			IOException: Tail request on https://maven-central.storage-download.googleapis.com/maven2/org/wso2/carbon/apimgt/org.wso2.carbon.apimgt.output.adapter.http/9.30.43/org.wso2.carbon.apimgt.output.adapter.http-9.30.43.jar returned status 404
9.30.44			IOException: Tail request on https://maven-central.storage-download.googleapis.com/maven2/org/wso2/carbon/apimgt/org.wso2.carbon.apimgt.output.adapter.http/9.30.44/org.wso2.carbon.apimgt.output.adapter.http-9.30.44.jar returned status 404
9.30.45			IOException: Tail request on https://maven-central.storage-download.googleapis.com/maven2/org/wso2/carbon/apimgt/org.wso2.carbon.apimgt.output.adapter.http/9.30.45/org.wso2.carbon.apimgt.output.adapter.http-9.30.45.jar returned status 404
9.30.46			IOException: Tail request on https://maven-central.storage-download.googleapis.com/maven2/org/wso2/carbon/apimgt/org.wso2.carbon.apimgt.output.adapter.http/9.30.46/org.wso2.carbon.apimgt.output.adapter.http-9.30.46.jar returned status 404
9.30.47			IOException: Tail request on https://maven-central.storage-download.googleapis.com/maven2/org/wso2/carbon/apimgt/org.wso2.carbon.apimgt.output.adapter.http/9.30.47/org.wso2.carbon.apimgt.output.adapter.http-9.30.47.jar returned status 404
9.30.48			IOException: Tail request on https://maven-central.storage-download.googleapis.com/maven2/org/wso2/carbon/apimgt/org.wso2.carbon.apimgt.output.adapter.http/9.30.48/org.wso2.carbon.apimgt.output.adapter.http-9.30.48.jar returned status 404
9.30.49			IOException: Tail request on https://maven-central.storage-download.googleapis.com/maven2/org/wso2/carbon/apimgt/org.wso2.carbon.apimgt.output.adapter.http/9.30.49/org.wso2.carbon.apimgt.output.adapter.http-9.30.49.jar returned status 404
9.30.5		2024-09-26T17:41:38Z	
9.30.50			IOException: Tail request on https://maven-central.storage-download.googleapis.com/maven2/org/wso2/carbon/apimgt/org.wso2.carbon.apimgt.output.adapter.http/9.30.50/org.wso2.carbon.apimgt.output.adapter.http-9.30.50.jar returned status 404
9.30.51			IOException: Tail request on https://maven-central.storage-download.googleapis.com/maven2/org/wso2/carbon/apimgt/org.wso2.carbon.apimgt.output.adapter.http/9.30.51/org.wso2.carbon.apimgt.output.adapter.http-9.30.51.jar returned status 404
9.30.52			IOException: Tail request on https://maven-central.storage-download.googleapis.com/maven2/org/wso2/carbon/apimgt/org.wso2.carbon.apimgt.output.adapter.http/9.30.52/org.wso2.carbon.apimgt.output.adapter.http-9.30.52.jar returned status 404
9.30.53			IOException: Tail request on https://maven-central.storage-download.googleapis.com/maven2/org/wso2/carbon/apimgt/org.wso2.carbon.apimgt.output.adapter.http/9.30.53/org.wso2.carbon.apimgt.output.adapter.http-9.30.53.jar returned status 404
9.30.54			IOException: Tail request on https://maven-central.storage-download.googleapis.com/maven2/org/wso2/carbon/apimgt/org.wso2.carbon.apimgt.output.adapter.http/9.30.54/org.wso2.carbon.apimgt.output.adapter.http-9.30.54.jar returned status 404
9.30.55			IOException: Tail request on https://maven-central.storage-download.googleapis.com/maven2/org/wso2/carbon/apimgt/org.wso2.carbon.apimgt.output.adapter.http/9.30.55/org.wso2.carbon.apimgt.output.adapter.http-9.30.55.jar returned status 404
9.30.56			IOException: Tail request on https://maven-central.storage-download.googleapis.com/maven2/org/wso2/carbon/apimgt/org.wso2.carbon.apimgt.output.adapter.http/9.30.56/org.wso2.carbon.apimgt.output.adapter.http-9.30.56.jar returned status 404
9.30.57			IOException: Tail request on https://maven-central.storage-download.googleapis.com/maven2/org/wso2/carbon/apimgt/org.wso2.carbon.apimgt.output.adapter.http/9.30.57/org.wso2.carbon.apimgt.output.adapter.http-9.30.57.jar returned status 404
9.30.58			IOException: Tail request on https://maven-central.storage-download.googleapis.com/maven2/org/wso2/carbon/apimgt/org.wso2.carbon.apimgt.output.adapter.http/9.30.58/org.wso2.carbon.apimgt.output.adapter.http-9.30.58.jar returned status 404
9.30.59			IOException: Tail request on https://maven-central.storage-download.googleapis.com/maven2/org/wso2/carbon/apimgt/org.wso2.carbon.apimgt.output.adapter.http/9.30.59/org.wso2.carbon.apimgt.output.adapter.http-9.30.59.jar returned status 404
9.30.6		2024-09-27T05:10:07Z	
9.30.60			IOException: Tail request on https://maven-central.storage-download.googleapis.com/maven2/org/wso2/carbon/apimgt/org.wso2.carbon.apimgt.output.adapter.http/9.30.60/org.wso2.carbon.apimgt.output.adapter.http-9.30.60.jar returned status 404
9.30.61			IOException: Tail request on https://maven-central.storage-download.googleapis.com/maven2/org/wso2/carbon/apimgt/org.wso2.carbon.apimgt.output.adapter.http/9.30.61/org.wso2.carbon.apimgt.output.adapter.http-9.30.61.jar returned status 404
9.30.62			IOException: Tail request on https://maven-central.storage-download.googleapis.com/maven2/org/wso2/carbon/apimgt/org.wso2.carbon.apimgt.output.adapter.http/9.30.62/org.wso2.carbon.apimgt.output.adapter.http-9.30.62.jar returned status 404
9.30.63			IOException: Tail request on https://maven-central.storage-download.googleapis.com/maven2/org/wso2/carbon/apimgt/org.wso2.carbon.apimgt.output.adapter.http/9.30.63/org.wso2.carbon.apimgt.output.adapter.http-9.30.63.jar returned status 404
9.30.64			IOException: Tail request on https://maven-central.storage-download.googleapis.com/maven2/org/wso2/carbon/apimgt/org.wso2.carbon.apimgt.output.adapter.http/9.30.64/org.wso2.carbon.apimgt.output.adapter.http-9.30.64.jar returned status 404
9.30.65			IOException: Tail request on https://maven-central.storage-download.googleapis.com/maven2/org/wso2/carbon/apimgt/org.wso2.carbon.apimgt.output.adapter.http/9.30.65/org.wso2.carbon.apimgt.output.adapter.http-9.30.65.jar returned status 404
9.30.66			IOException: Tail request on https://maven-central.storage-download.googleapis.com/maven2/org/wso2/carbon/apimgt/org.wso2.carbon.apimgt.output.adapter.http/9.30.66/org.wso2.carbon.apimgt.output.adapter.http-9.30.66.jar returned status 404
9.30.67			IOException: Tail request on https://maven-central.storage-download.googleapis.com/maven2/org/wso2/carbon/apimgt/org.wso2.carbon.apimgt.output.adapter.http/9.30.67/org.wso2.carbon.apimgt.output.adapter.http-9.30.67.jar returned status 404
9.30.68			IOException: Tail request on https://maven-central.storage-download.googleapis.com/maven2/org/wso2/carbon/apimgt/org.wso2.carbon.apimgt.output.adapter.http/9.30.68/org.wso2.carbon.apimgt.output.adapter.http-9.30.68.jar returned status 404
9.30.69			IOException: Tail request on https://maven-central.storage-download.googleapis.com/maven2/org/wso2/carbon/apimgt/org.wso2.carbon.apimgt.output.adapter.http/9.30.69/org.wso2.carbon.apimgt.output.adapter.http-9.30.69.jar returned status 404
9.30.7		2024-09-27T06:20:10Z	
9.30.70			IOException: Tail request on https://maven-central.storage-download.googleapis.com/maven2/org/wso2/carbon/apimgt/org.wso2.carbon.apimgt.output.adapter.http/9.30.70/org.wso2.carbon.apimgt.output.adapter.http-9.30.70.jar returned status 404
9.30.71			IOException: Tail request on https://maven-central.storage-download.googleapis.com/maven2/org/wso2/carbon/apimgt/org.wso2.carbon.apimgt.output.adapter.http/9.30.71/org.wso2.carbon.apimgt.output.adapter.http-9.30.71.jar returned status 404
9.30.72		2024-11-11T08:32:40Z	
9.30.73		2024-11-11T12:53:03Z	
9.30.74		2024-11-12T09:21:38Z	
9.30.75			IOException: Tail request on https://maven-central.storage-download.googleapis.com/maven2/org/wso2/carbon/apimgt/org.wso2.carbon.apimgt.output.adapter.http/9.30.75/org.wso2.carbon.apimgt.output.adapter.http-9.30.75.jar returned status 404
9.30.76			IOException: Tail request on https://maven-central.storage-download.googleapis.com/maven2/org/wso2/carbon/apimgt/org.wso2.carbon.apimgt.output.adapter.http/9.30.76/org.wso2.carbon.apimgt.output.adapter.http-9.30.76.jar returned status 404
9.30.77			IOException: Tail request on https://maven-central.storage-download.googleapis.com/maven2/org/wso2/carbon/apimgt/org.wso2.carbon.apimgt.output.adapter.http/9.30.77/org.wso2.carbon.apimgt.output.adapter.http-9.30.77.jar returned status 404
9.30.78			IOException: Tail request on https://maven-central.storage-download.googleapis.com/maven2/org/wso2/carbon/apimgt/org.wso2.carbon.apimgt.output.adapter.http/9.30.78/org.wso2.carbon.apimgt.output.adapter.http-9.30.78.jar returned status 404
9.30.79			IOException: Tail request on https://maven-central.storage-download.googleapis.com/maven2/org/wso2/carbon/apimgt/org.wso2.carbon.apimgt.output.adapter.http/9.30.79/org.wso2.carbon.apimgt.output.adapter.http-9.30.79.jar returned status 404
9.30.8		2024-09-27T08:24:39Z	
9.30.80			IOException: Tail request on https://maven-central.storage-download.googleapis.com/maven2/org/wso2/carbon/apimgt/org.wso2.carbon.apimgt.output.adapter.http/9.30.80/org.wso2.carbon.apimgt.output.adapter.http-9.30.80.jar returned status 404
9.30.81			IOException: Tail request on https://maven-central.storage-download.googleapis.com/maven2/org/wso2/carbon/apimgt/org.wso2.carbon.apimgt.output.adapter.http/9.30.81/org.wso2.carbon.apimgt.output.adapter.http-9.30.81.jar returned status 404
9.30.82			IOException: Tail request on https://maven-central.storage-download.googleapis.com/maven2/org/wso2/carbon/apimgt/org.wso2.carbon.apimgt.output.adapter.http/9.30.82/org.wso2.carbon.apimgt.output.adapter.http-9.30.82.jar returned status 404
9.30.83			IOException: Tail request on https://maven-central.storage-download.googleapis.com/maven2/org/wso2/carbon/apimgt/org.wso2.carbon.apimgt.output.adapter.http/9.30.83/org.wso2.carbon.apimgt.output.adapter.http-9.30.83.jar returned status 404
9.30.84			IOException: Tail request on https://maven-central.storage-download.googleapis.com/maven2/org/wso2/carbon/apimgt/org.wso2.carbon.apimgt.output.adapter.http/9.30.84/org.wso2.carbon.apimgt.output.adapter.http-9.30.84.jar returned status 404
9.30.85			IOException: Tail request on https://maven-central.storage-download.googleapis.com/maven2/org/wso2/carbon/apimgt/org.wso2.carbon.apimgt.output.adapter.http/9.30.85/org.wso2.carbon.apimgt.output.adapter.http-9.30.85.jar returned status 404
9.30.86			IOException: Tail request on https://maven-central.storage-download.googleapis.com/maven2/org/wso2/carbon/apimgt/org.wso2.carbon.apimgt.output.adapter.http/9.30.86/org.wso2.carbon.apimgt.output.adapter.http-9.30.86.jar returned status 404
9.30.87			IOException: Tail request on https://maven-central.storage-download.googleapis.com/maven2/org/wso2/carbon/apimgt/org.wso2.carbon.apimgt.output.adapter.http/9.30.87/org.wso2.carbon.apimgt.output.adapter.http-9.30.87.jar returned status 404
9.30.88			IOException: Tail request on https://maven-central.storage-download.googleapis.com/maven2/org/wso2/carbon/apimgt/org.wso2.carbon.apimgt.output.adapter.http/9.30.88/org.wso2.carbon.apimgt.output.adapter.http-9.30.88.jar returned status 404
9.30.89			IOException: Tail request on https://maven-central.storage-download.googleapis.com/maven2/org/wso2/carbon/apimgt/org.wso2.carbon.apimgt.output.adapter.http/9.30.89/org.wso2.carbon.apimgt.output.adapter.http-9.30.89.jar returned status 404
9.30.9		2024-09-27T10:54:01Z	
9.30.90			IOException: Tail request on https://maven-central.storage-download.googleapis.com/maven2/org/wso2/carbon/apimgt/org.wso2.carbon.apimgt.output.adapter.http/9.30.90/org.wso2.carbon.apimgt.output.adapter.http-9.30.90.jar returned status 404
9.30.91			IOException: Tail request on https://maven-central.storage-download.googleapis.com/maven2/org/wso2/carbon/apimgt/org.wso2.carbon.apimgt.output.adapter.http/9.30.91/org.wso2.carbon.apimgt.output.adapter.http-9.30.91.jar returned status 404
9.30.92			IOException: Tail request on https://maven-central.storage-download.googleapis.com/maven2/org/wso2/carbon/apimgt/org.wso2.carbon.apimgt.output.adapter.http/9.30.92/org.wso2.carbon.apimgt.output.adapter.http-9.30.92.jar returned status 404
9.30.93			IOException: Tail request on https://maven-central.storage-download.googleapis.com/maven2/org/wso2/carbon/apimgt/org.wso2.carbon.apimgt.output.adapter.http/9.30.93/org.wso2.carbon.apimgt.output.adapter.http-9.30.93.jar returned status 404
9.30.94			IOException: Tail request on https://maven-central.storage-download.googleapis.com/maven2/org/wso2/carbon/apimgt/org.wso2.carbon.apimgt.output.adapter.http/9.30.94/org.wso2.carbon.apimgt.output.adapter.http-9.30.94.jar returned status 404
9.30.95		2025-01-07T09:47:52Z	
9.30.96		2025-01-08T05:31:47Z	
9.30.97		2025-01-08T07:20:48Z	
9.30.98		2025-01-20T05:02:27Z	
9.30.99			IOException: Tail request on https://maven-central.storage-download.googleapis.com/maven2/org/wso2/carbon/apimgt/org.wso2.carbon.apimgt.output.adapter.http/9.30.99/org.wso2.carbon.apimgt.output.adapter.http-9.30.99.jar returned status 404
9.31.0			IOException: Tail request on https://maven-central.storage-download.googleapis.com/maven2/org/wso2/carbon/apimgt/org.wso2.carbon.apimgt.output.adapter.http/9.31.0/org.wso2.carbon.apimgt.output.adapter.http-9.31.0.jar returned status 404
9.31.1			IOException: Tail request on https://maven-central.storage-download.googleapis.com/maven2/org/wso2/carbon/apimgt/org.wso2.carbon.apimgt.output.adapter.http/9.31.1/org.wso2.carbon.apimgt.output.adapter.http-9.31.1.jar returned status 404
9.31.10			IOException: Tail request on https://maven-central.storage-download.googleapis.com/maven2/org/wso2/carbon/apimgt/org.wso2.carbon.apimgt.output.adapter.http/9.31.10/org.wso2.carbon.apimgt.output.adapter.http-9.31.10.jar returned status 404
9.31.100			IOException: Tail request on https://maven-central.storage-download.googleapis.com/maven2/org/wso2/carbon/apimgt/org.wso2.carbon.apimgt.output.adapter.http/9.31.100/org.wso2.carbon.apimgt.output.adapter.http-9.31.100.jar returned status 404
9.31.101			IOException: Tail request on https://maven-central.storage-download.googleapis.com/maven2/org/wso2/carbon/apimgt/org.wso2.carbon.apimgt.output.adapter.http/9.31.101/org.wso2.carbon.apimgt.output.adapter.http-9.31.101.jar returned status 404
9.31.102			IOException: Tail request on https://maven-central.storage-download.googleapis.com/maven2/org/wso2/carbon/apimgt/org.wso2.carbon.apimgt.output.adapter.http/9.31.102/org.wso2.carbon.apimgt.output.adapter.http-9.31.102.jar returned status 404
9.31.103			IOException: Tail request on https://maven-central.storage-download.googleapis.com/maven2/org/wso2/carbon/apimgt/org.wso2.carbon.apimgt.output.adapter.http/9.31.103/org.wso2.carbon.apimgt.output.adapter.http-9.31.103.jar returned status 404
9.31.104			IOException: Tail request on https://maven-central.storage-download.googleapis.com/maven2/org/wso2/carbon/apimgt/org.wso2.carbon.apimgt.output.adapter.http/9.31.104/org.wso2.carbon.apimgt.output.adapter.http-9.31.104.jar returned status 404
9.31.105			IOException: Tail request on https://maven-central.storage-download.googleapis.com/maven2/org/wso2/carbon/apimgt/org.wso2.carbon.apimgt.output.adapter.http/9.31.105/org.wso2.carbon.apimgt.output.adapter.http-9.31.105.jar returned status 404
9.31.106			IOException: Tail request on https://maven-central.storage-download.googleapis.com/maven2/org/wso2/carbon/apimgt/org.wso2.carbon.apimgt.output.adapter.http/9.31.106/org.wso2.carbon.apimgt.output.adapter.http-9.31.106.jar returned status 404
9.31.107			IOException: Tail request on https://maven-central.storage-download.googleapis.com/maven2/org/wso2/carbon/apimgt/org.wso2.carbon.apimgt.output.adapter.http/9.31.107/org.wso2.carbon.apimgt.output.adapter.http-9.31.107.jar returned status 404
9.31.108			IOException: Tail request on https://maven-central.storage-download.googleapis.com/maven2/org/wso2/carbon/apimgt/org.wso2.carbon.apimgt.output.adapter.http/9.31.108/org.wso2.carbon.apimgt.output.adapter.http-9.31.108.jar returned status 404
9.31.109			IOException: Tail request on https://maven-central.storage-download.googleapis.com/maven2/org/wso2/carbon/apimgt/org.wso2.carbon.apimgt.output.adapter.http/9.31.109/org.wso2.carbon.apimgt.output.adapter.http-9.31.109.jar returned status 404
9.31.11			IOException: Tail request on https://maven-central.storage-download.googleapis.com/maven2/org/wso2/carbon/apimgt/org.wso2.carbon.apimgt.output.adapter.http/9.31.11/org.wso2.carbon.apimgt.output.adapter.http-9.31.11.jar returned status 404
9.31.110			IOException: Tail request on https://maven-central.storage-download.googleapis.com/maven2/org/wso2/carbon/apimgt/org.wso2.carbon.apimgt.output.adapter.http/9.31.110/org.wso2.carbon.apimgt.output.adapter.http-9.31.110.jar returned status 404
9.31.111			IOException: Tail request on https://maven-central.storage-download.googleapis.com/maven2/org/wso2/carbon/apimgt/org.wso2.carbon.apimgt.output.adapter.http/9.31.111/org.wso2.carbon.apimgt.output.adapter.http-9.31.111.jar returned status 404
9.31.112			IOException: Tail request on https://maven-central.storage-download.googleapis.com/maven2/org/wso2/carbon/apimgt/org.wso2.carbon.apimgt.output.adapter.http/9.31.112/org.wso2.carbon.apimgt.output.adapter.http-9.31.112.jar returned status 404
9.31.113			IOException: Tail request on https://maven-central.storage-download.googleapis.com/maven2/org/wso2/carbon/apimgt/org.wso2.carbon.apimgt.output.adapter.http/9.31.113/org.wso2.carbon.apimgt.output.adapter.http-9.31.113.jar returned status 404
9.31.114			IOException: Tail request on https://maven-central.storage-download.googleapis.com/maven2/org/wso2/carbon/apimgt/org.wso2.carbon.apimgt.output.adapter.http/9.31.114/org.wso2.carbon.apimgt.output.adapter.http-9.31.114.jar returned status 404
9.31.115			IOException: Tail request on https://maven-central.storage-download.googleapis.com/maven2/org/wso2/carbon/apimgt/org.wso2.carbon.apimgt.output.adapter.http/9.31.115/org.wso2.carbon.apimgt.output.adapter.http-9.31.115.jar returned status 404
9.31.116			IOException: Tail request on https://maven-central.storage-download.googleapis.com/maven2/org/wso2/carbon/apimgt/org.wso2.carbon.apimgt.output.adapter.http/9.31.116/org.wso2.carbon.apimgt.output.adapter.http-9.31.116.jar returned status 404
9.31.117			IOException: Tail request on https://maven-central.storage-download.googleapis.com/maven2/org/wso2/carbon/apimgt/org.wso2.carbon.apimgt.output.adapter.http/9.31.117/org.wso2.carbon.apimgt.output.adapter.http-9.31.117.jar returned status 404
9.31.118			IOException: Tail request on https://maven-central.storage-download.googleapis.com/maven2/org/wso2/carbon/apimgt/org.wso2.carbon.apimgt.output.adapter.http/9.31.118/org.wso2.carbon.apimgt.output.adapter.http-9.31.118.jar returned status 404
9.31.119			IOException: Tail request on https://maven-central.storage-download.googleapis.com/maven2/org/wso2/carbon/apimgt/org.wso2.carbon.apimgt.output.adapter.http/9.31.119/org.wso2.carbon.apimgt.output.adapter.http-9.31.119.jar returned status 404
9.31.12			IOException: Tail request on https://maven-central.storage-download.googleapis.com/maven2/org/wso2/carbon/apimgt/org.wso2.carbon.apimgt.output.adapter.http/9.31.12/org.wso2.carbon.apimgt.output.adapter.http-9.31.12.jar returned status 404
9.31.120			IOException: Tail request on https://maven-central.storage-download.googleapis.com/maven2/org/wso2/carbon/apimgt/org.wso2.carbon.apimgt.output.adapter.http/9.31.120/org.wso2.carbon.apimgt.output.adapter.http-9.31.120.jar returned status 404
9.31.121			IOException: Tail request on https://maven-central.storage-download.googleapis.com/maven2/org/wso2/carbon/apimgt/org.wso2.carbon.apimgt.output.adapter.http/9.31.121/org.wso2.carbon.apimgt.output.adapter.http-9.31.121.jar returned status 404
9.31.122			IOException: Tail request on https://maven-central.storage-download.googleapis.com/maven2/org/wso2/carbon/apimgt/org.wso2.carbon.apimgt.output.adapter.http/9.31.122/org.wso2.carbon.apimgt.output.adapter.http-9.31.122.jar returned status 404
9.31.123			IOException: Tail request on https://maven-central.storage-download.googleapis.com/maven2/org/wso2/carbon/apimgt/org.wso2.carbon.apimgt.output.adapter.http/9.31.123/org.wso2.carbon.apimgt.output.adapter.http-9.31.123.jar returned status 404
9.31.124			IOException: Tail request on https://maven-central.storage-download.googleapis.com/maven2/org/wso2/carbon/apimgt/org.wso2.carbon.apimgt.output.adapter.http/9.31.124/org.wso2.carbon.apimgt.output.adapter.http-9.31.124.jar returned status 404
9.31.125			IOException: Tail request on https://maven-central.storage-download.googleapis.com/maven2/org/wso2/carbon/apimgt/org.wso2.carbon.apimgt.output.adapter.http/9.31.125/org.wso2.carbon.apimgt.output.adapter.http-9.31.125.jar returned status 404
9.31.126			IOException: Tail request on https://maven-central.storage-download.googleapis.com/maven2/org/wso2/carbon/apimgt/org.wso2.carbon.apimgt.output.adapter.http/9.31.126/org.wso2.carbon.apimgt.output.adapter.http-9.31.126.jar returned status 404
9.31.127			IOException: Tail request on https://maven-central.storage-download.googleapis.com/maven2/org/wso2/carbon/apimgt/org.wso2.carbon.apimgt.output.adapter.http/9.31.127/org.wso2.carbon.apimgt.output.adapter.http-9.31.127.jar returned status 404
9.31.128			IOException: Tail request on https://maven-central.storage-download.googleapis.com/maven2/org/wso2/carbon/apimgt/org.wso2.carbon.apimgt.output.adapter.http/9.31.128/org.wso2.carbon.apimgt.output.adapter.http-9.31.128.jar returned status 404
9.31.129			IOException: Tail request on https://maven-central.storage-download.googleapis.com/maven2/org/wso2/carbon/apimgt/org.wso2.carbon.apimgt.output.adapter.http/9.31.129/org.wso2.carbon.apimgt.output.adapter.http-9.31.129.jar returned status 404
9.31.13			IOException: Tail request on https://maven-central.storage-download.googleapis.com/maven2/org/wso2/carbon/apimgt/org.wso2.carbon.apimgt.output.adapter.http/9.31.13/org.wso2.carbon.apimgt.output.adapter.http-9.31.13.jar returned status 404
9.31.130			IOException: Tail request on https://maven-central.storage-download.googleapis.com/maven2/org/wso2/carbon/apimgt/org.wso2.carbon.apimgt.output.adapter.http/9.31.130/org.wso2.carbon.apimgt.output.adapter.http-9.31.130.jar returned status 404
9.31.131			IOException: Tail request on https://maven-central.storage-download.googleapis.com/maven2/org/wso2/carbon/apimgt/org.wso2.carbon.apimgt.output.adapter.http/9.31.131/org.wso2.carbon.apimgt.output.adapter.http-9.31.131.jar returned status 404
9.31.132			IOException: Tail request on https://maven-central.storage-download.googleapis.com/maven2/org/wso2/carbon/apimgt/org.wso2.carbon.apimgt.output.adapter.http/9.31.132/org.wso2.carbon.apimgt.output.adapter.http-9.31.132.jar returned status 404
9.31.133			IOException: Tail request on https://maven-central.storage-download.googleapis.com/maven2/org/wso2/carbon/apimgt/org.wso2.carbon.apimgt.output.adapter.http/9.31.133/org.wso2.carbon.apimgt.output.adapter.http-9.31.133.jar returned status 404
9.31.134			IOException: Tail request on https://maven-central.storage-download.googleapis.com/maven2/org/wso2/carbon/apimgt/org.wso2.carbon.apimgt.output.adapter.http/9.31.134/org.wso2.carbon.apimgt.output.adapter.http-9.31.134.jar returned status 404
9.31.135			IOException: Tail request on https://maven-central.storage-download.googleapis.com/maven2/org/wso2/carbon/apimgt/org.wso2.carbon.apimgt.output.adapter.http/9.31.135/org.wso2.carbon.apimgt.output.adapter.http-9.31.135.jar returned status 404
9.31.136			IOException: Tail request on https://maven-central.storage-download.googleapis.com/maven2/org/wso2/carbon/apimgt/org.wso2.carbon.apimgt.output.adapter.http/9.31.136/org.wso2.carbon.apimgt.output.adapter.http-9.31.136.jar returned status 404
9.31.137			IOException: Tail request on https://maven-central.storage-download.googleapis.com/maven2/org/wso2/carbon/apimgt/org.wso2.carbon.apimgt.output.adapter.http/9.31.137/org.wso2.carbon.apimgt.output.adapter.http-9.31.137.jar returned status 404
9.31.138			IOException: Tail request on https://maven-central.storage-download.googleapis.com/maven2/org/wso2/carbon/apimgt/org.wso2.carbon.apimgt.output.adapter.http/9.31.138/org.wso2.carbon.apimgt.output.adapter.http-9.31.138.jar returned status 404
9.31.139			IOException: Tail request on https://maven-central.storage-download.googleapis.com/maven2/org/wso2/carbon/apimgt/org.wso2.carbon.apimgt.output.adapter.http/9.31.139/org.wso2.carbon.apimgt.output.adapter.http-9.31.139.jar returned status 404
9.31.14			IOException: Tail request on https://maven-central.storage-download.googleapis.com/maven2/org/wso2/carbon/apimgt/org.wso2.carbon.apimgt.output.adapter.http/9.31.14/org.wso2.carbon.apimgt.output.adapter.http-9.31.14.jar returned status 404
9.31.140			IOException: Tail request on https://maven-central.storage-download.googleapis.com/maven2/org/wso2/carbon/apimgt/org.wso2.carbon.apimgt.output.adapter.http/9.31.140/org.wso2.carbon.apimgt.output.adapter.http-9.31.140.jar returned status 404
9.31.141			IOException: Tail request on https://maven-central.storage-download.googleapis.com/maven2/org/wso2/carbon/apimgt/org.wso2.carbon.apimgt.output.adapter.http/9.31.141/org.wso2.carbon.apimgt.output.adapter.http-9.31.141.jar returned status 404
9.31.142			IOException: Tail request on https://maven-central.storage-download.googleapis.com/maven2/org/wso2/carbon/apimgt/org.wso2.carbon.apimgt.output.adapter.http/9.31.142/org.wso2.carbon.apimgt.output.adapter.http-9.31.142.jar returned status 404
9.31.143			IOException: Tail request on https://maven-central.storage-download.googleapis.com/maven2/org/wso2/carbon/apimgt/org.wso2.carbon.apimgt.output.adapter.http/9.31.143/org.wso2.carbon.apimgt.output.adapter.http-9.31.143.jar returned status 404
9.31.144			IOException: Tail request on https://maven-central.storage-download.googleapis.com/maven2/org/wso2/carbon/apimgt/org.wso2.carbon.apimgt.output.adapter.http/9.31.144/org.wso2.carbon.apimgt.output.adapter.http-9.31.144.jar returned status 404
9.31.145			IOException: Tail request on https://maven-central.storage-download.googleapis.com/maven2/org/wso2/carbon/apimgt/org.wso2.carbon.apimgt.output.adapter.http/9.31.145/org.wso2.carbon.apimgt.output.adapter.http-9.31.145.jar returned status 404
9.31.146			IOException: Tail request on https://maven-central.storage-download.googleapis.com/maven2/org/wso2/carbon/apimgt/org.wso2.carbon.apimgt.output.adapter.http/9.31.146/org.wso2.carbon.apimgt.output.adapter.http-9.31.146.jar returned status 404
9.31.147			IOException: Tail request on https://maven-central.storage-download.googleapis.com/maven2/org/wso2/carbon/apimgt/org.wso2.carbon.apimgt.output.adapter.http/9.31.147/org.wso2.carbon.apimgt.output.adapter.http-9.31.147.jar returned status 404
9.31.148			IOException: Tail request on https://maven-central.storage-download.googleapis.com/maven2/org/wso2/carbon/apimgt/org.wso2.carbon.apimgt.output.adapter.http/9.31.148/org.wso2.carbon.apimgt.output.adapter.http-9.31.148.jar returned status 404
9.31.149			IOException: Tail request on https://maven-central.storage-download.googleapis.com/maven2/org/wso2/carbon/apimgt/org.wso2.carbon.apimgt.output.adapter.http/9.31.149/org.wso2.carbon.apimgt.output.adapter.http-9.31.149.jar returned status 404
9.31.15			IOException: Tail request on https://maven-central.storage-download.googleapis.com/maven2/org/wso2/carbon/apimgt/org.wso2.carbon.apimgt.output.adapter.http/9.31.15/org.wso2.carbon.apimgt.output.adapter.http-9.31.15.jar returned status 404
9.31.150			IOException: Tail request on https://maven-central.storage-download.googleapis.com/maven2/org/wso2/carbon/apimgt/org.wso2.carbon.apimgt.output.adapter.http/9.31.150/org.wso2.carbon.apimgt.output.adapter.http-9.31.150.jar returned status 404
9.31.151			IOException: Tail request on https://maven-central.storage-download.googleapis.com/maven2/org/wso2/carbon/apimgt/org.wso2.carbon.apimgt.output.adapter.http/9.31.151/org.wso2.carbon.apimgt.output.adapter.http-9.31.151.jar returned status 404
9.31.152			IOException: Tail request on https://maven-central.storage-download.googleapis.com/maven2/org/wso2/carbon/apimgt/org.wso2.carbon.apimgt.output.adapter.http/9.31.152/org.wso2.carbon.apimgt.output.adapter.http-9.31.152.jar returned status 404
9.31.153			IOException: Tail request on https://maven-central.storage-download.googleapis.com/maven2/org/wso2/carbon/apimgt/org.wso2.carbon.apimgt.output.adapter.http/9.31.153/org.wso2.carbon.apimgt.output.adapter.http-9.31.153.jar returned status 404
9.31.154			IOException: Tail request on https://maven-central.storage-download.googleapis.com/maven2/org/wso2/carbon/apimgt/org.wso2.carbon.apimgt.output.adapter.http/9.31.154/org.wso2.carbon.apimgt.output.adapter.http-9.31.154.jar returned status 404
9.31.155			IOException: Tail request on https://maven-central.storage-download.googleapis.com/maven2/org/wso2/carbon/apimgt/org.wso2.carbon.apimgt.output.adapter.http/9.31.155/org.wso2.carbon.apimgt.output.adapter.http-9.31.155.jar returned status 404
9.31.156			IOException: Tail request on https://maven-central.storage-download.googleapis.com/maven2/org/wso2/carbon/apimgt/org.wso2.carbon.apimgt.output.adapter.http/9.31.156/org.wso2.carbon.apimgt.output.adapter.http-9.31.156.jar returned status 404
9.31.157			IOException: Tail request on https://maven-central.storage-download.googleapis.com/maven2/org/wso2/carbon/apimgt/org.wso2.carbon.apimgt.output.adapter.http/9.31.157/org.wso2.carbon.apimgt.output.adapter.http-9.31.157.jar returned status 404
9.31.158			IOException: Tail request on https://maven-central.storage-download.googleapis.com/maven2/org/wso2/carbon/apimgt/org.wso2.carbon.apimgt.output.adapter.http/9.31.158/org.wso2.carbon.apimgt.output.adapter.http-9.31.158.jar returned status 404
9.31.159			IOException: Tail request on https://maven-central.storage-download.googleapis.com/maven2/org/wso2/carbon/apimgt/org.wso2.carbon.apimgt.output.adapter.http/9.31.159/org.wso2.carbon.apimgt.output.adapter.http-9.31.159.jar returned status 404
9.31.16			IOException: Tail request on https://maven-central.storage-download.googleapis.com/maven2/org/wso2/carbon/apimgt/org.wso2.carbon.apimgt.output.adapter.http/9.31.16/org.wso2.carbon.apimgt.output.adapter.http-9.31.16.jar returned status 404
9.31.160			IOException: Tail request on https://maven-central.storage-download.googleapis.com/maven2/org/wso2/carbon/apimgt/org.wso2.carbon.apimgt.output.adapter.http/9.31.160/org.wso2.carbon.apimgt.output.adapter.http-9.31.160.jar returned status 404
9.31.161			IOException: Tail request on https://maven-central.storage-download.googleapis.com/maven2/org/wso2/carbon/apimgt/org.wso2.carbon.apimgt.output.adapter.http/9.31.161/org.wso2.carbon.apimgt.output.adapter.http-9.31.161.jar returned status 404
9.31.162			IOException: Tail request on https://maven-central.storage-download.googleapis.com/maven2/org/wso2/carbon/apimgt/org.wso2.carbon.apimgt.output.adapter.http/9.31.162/org.wso2.carbon.apimgt.output.adapter.http-9.31.162.jar returned status 404
9.31.163			IOException: Tail request on https://maven-central.storage-download.googleapis.com/maven2/org/wso2/carbon/apimgt/org.wso2.carbon.apimgt.output.adapter.http/9.31.163/org.wso2.carbon.apimgt.output.adapter.http-9.31.163.jar returned status 404
9.31.164			IOException: Tail request on https://maven-central.storage-download.googleapis.com/maven2/org/wso2/carbon/apimgt/org.wso2.carbon.apimgt.output.adapter.http/9.31.164/org.wso2.carbon.apimgt.output.adapter.http-9.31.164.jar returned status 404
9.31.165			IOException: Tail request on https://maven-central.storage-download.googleapis.com/maven2/org/wso2/carbon/apimgt/org.wso2.carbon.apimgt.output.adapter.http/9.31.165/org.wso2.carbon.apimgt.output.adapter.http-9.31.165.jar returned status 404
9.31.166			IOException: Tail request on https://maven-central.storage-download.googleapis.com/maven2/org/wso2/carbon/apimgt/org.wso2.carbon.apimgt.output.adapter.http/9.31.166/org.wso2.carbon.apimgt.output.adapter.http-9.31.166.jar returned status 404
9.31.167			IOException: Tail request on https://maven-central.storage-download.googleapis.com/maven2/org/wso2/carbon/apimgt/org.wso2.carbon.apimgt.output.adapter.http/9.31.167/org.wso2.carbon.apimgt.output.adapter.http-9.31.167.jar returned status 404
9.31.168			IOException: Tail request on https://maven-central.storage-download.googleapis.com/maven2/org/wso2/carbon/apimgt/org.wso2.carbon.apimgt.output.adapter.http/9.31.168/org.wso2.carbon.apimgt.output.adapter.http-9.31.168.jar returned status 404
9.31.169			IOException: Tail request on https://maven-central.storage-download.googleapis.com/maven2/org/wso2/carbon/apimgt/org.wso2.carbon.apimgt.output.adapter.http/9.31.169/org.wso2.carbon.apimgt.output.adapter.http-9.31.169.jar returned status 404
9.31.17			IOException: Tail request on https://maven-central.storage-download.googleapis.com/maven2/org/wso2/carbon/apimgt/org.wso2.carbon.apimgt.output.adapter.http/9.31.17/org.wso2.carbon.apimgt.output.adapter.http-9.31.17.jar returned status 404
9.31.170			IOException: Tail request on https://maven-central.storage-download.googleapis.com/maven2/org/wso2/carbon/apimgt/org.wso2.carbon.apimgt.output.adapter.http/9.31.170/org.wso2.carbon.apimgt.output.adapter.http-9.31.170.jar returned status 404
9.31.171			IOException: Tail request on https://maven-central.storage-download.googleapis.com/maven2/org/wso2/carbon/apimgt/org.wso2.carbon.apimgt.output.adapter.http/9.31.171/org.wso2.carbon.apimgt.output.adapter.http-9.31.171.jar returned status 404
9.31.172			IOException: Tail request on https://maven-central.storage-download.googleapis.com/maven2/org/wso2/carbon/apimgt/org.wso2.carbon.apimgt.output.adapter.http/9.31.172/org.wso2.carbon.apimgt.output.adapter.http-9.31.172.jar returned status 404
9.31.18			IOException: Tail request on https://maven-central.storage-download.googleapis.com/maven2/org/wso2/carbon/apimgt/org.wso2.carbon.apimgt.output.adapter.http/9.31.18/org.wso2.carbon.apimgt.output.adapter.http-9.31.18.jar returned status 404
9.31.19			IOException: Tail request on https://maven-central.storage-download.googleapis.com/maven2/org/wso2/carbon/apimgt/org.wso2.carbon.apimgt.output.adapter.http/9.31.19/org.wso2.carbon.apimgt.output.adapter.http-9.31.19.jar returned status 404
9.31.2			IOException: Tail request on https://maven-central.storage-download.googleapis.com/maven2/org/wso2/carbon/apimgt/org.wso2.carbon.apimgt.output.adapter.http/9.31.2/org.wso2.carbon.apimgt.output.adapter.http-9.31.2.jar returned status 404
9.31.20			IOException: Tail request on https://maven-central.storage-download.googleapis.com/maven2/org/wso2/carbon/apimgt/org.wso2.carbon.apimgt.output.adapter.http/9.31.20/org.wso2.carbon.apimgt.output.adapter.http-9.31.20.jar returned status 404
9.31.21			IOException: Tail request on https://maven-central.storage-download.googleapis.com/maven2/org/wso2/carbon/apimgt/org.wso2.carbon.apimgt.output.adapter.http/9.31.21/org.wso2.carbon.apimgt.output.adapter.http-9.31.21.jar returned status 404
9.31.22			IOException: Tail request on https://maven-central.storage-download.googleapis.com/maven2/org/wso2/carbon/apimgt/org.wso2.carbon.apimgt.output.adapter.http/9.31.22/org.wso2.carbon.apimgt.output.adapter.http-9.31.22.jar returned status 404
9.31.23			IOException: Tail request on https://maven-central.storage-download.googleapis.com/maven2/org/wso2/carbon/apimgt/org.wso2.carbon.apimgt.output.adapter.http/9.31.23/org.wso2.carbon.apimgt.output.adapter.http-9.31.23.jar returned status 404
9.31.24			IOException: Tail request on https://maven-central.storage-download.googleapis.com/maven2/org/wso2/carbon/apimgt/org.wso2.carbon.apimgt.output.adapter.http/9.31.24/org.wso2.carbon.apimgt.output.adapter.http-9.31.24.jar returned status 404
9.31.25			IOException: Tail request on https://maven-central.storage-download.googleapis.com/maven2/org/wso2/carbon/apimgt/org.wso2.carbon.apimgt.output.adapter.http/9.31.25/org.wso2.carbon.apimgt.output.adapter.http-9.31.25.jar returned status 404
9.31.26			IOException: Tail request on https://maven-central.storage-download.googleapis.com/maven2/org/wso2/carbon/apimgt/org.wso2.carbon.apimgt.output.adapter.http/9.31.26/org.wso2.carbon.apimgt.output.adapter.http-9.31.26.jar returned status 404
9.31.27			IOException: Tail request on https://maven-central.storage-download.googleapis.com/maven2/org/wso2/carbon/apimgt/org.wso2.carbon.apimgt.output.adapter.http/9.31.27/org.wso2.carbon.apimgt.output.adapter.http-9.31.27.jar returned status 404
9.31.28			IOException: Tail request on https://maven-central.storage-download.googleapis.com/maven2/org/wso2/carbon/apimgt/org.wso2.carbon.apimgt.output.adapter.http/9.31.28/org.wso2.carbon.apimgt.output.adapter.http-9.31.28.jar returned status 404
9.31.29			IOException: Tail request on https://maven-central.storage-download.googleapis.com/maven2/org/wso2/carbon/apimgt/org.wso2.carbon.apimgt.output.adapter.http/9.31.29/org.wso2.carbon.apimgt.output.adapter.http-9.31.29.jar returned status 404
9.31.3			IOException: Tail request on https://maven-central.storage-download.googleapis.com/maven2/org/wso2/carbon/apimgt/org.wso2.carbon.apimgt.output.adapter.http/9.31.3/org.wso2.carbon.apimgt.output.adapter.http-9.31.3.jar returned status 404
9.31.30			IOException: Tail request on https://maven-central.storage-download.googleapis.com/maven2/org/wso2/carbon/apimgt/org.wso2.carbon.apimgt.output.adapter.http/9.31.30/org.wso2.carbon.apimgt.output.adapter.http-9.31.30.jar returned status 404
9.31.31			IOException: Tail request on https://maven-central.storage-download.googleapis.com/maven2/org/wso2/carbon/apimgt/org.wso2.carbon.apimgt.output.adapter.http/9.31.31/org.wso2.carbon.apimgt.output.adapter.http-9.31.31.jar returned status 404
9.31.32		2025-02-17T06:23:08Z	
9.31.33			IOException: Tail request on https://maven-central.storage-download.googleapis.com/maven2/org/wso2/carbon/apimgt/org.wso2.carbon.apimgt.output.adapter.http/9.31.33/org.wso2.carbon.apimgt.output.adapter.http-9.31.33.jar returned status 404
9.31.34			IOException: Tail request on https://maven-central.storage-download.googleapis.com/maven2/org/wso2/carbon/apimgt/org.wso2.carbon.apimgt.output.adapter.http/9.31.34/org.wso2.carbon.apimgt.output.adapter.http-9.31.34.jar returned status 404
9.31.35			IOException: Tail request on https://maven-central.storage-download.googleapis.com/maven2/org/wso2/carbon/apimgt/org.wso2.carbon.apimgt.output.adapter.http/9.31.35/org.wso2.carbon.apimgt.output.adapter.http-9.31.35.jar returned status 404
9.31.36			IOException: Tail request on https://maven-central.storage-download.googleapis.com/maven2/org/wso2/carbon/apimgt/org.wso2.carbon.apimgt.output.adapter.http/9.31.36/org.wso2.carbon.apimgt.output.adapter.http-9.31.36.jar returned status 404
9.31.37			IOException: Tail request on https://maven-central.storage-download.googleapis.com/maven2/org/wso2/carbon/apimgt/org.wso2.carbon.apimgt.output.adapter.http/9.31.37/org.wso2.carbon.apimgt.output.adapter.http-9.31.37.jar returned status 404
9.31.38			IOException: Tail request on https://maven-central.storage-download.googleapis.com/maven2/org/wso2/carbon/apimgt/org.wso2.carbon.apimgt.output.adapter.http/9.31.38/org.wso2.carbon.apimgt.output.adapter.http-9.31.38.jar returned status 404
9.31.39			IOException: Tail request on https://maven-central.storage-download.googleapis.com/maven2/org/wso2/carbon/apimgt/org.wso2.carbon.apimgt.output.adapter.http/9.31.39/org.wso2.carbon.apimgt.output.adapter.http-9.31.39.jar returned status 404
9.31.4			IOException: Tail request on https://maven-central.storage-download.googleapis.com/maven2/org/wso2/carbon/apimgt/org.wso2.carbon.apimgt.output.adapter.http/9.31.4/org.wso2.carbon.apimgt.output.adapter.http-9.31.4.jar returned status 404
9.31.40			IOException: Tail request on https://maven-central.storage-download.googleapis.com/maven2/org/wso2/carbon/apimgt/org.wso2.carbon.apimgt.output.adapter.http/9.31.40/org.wso2.carbon.apimgt.output.adapter.http-9.31.40.jar returned status 404
9.31.41			IOException: Tail request on https://maven-central.storage-download.googleapis.com/maven2/org/wso2/carbon/apimgt/org.wso2.carbon.apimgt.output.adapter.http/9.31.41/org.wso2.carbon.apimgt.output.adapter.http-9.31.41.jar returned status 404
9.31.42			IOException: Tail request on https://maven-central.storage-download.googleapis.com/maven2/org/wso2/carbon/apimgt/org.wso2.carbon.apimgt.output.adapter.http/9.31.42/org.wso2.carbon.apimgt.output.adapter.http-9.31.42.jar returned status 404
9.31.43			IOException: Tail request on https://maven-central.storage-download.googleapis.com/maven2/org/wso2/carbon/apimgt/org.wso2.carbon.apimgt.output.adapter.http/9.31.43/org.wso2.carbon.apimgt.output.adapter.http-9.31.43.jar returned status 404
9.31.44			IOException: Tail request on https://maven-central.storage-download.googleapis.com/maven2/org/wso2/carbon/apimgt/org.wso2.carbon.apimgt.output.adapter.http/9.31.44/org.wso2.carbon.apimgt.output.adapter.http-9.31.44.jar returned status 404
9.31.45			IOException: Tail request on https://maven-central.storage-download.googleapis.com/maven2/org/wso2/carbon/apimgt/org.wso2.carbon.apimgt.output.adapter.http/9.31.45/org.wso2.carbon.apimgt.output.adapter.http-9.31.45.jar returned status 404
9.31.46			IOException: Tail request on https://maven-central.storage-download.googleapis.com/maven2/org/wso2/carbon/apimgt/org.wso2.carbon.apimgt.output.adapter.http/9.31.46/org.wso2.carbon.apimgt.output.adapter.http-9.31.46.jar returned status 404
9.31.47			IOException: Tail request on https://maven-central.storage-download.googleapis.com/maven2/org/wso2/carbon/apimgt/org.wso2.carbon.apimgt.output.adapter.http/9.31.47/org.wso2.carbon.apimgt.output.adapter.http-9.31.47.jar returned status 404
9.31.48			IOException: Tail request on https://maven-central.storage-download.googleapis.com/maven2/org/wso2/carbon/apimgt/org.wso2.carbon.apimgt.output.adapter.http/9.31.48/org.wso2.carbon.apimgt.output.adapter.http-9.31.48.jar returned status 404
9.31.49			IOException: Tail request on https://maven-central.storage-download.googleapis.com/maven2/org/wso2/carbon/apimgt/org.wso2.carbon.apimgt.output.adapter.http/9.31.49/org.wso2.carbon.apimgt.output.adapter.http-9.31.49.jar returned status 404
9.31.5			IOException: Tail request on https://maven-central.storage-download.googleapis.com/maven2/org/wso2/carbon/apimgt/org.wso2.carbon.apimgt.output.adapter.http/9.31.5/org.wso2.carbon.apimgt.output.adapter.http-9.31.5.jar returned status 404
9.31.50			IOException: Tail request on https://maven-central.storage-download.googleapis.com/maven2/org/wso2/carbon/apimgt/org.wso2.carbon.apimgt.output.adapter.http/9.31.50/org.wso2.carbon.apimgt.output.adapter.http-9.31.50.jar returned status 404
9.31.51			IOException: Tail request on https://maven-central.storage-download.googleapis.com/maven2/org/wso2/carbon/apimgt/org.wso2.carbon.apimgt.output.adapter.http/9.31.51/org.wso2.carbon.apimgt.output.adapter.http-9.31.51.jar returned status 404
9.31.52			IOException: Tail request on https://maven-central.storage-download.googleapis.com/maven2/org/wso2/carbon/apimgt/org.wso2.carbon.apimgt.output.adapter.http/9.31.52/org.wso2.carbon.apimgt.output.adapter.http-9.31.52.jar returned status 404
9.31.53			IOException: Tail request on https://maven-central.storage-download.googleapis.com/maven2/org/wso2/carbon/apimgt/org.wso2.carbon.apimgt.output.adapter.http/9.31.53/org.wso2.carbon.apimgt.output.adapter.http-9.31.53.jar returned status 404
9.31.54			IOException: Tail request on https://maven-central.storage-download.googleapis.com/maven2/org/wso2/carbon/apimgt/org.wso2.carbon.apimgt.output.adapter.http/9.31.54/org.wso2.carbon.apimgt.output.adapter.http-9.31.54.jar returned status 404
9.31.55			IOException: Tail request on https://maven-central.storage-download.googleapis.com/maven2/org/wso2/carbon/apimgt/org.wso2.carbon.apimgt.output.adapter.http/9.31.55/org.wso2.carbon.apimgt.output.adapter.http-9.31.55.jar returned status 404
9.31.56			IOException: Tail request on https://maven-central.storage-download.googleapis.com/maven2/org/wso2/carbon/apimgt/org.wso2.carbon.apimgt.output.adapter.http/9.31.56/org.wso2.carbon.apimgt.output.adapter.http-9.31.56.jar returned status 404
9.31.57			IOException: Tail request on https://maven-central.storage-download.googleapis.com/maven2/org/wso2/carbon/apimgt/org.wso2.carbon.apimgt.output.adapter.http/9.31.57/org.wso2.carbon.apimgt.output.adapter.http-9.31.57.jar returned status 404
9.31.58			IOException: Tail request on https://maven-central.storage-download.googleapis.com/maven2/org/wso2/carbon/apimgt/org.wso2.carbon.apimgt.output.adapter.http/9.31.58/org.wso2.carbon.apimgt.output.adapter.http-9.31.58.jar returned status 404
9.31.59			IOException: Tail request on https://maven-central.storage-download.googleapis.com/maven2/org/wso2/carbon/apimgt/org.wso2.carbon.apimgt.output.adapter.http/9.31.59/org.wso2.carbon.apimgt.output.adapter.http-9.31.59.jar returned status 404
9.31.6			IOException: Tail request on https://maven-central.storage-download.googleapis.com/maven2/org/wso2/carbon/apimgt/org.wso2.carbon.apimgt.output.adapter.http/9.31.6/org.wso2.carbon.apimgt.output.adapter.http-9.31.6.jar returned status 404
9.31.60			IOException: Tail request on https://maven-central.storage-download.googleapis.com/maven2/org/wso2/carbon/apimgt/org.wso2.carbon.apimgt.output.adapter.http/9.31.60/org.wso2.carbon.apimgt.output.adapter.http-9.31.60.jar returned status 404
9.31.61			IOException: Tail request on https://maven-central.storage-download.googleapis.com/maven2/org/wso2/carbon/apimgt/org.wso2.carbon.apimgt.output.adapter.http/9.31.61/org.wso2.carbon.apimgt.output.adapter.http-9.31.61.jar returned status 404
9.31.62			IOException: Tail request on https://maven-central.storage-download.googleapis.com/maven2/org/wso2/carbon/apimgt/org.wso2.carbon.apimgt.output.adapter.http/9.31.62/org.wso2.carbon.apimgt.output.adapter.http-9.31.62.jar returned status 404
9.31.63			IOException: Tail request on https://maven-central.storage-download.googleapis.com/maven2/org/wso2/carbon/apimgt/org.wso2.carbon.apimgt.output.adapter.http/9.31.63/org.wso2.carbon.apimgt.output.adapter.http-9.31.63.jar returned status 404
9.31.64			IOException: Tail request on https://maven-central.storage-download.googleapis.com/maven2/org/wso2/carbon/apimgt/org.wso2.carbon.apimgt.output.adapter.http/9.31.64/org.wso2.carbon.apimgt.output.adapter.http-9.31.64.jar returned status 404
9.31.65			IOException: Tail request on https://maven-central.storage-download.googleapis.com/maven2/org/wso2/carbon/apimgt/org.wso2.carbon.apimgt.output.adapter.http/9.31.65/org.wso2.carbon.apimgt.output.adapter.http-9.31.65.jar returned status 404
9.31.66			IOException: Tail request on https://maven-central.storage-download.googleapis.com/maven2/org/wso2/carbon/apimgt/org.wso2.carbon.apimgt.output.adapter.http/9.31.66/org.wso2.carbon.apimgt.output.adapter.http-9.31.66.jar returned status 404
9.31.67			IOException: Tail request on https://maven-central.storage-download.googleapis.com/maven2/org/wso2/carbon/apimgt/org.wso2.carbon.apimgt.output.adapter.http/9.31.67/org.wso2.carbon.apimgt.output.adapter.http-9.31.67.jar returned status 404
9.31.68			IOException: Tail request on https://maven-central.storage-download.googleapis.com/maven2/org/wso2/carbon/apimgt/org.wso2.carbon.apimgt.output.adapter.http/9.31.68/org.wso2.carbon.apimgt.output.adapter.http-9.31.68.jar returned status 404
9.31.69			IOException: Tail request on https://maven-central.storage-download.googleapis.com/maven2/org/wso2/carbon/apimgt/org.wso2.carbon.apimgt.output.adapter.http/9.31.69/org.wso2.carbon.apimgt.output.adapter.http-9.31.69.jar returned status 404
9.31.7			IOException: Tail request on https://maven-central.storage-download.googleapis.com/maven2/org/wso2/carbon/apimgt/org.wso2.carbon.apimgt.output.adapter.http/9.31.7/org.wso2.carbon.apimgt.output.adapter.http-9.31.7.jar returned status 404
9.31.70			IOException: Tail request on https://maven-central.storage-download.googleapis.com/maven2/org/wso2/carbon/apimgt/org.wso2.carbon.apimgt.output.adapter.http/9.31.70/org.wso2.carbon.apimgt.output.adapter.http-9.31.70.jar returned status 404
9.31.71			IOException: Tail request on https://maven-central.storage-download.googleapis.com/maven2/org/wso2/carbon/apimgt/org.wso2.carbon.apimgt.output.adapter.http/9.31.71/org.wso2.carbon.apimgt.output.adapter.http-9.31.71.jar returned status 404
9.31.72			IOException: Tail request on https://maven-central.storage-download.googleapis.com/maven2/org/wso2/carbon/apimgt/org.wso2.carbon.apimgt.output.adapter.http/9.31.72/org.wso2.carbon.apimgt.output.adapter.http-9.31.72.jar returned status 404
9.31.73			IOException: Tail request on https://maven-central.storage-download.googleapis.com/maven2/org/wso2/carbon/apimgt/org.wso2.carbon.apimgt.output.adapter.http/9.31.73/org.wso2.carbon.apimgt.output.adapter.http-9.31.73.jar returned status 404
9.31.74			IOException: Tail request on https://maven-central.storage-download.googleapis.com/maven2/org/wso2/carbon/apimgt/org.wso2.carbon.apimgt.output.adapter.http/9.31.74/org.wso2.carbon.apimgt.output.adapter.http-9.31.74.jar returned status 404
9.31.75			IOException: Tail request on https://maven-central.storage-download.googleapis.com/maven2/org/wso2/carbon/apimgt/org.wso2.carbon.apimgt.output.adapter.http/9.31.75/org.wso2.carbon.apimgt.output.adapter.http-9.31.75.jar returned status 404
9.31.76			IOException: Tail request on https://maven-central.storage-download.googleapis.com/maven2/org/wso2/carbon/apimgt/org.wso2.carbon.apimgt.output.adapter.http/9.31.76/org.wso2.carbon.apimgt.output.adapter.http-9.31.76.jar returned status 404
9.31.77			IOException: Tail request on https://maven-central.storage-download.googleapis.com/maven2/org/wso2/carbon/apimgt/org.wso2.carbon.apimgt.output.adapter.http/9.31.77/org.wso2.carbon.apimgt.output.adapter.http-9.31.77.jar returned status 404
9.31.78			IOException: Tail request on https://maven-central.storage-download.googleapis.com/maven2/org/wso2/carbon/apimgt/org.wso2.carbon.apimgt.output.adapter.http/9.31.78/org.wso2.carbon.apimgt.output.adapter.http-9.31.78.jar returned status 404
9.31.79			IOException: Tail request on https://maven-central.storage-download.googleapis.com/maven2/org/wso2/carbon/apimgt/org.wso2.carbon.apimgt.output.adapter.http/9.31.79/org.wso2.carbon.apimgt.output.adapter.http-9.31.79.jar returned status 404
9.31.8			IOException: Tail request on https://maven-central.storage-download.googleapis.com/maven2/org/wso2/carbon/apimgt/org.wso2.carbon.apimgt.output.adapter.http/9.31.8/org.wso2.carbon.apimgt.output.adapter.http-9.31.8.jar returned status 404
9.31.80			IOException: Tail request on https://maven-central.storage-download.googleapis.com/maven2/org/wso2/carbon/apimgt/org.wso2.carbon.apimgt.output.adapter.http/9.31.80/org.wso2.carbon.apimgt.output.adapter.http-9.31.80.jar returned status 404
9.31.81			IOException: Tail request on https://maven-central.storage-download.googleapis.com/maven2/org/wso2/carbon/apimgt/org.wso2.carbon.apimgt.output.adapter.http/9.31.81/org.wso2.carbon.apimgt.output.adapter.http-9.31.81.jar returned status 404
9.31.82			IOException: Tail request on https://maven-central.storage-download.googleapis.com/maven2/org/wso2/carbon/apimgt/org.wso2.carbon.apimgt.output.adapter.http/9.31.82/org.wso2.carbon.apimgt.output.adapter.http-9.31.82.jar returned status 404
9.31.83			IOException: Tail request on https://maven-central.storage-download.googleapis.com/maven2/org/wso2/carbon/apimgt/org.wso2.carbon.apimgt.output.adapter.http/9.31.83/org.wso2.carbon.apimgt.output.adapter.http-9.31.83.jar returned status 404
9.31.84			IOException: Tail request on https://maven-central.storage-download.googleapis.com/maven2/org/wso2/carbon/apimgt/org.wso2.carbon.apimgt.output.adapter.http/9.31.84/org.wso2.carbon.apimgt.output.adapter.http-9.31.84.jar returned status 404
9.31.85			IOException: Tail request on https://maven-central.storage-download.googleapis.com/maven2/org/wso2/carbon/apimgt/org.wso2.carbon.apimgt.output.adapter.http/9.31.85/org.wso2.carbon.apimgt.output.adapter.http-9.31.85.jar returned status 404
9.31.86			IOException: Tail request on https://maven-central.storage-download.googleapis.com/maven2/org/wso2/carbon/apimgt/org.wso2.carbon.apimgt.output.adapter.http/9.31.86/org.wso2.carbon.apimgt.output.adapter.http-9.31.86.jar returned status 404
9.31.87			IOException: Tail request on https://maven-central.storage-download.googleapis.com/maven2/org/wso2/carbon/apimgt/org.wso2.carbon.apimgt.output.adapter.http/9.31.87/org.wso2.carbon.apimgt.output.adapter.http-9.31.87.jar returned status 404
9.31.88			IOException: Tail request on https://maven-central.storage-download.googleapis.com/maven2/org/wso2/carbon/apimgt/org.wso2.carbon.apimgt.output.adapter.http/9.31.88/org.wso2.carbon.apimgt.output.adapter.http-9.31.88.jar returned status 404
9.31.89		2025-03-31T11:11:35Z	
9.31.9			IOException: Tail request on https://maven-central.storage-download.googleapis.com/maven2/org/wso2/carbon/apimgt/org.wso2.carbon.apimgt.output.adapter.http/9.31.9/org.wso2.carbon.apimgt.output.adapter.http-9.31.9.jar returned status 404
9.31.90		2025-04-03T12:37:54Z	
9.31.91		2025-04-03T19:47:14Z	
9.31.92		2025-04-04T08:08:53Z	
9.31.93		2025-04-05T07:34:37Z	
9.31.94		2025-04-07T05:55:25Z	
9.31.95			IOException: Tail request on https://maven-central.storage-download.googleapis.com/maven2/org/wso2/carbon/apimgt/org.wso2.carbon.apimgt.output.adapter.http/9.31.95/org.wso2.carbon.apimgt.output.adapter.http-9.31.95.jar returned status 404
9.31.96			IOException: Tail request on https://maven-central.storage-download.googleapis.com/maven2/org/wso2/carbon/apimgt/org.wso2.carbon.apimgt.output.adapter.http/9.31.96/org.wso2.carbon.apimgt.output.adapter.http-9.31.96.jar returned status 404
9.31.97			IOException: Tail request on https://maven-central.storage-download.googleapis.com/maven2/org/wso2/carbon/apimgt/org.wso2.carbon.apimgt.output.adapter.http/9.31.97/org.wso2.carbon.apimgt.output.adapter.http-9.31.97.jar returned status 404
9.31.98			IOException: Tail request on https://maven-central.storage-download.googleapis.com/maven2/org/wso2/carbon/apimgt/org.wso2.carbon.apimgt.output.adapter.http/9.31.98/org.wso2.carbon.apimgt.output.adapter.http-9.31.98.jar returned status 404
9.31.99			IOException: Tail request on https://maven-central.storage-download.googleapis.com/maven2/org/wso2/carbon/apimgt/org.wso2.carbon.apimgt.output.adapter.http/9.31.99/org.wso2.carbon.apimgt.output.adapter.http-9.31.99.jar returned status 404
9.32.0			IOException: Tail request on https://maven-central.storage-download.googleapis.com/maven2/org/wso2/carbon/apimgt/org.wso2.carbon.apimgt.output.adapter.http/9.32.0/org.wso2.carbon.apimgt.output.adapter.http-9.32.0.jar returned status 404
9.32.1			IOException: Tail request on https://maven-central.storage-download.googleapis.com/maven2/org/wso2/carbon/apimgt/org.wso2.carbon.apimgt.output.adapter.http/9.32.1/org.wso2.carbon.apimgt.output.adapter.http-9.32.1.jar returned status 404
9.32.10			IOException: Tail request on https://maven-central.storage-download.googleapis.com/maven2/org/wso2/carbon/apimgt/org.wso2.carbon.apimgt.output.adapter.http/9.32.10/org.wso2.carbon.apimgt.output.adapter.http-9.32.10.jar returned status 404
9.32.100			IOException: Tail request on https://maven-central.storage-download.googleapis.com/maven2/org/wso2/carbon/apimgt/org.wso2.carbon.apimgt.output.adapter.http/9.32.100/org.wso2.carbon.apimgt.output.adapter.http-9.32.100.jar returned status 404
9.32.101			IOException: Tail request on https://maven-central.storage-download.googleapis.com/maven2/org/wso2/carbon/apimgt/org.wso2.carbon.apimgt.output.adapter.http/9.32.101/org.wso2.carbon.apimgt.output.adapter.http-9.32.101.jar returned status 404
9.32.102			IOException: Tail request on https://maven-central.storage-download.googleapis.com/maven2/org/wso2/carbon/apimgt/org.wso2.carbon.apimgt.output.adapter.http/9.32.102/org.wso2.carbon.apimgt.output.adapter.http-9.32.102.jar returned status 404
9.32.103			IOException: Tail request on https://maven-central.storage-download.googleapis.com/maven2/org/wso2/carbon/apimgt/org.wso2.carbon.apimgt.output.adapter.http/9.32.103/org.wso2.carbon.apimgt.output.adapter.http-9.32.103.jar returned status 404
9.32.104			IOException: Tail request on https://maven-central.storage-download.googleapis.com/maven2/org/wso2/carbon/apimgt/org.wso2.carbon.apimgt.output.adapter.http/9.32.104/org.wso2.carbon.apimgt.output.adapter.http-9.32.104.jar returned status 404
9.32.105			IOException: Tail request on https://maven-central.storage-download.googleapis.com/maven2/org/wso2/carbon/apimgt/org.wso2.carbon.apimgt.output.adapter.http/9.32.105/org.wso2.carbon.apimgt.output.adapter.http-9.32.105.jar returned status 404
9.32.106			IOException: Tail request on https://maven-central.storage-download.googleapis.com/maven2/org/wso2/carbon/apimgt/org.wso2.carbon.apimgt.output.adapter.http/9.32.106/org.wso2.carbon.apimgt.output.adapter.http-9.32.106.jar returned status 404
9.32.107			IOException: Tail request on https://maven-central.storage-download.googleapis.com/maven2/org/wso2/carbon/apimgt/org.wso2.carbon.apimgt.output.adapter.http/9.32.107/org.wso2.carbon.apimgt.output.adapter.http-9.32.107.jar returned status 404
9.32.108			IOException: Tail request on https://maven-central.storage-download.googleapis.com/maven2/org/wso2/carbon/apimgt/org.wso2.carbon.apimgt.output.adapter.http/9.32.108/org.wso2.carbon.apimgt.output.adapter.http-9.32.108.jar returned status 404
9.32.109			IOException: Tail request on https://maven-central.storage-download.googleapis.com/maven2/org/wso2/carbon/apimgt/org.wso2.carbon.apimgt.output.adapter.http/9.32.109/org.wso2.carbon.apimgt.output.adapter.http-9.32.109.jar returned status 404
9.32.11			IOException: Tail request on https://maven-central.storage-download.googleapis.com/maven2/org/wso2/carbon/apimgt/org.wso2.carbon.apimgt.output.adapter.http/9.32.11/org.wso2.carbon.apimgt.output.adapter.http-9.32.11.jar returned status 404
9.32.110			IOException: Tail request on https://maven-central.storage-download.googleapis.com/maven2/org/wso2/carbon/apimgt/org.wso2.carbon.apimgt.output.adapter.http/9.32.110/org.wso2.carbon.apimgt.output.adapter.http-9.32.110.jar returned status 404
9.32.111			IOException: Tail request on https://maven-central.storage-download.googleapis.com/maven2/org/wso2/carbon/apimgt/org.wso2.carbon.apimgt.output.adapter.http/9.32.111/org.wso2.carbon.apimgt.output.adapter.http-9.32.111.jar returned status 404
9.32.112			IOException: Tail request on https://maven-central.storage-download.googleapis.com/maven2/org/wso2/carbon/apimgt/org.wso2.carbon.apimgt.output.adapter.http/9.32.112/org.wso2.carbon.apimgt.output.adapter.http-9.32.112.jar returned status 404
9.32.113			IOException: Tail request on https://maven-central.storage-download.googleapis.com/maven2/org/wso2/carbon/apimgt/org.wso2.carbon.apimgt.output.adapter.http/9.32.113/org.wso2.carbon.apimgt.output.adapter.http-9.32.113.jar returned status 404
9.32.114			IOException: Tail request on https://maven-central.storage-download.googleapis.com/maven2/org/wso2/carbon/apimgt/org.wso2.carbon.apimgt.output.adapter.http/9.32.114/org.wso2.carbon.apimgt.output.adapter.http-9.32.114.jar returned status 404
9.32.115			IOException: Tail request on https://maven-central.storage-download.googleapis.com/maven2/org/wso2/carbon/apimgt/org.wso2.carbon.apimgt.output.adapter.http/9.32.115/org.wso2.carbon.apimgt.output.adapter.http-9.32.115.jar returned status 404
9.32.116			IOException: Tail request on https://maven-central.storage-download.googleapis.com/maven2/org/wso2/carbon/apimgt/org.wso2.carbon.apimgt.output.adapter.http/9.32.116/org.wso2.carbon.apimgt.output.adapter.http-9.32.116.jar returned status 404
9.32.117			IOException: Tail request on https://maven-central.storage-download.googleapis.com/maven2/org/wso2/carbon/apimgt/org.wso2.carbon.apimgt.output.adapter.http/9.32.117/org.wso2.carbon.apimgt.output.adapter.http-9.32.117.jar returned status 404
9.32.118			IOException: Tail request on https://maven-central.storage-download.googleapis.com/maven2/org/wso2/carbon/apimgt/org.wso2.carbon.apimgt.output.adapter.http/9.32.118/org.wso2.carbon.apimgt.output.adapter.http-9.32.118.jar returned status 404
9.32.119			IOException: Tail request on https://maven-central.storage-download.googleapis.com/maven2/org/wso2/carbon/apimgt/org.wso2.carbon.apimgt.output.adapter.http/9.32.119/org.wso2.carbon.apimgt.output.adapter.http-9.32.119.jar returned status 404
9.32.12			IOException: Tail request on https://maven-central.storage-download.googleapis.com/maven2/org/wso2/carbon/apimgt/org.wso2.carbon.apimgt.output.adapter.http/9.32.12/org.wso2.carbon.apimgt.output.adapter.http-9.32.12.jar returned status 404
9.32.120			IOException: Tail request on https://maven-central.storage-download.googleapis.com/maven2/org/wso2/carbon/apimgt/org.wso2.carbon.apimgt.output.adapter.http/9.32.120/org.wso2.carbon.apimgt.output.adapter.http-9.32.120.jar returned status 404
9.32.121			IOException: Tail request on https://maven-central.storage-download.googleapis.com/maven2/org/wso2/carbon/apimgt/org.wso2.carbon.apimgt.output.adapter.http/9.32.121/org.wso2.carbon.apimgt.output.adapter.http-9.32.121.jar returned status 404
9.32.122			IOException: Tail request on https://maven-central.storage-download.googleapis.com/maven2/org/wso2/carbon/apimgt/org.wso2.carbon.apimgt.output.adapter.http/9.32.122/org.wso2.carbon.apimgt.output.adapter.http-9.32.122.jar returned status 404
9.32.123			IOException: Tail request on https://maven-central.storage-download.googleapis.com/maven2/org/wso2/carbon/apimgt/org.wso2.carbon.apimgt.output.adapter.http/9.32.123/org.wso2.carbon.apimgt.output.adapter.http-9.32.123.jar returned status 404
9.32.124			IOException: Tail request on https://maven-central.storage-download.googleapis.com/maven2/org/wso2/carbon/apimgt/org.wso2.carbon.apimgt.output.adapter.http/9.32.124/org.wso2.carbon.apimgt.output.adapter.http-9.32.124.jar returned status 404
9.32.125			IOException: Tail request on https://maven-central.storage-download.googleapis.com/maven2/org/wso2/carbon/apimgt/org.wso2.carbon.apimgt.output.adapter.http/9.32.125/org.wso2.carbon.apimgt.output.adapter.http-9.32.125.jar returned status 404
9.32.126			IOException: Tail request on https://maven-central.storage-download.googleapis.com/maven2/org/wso2/carbon/apimgt/org.wso2.carbon.apimgt.output.adapter.http/9.32.126/org.wso2.carbon.apimgt.output.adapter.http-9.32.126.jar returned status 404
9.32.127			IOException: Tail request on https://maven-central.storage-download.googleapis.com/maven2/org/wso2/carbon/apimgt/org.wso2.carbon.apimgt.output.adapter.http/9.32.127/org.wso2.carbon.apimgt.output.adapter.http-9.32.127.jar returned status 404
9.32.128			IOException: Tail request on https://maven-central.storage-download.googleapis.com/maven2/org/wso2/carbon/apimgt/org.wso2.carbon.apimgt.output.adapter.http/9.32.128/org.wso2.carbon.apimgt.output.adapter.http-9.32.128.jar returned status 404
9.32.129			IOException: Tail request on https://maven-central.storage-download.googleapis.com/maven2/org/wso2/carbon/apimgt/org.wso2.carbon.apimgt.output.adapter.http/9.32.129/org.wso2.carbon.apimgt.output.adapter.http-9.32.129.jar returned status 404
9.32.13			IOException: Tail request on https://maven-central.storage-download.googleapis.com/maven2/org/wso2/carbon/apimgt/org.wso2.carbon.apimgt.output.adapter.http/9.32.13/org.wso2.carbon.apimgt.output.adapter.http-9.32.13.jar returned status 404
9.32.130			IOException: Tail request on https://maven-central.storage-download.googleapis.com/maven2/org/wso2/carbon/apimgt/org.wso2.carbon.apimgt.output.adapter.http/9.32.130/org.wso2.carbon.apimgt.output.adapter.http-9.32.130.jar returned status 404
9.32.131			IOException: Tail request on https://maven-central.storage-download.googleapis.com/maven2/org/wso2/carbon/apimgt/org.wso2.carbon.apimgt.output.adapter.http/9.32.131/org.wso2.carbon.apimgt.output.adapter.http-9.32.131.jar returned status 404
9.32.132			IOException: Tail request on https://maven-central.storage-download.googleapis.com/maven2/org/wso2/carbon/apimgt/org.wso2.carbon.apimgt.output.adapter.http/9.32.132/org.wso2.carbon.apimgt.output.adapter.http-9.32.132.jar returned status 404
9.32.133			IOException: Tail request on https://maven-central.storage-download.googleapis.com/maven2/org/wso2/carbon/apimgt/org.wso2.carbon.apimgt.output.adapter.http/9.32.133/org.wso2.carbon.apimgt.output.adapter.http-9.32.133.jar returned status 404
9.32.134			IOException: Tail request on https://maven-central.storage-download.googleapis.com/maven2/org/wso2/carbon/apimgt/org.wso2.carbon.apimgt.output.adapter.http/9.32.134/org.wso2.carbon.apimgt.output.adapter.http-9.32.134.jar returned status 404
9.32.135			IOException: Tail request on https://maven-central.storage-download.googleapis.com/maven2/org/wso2/carbon/apimgt/org.wso2.carbon.apimgt.output.adapter.http/9.32.135/org.wso2.carbon.apimgt.output.adapter.http-9.32.135.jar returned status 404
9.32.136			IOException: Tail request on https://maven-central.storage-download.googleapis.com/maven2/org/wso2/carbon/apimgt/org.wso2.carbon.apimgt.output.adapter.http/9.32.136/org.wso2.carbon.apimgt.output.adapter.http-9.32.136.jar returned status 404
9.32.137			IOException: Tail request on https://maven-central.storage-download.googleapis.com/maven2/org/wso2/carbon/apimgt/org.wso2.carbon.apimgt.output.adapter.http/9.32.137/org.wso2.carbon.apimgt.output.adapter.http-9.32.137.jar returned status 404
9.32.138			IOException: Tail request on https://maven-central.storage-download.googleapis.com/maven2/org/wso2/carbon/apimgt/org.wso2.carbon.apimgt.output.adapter.http/9.32.138/org.wso2.carbon.apimgt.output.adapter.http-9.32.138.jar returned status 404
9.32.139			IOException: Tail request on https://maven-central.storage-download.googleapis.com/maven2/org/wso2/carbon/apimgt/org.wso2.carbon.apimgt.output.adapter.http/9.32.139/org.wso2.carbon.apimgt.output.adapter.http-9.32.139.jar returned status 404
9.32.14			IOException: Tail request on https://maven-central.storage-download.googleapis.com/maven2/org/wso2/carbon/apimgt/org.wso2.carbon.apimgt.output.adapter.http/9.32.14/org.wso2.carbon.apimgt.output.adapter.http-9.32.14.jar returned status 404
9.32.140			IOException: Tail request on https://maven-central.storage-download.googleapis.com/maven2/org/wso2/carbon/apimgt/org.wso2.carbon.apimgt.output.adapter.http/9.32.140/org.wso2.carbon.apimgt.output.adapter.http-9.32.140.jar returned status 404
9.32.141			IOException: Tail request on https://maven-central.storage-download.googleapis.com/maven2/org/wso2/carbon/apimgt/org.wso2.carbon.apimgt.output.adapter.http/9.32.141/org.wso2.carbon.apimgt.output.adapter.http-9.32.141.jar returned status 404
9.32.142			IOException: Tail request on https://maven-central.storage-download.googleapis.com/maven2/org/wso2/carbon/apimgt/org.wso2.carbon.apimgt.output.adapter.http/9.32.142/org.wso2.carbon.apimgt.output.adapter.http-9.32.142.jar returned status 404
9.32.143			IOException: Tail request on https://maven-central.storage-download.googleapis.com/maven2/org/wso2/carbon/apimgt/org.wso2.carbon.apimgt.output.adapter.http/9.32.143/org.wso2.carbon.apimgt.output.adapter.http-9.32.143.jar returned status 404
9.32.144			IOException: Tail request on https://maven-central.storage-download.googleapis.com/maven2/org/wso2/carbon/apimgt/org.wso2.carbon.apimgt.output.adapter.http/9.32.144/org.wso2.carbon.apimgt.output.adapter.http-9.32.144.jar returned status 404
9.32.145			IOException: Tail request on https://maven-central.storage-download.googleapis.com/maven2/org/wso2/carbon/apimgt/org.wso2.carbon.apimgt.output.adapter.http/9.32.145/org.wso2.carbon.apimgt.output.adapter.http-9.32.145.jar returned status 404
9.32.146			IOException: Tail request on https://maven-central.storage-download.googleapis.com/maven2/org/wso2/carbon/apimgt/org.wso2.carbon.apimgt.output.adapter.http/9.32.146/org.wso2.carbon.apimgt.output.adapter.http-9.32.146.jar returned status 404
9.32.147			IOException: Tail request on https://maven-central.storage-download.googleapis.com/maven2/org/wso2/carbon/apimgt/org.wso2.carbon.apimgt.output.adapter.http/9.32.147/org.wso2.carbon.apimgt.output.adapter.http-9.32.147.jar returned status 404
9.32.148			IOException: Tail request on https://maven-central.storage-download.googleapis.com/maven2/org/wso2/carbon/apimgt/org.wso2.carbon.apimgt.output.adapter.http/9.32.148/org.wso2.carbon.apimgt.output.adapter.http-9.32.148.jar returned status 404
9.32.149			IOException: Tail request on https://maven-central.storage-download.googleapis.com/maven2/org/wso2/carbon/apimgt/org.wso2.carbon.apimgt.output.adapter.http/9.32.149/org.wso2.carbon.apimgt.output.adapter.http-9.32.149.jar returned status 404
9.32.15			IOException: Tail request on https://maven-central.storage-download.googleapis.com/maven2/org/wso2/carbon/apimgt/org.wso2.carbon.apimgt.output.adapter.http/9.32.15/org.wso2.carbon.apimgt.output.adapter.http-9.32.15.jar returned status 404
9.32.150			IOException: Tail request on https://maven-central.storage-download.googleapis.com/maven2/org/wso2/carbon/apimgt/org.wso2.carbon.apimgt.output.adapter.http/9.32.150/org.wso2.carbon.apimgt.output.adapter.http-9.32.150.jar returned status 404
9.32.151		2025-11-21T06:06:14Z	
9.32.152		2025-11-24T15:00:36Z	
9.32.153		2025-12-05T12:34:18Z	
9.32.154		2025-12-08T12:24:00Z	
9.32.155		2025-12-15T06:15:37Z	
9.32.156		2025-12-16T11:25:15Z	
9.32.157		2025-12-16T13:25:48Z	
9.32.158		2025-12-18T12:22:52Z	
9.32.159		2025-12-22T05:59:20Z	
9.32.16			IOException: Tail request on https://maven-central.storage-download.googleapis.com/maven2/org/wso2/carbon/apimgt/org.wso2.carbon.apimgt.output.adapter.http/9.32.16/org.wso2.carbon.apimgt.output.adapter.http-9.32.16.jar returned status 404
9.32.160		2026-01-06T10:43:15Z	
9.32.161		2026-01-06T16:46:40Z	
9.32.162		2026-01-09T11:39:26Z	
9.32.163		2026-01-16T08:05:28Z	
9.32.164		2026-01-16T10:02:44Z	
9.32.165		2026-01-20T11:39:22Z	
9.32.166		2026-01-21T08:11:22Z	
9.32.167		2026-01-23T03:45:09Z	
9.32.168		2026-01-27T10:47:36Z	
9.32.169		2026-01-28T10:54:07Z	
9.32.17			IOException: Tail request on https://maven-central.storage-download.googleapis.com/maven2/org/wso2/carbon/apimgt/org.wso2.carbon.apimgt.output.adapter.http/9.32.17/org.wso2.carbon.apimgt.output.adapter.http-9.32.17.jar returned status 404
9.32.170		2026-01-28T19:30:25Z	
9.32.171		2026-01-29T08:23:36Z	
9.32.172		2026-01-29T13:30:40Z	
9.32.173		2026-02-02T06:02:46Z	
9.32.174		2026-02-02T11:48:51Z	
9.32.175		2026-02-09T11:13:31Z	
9.32.176		2026-02-12T13:36:49Z	
9.32.177		2026-02-13T07:04:08Z	
9.32.18			IOException: Tail request on https://maven-central.storage-download.googleapis.com/maven2/org/wso2/carbon/apimgt/org.wso2.carbon.apimgt.output.adapter.http/9.32.18/org.wso2.carbon.apimgt.output.adapter.http-9.32.18.jar returned status 404
9.32.19			IOException: Tail request on https://maven-central.storage-download.googleapis.com/maven2/org/wso2/carbon/apimgt/org.wso2.carbon.apimgt.output.adapter.http/9.32.19/org.wso2.carbon.apimgt.output.adapter.http-9.32.19.jar returned status 404
9.32.2			IOException: Tail request on https://maven-central.storage-download.googleapis.com/maven2/org/wso2/carbon/apimgt/org.wso2.carbon.apimgt.output.adapter.http/9.32.2/org.wso2.carbon.apimgt.output.adapter.http-9.32.2.jar returned status 404
9.32.20			IOException: Tail request on https://maven-central.storage-download.googleapis.com/maven2/org/wso2/carbon/apimgt/org.wso2.carbon.apimgt.output.adapter.http/9.32.20/org.wso2.carbon.apimgt.output.adapter.http-9.32.20.jar returned status 404
9.32.21			IOException: Tail request on https://maven-central.storage-download.googleapis.com/maven2/org/wso2/carbon/apimgt/org.wso2.carbon.apimgt.output.adapter.http/9.32.21/org.wso2.carbon.apimgt.output.adapter.http-9.32.21.jar returned status 404
9.32.22			IOException: Tail request on https://maven-central.storage-download.googleapis.com/maven2/org/wso2/carbon/apimgt/org.wso2.carbon.apimgt.output.adapter.http/9.32.22/org.wso2.carbon.apimgt.output.adapter.http-9.32.22.jar returned status 404
9.32.23			IOException: Tail request on https://maven-central.storage-download.googleapis.com/maven2/org/wso2/carbon/apimgt/org.wso2.carbon.apimgt.output.adapter.http/9.32.23/org.wso2.carbon.apimgt.output.adapter.http-9.32.23.jar returned status 404
9.32.24			IOException: Tail request on https://maven-central.storage-download.googleapis.com/maven2/org/wso2/carbon/apimgt/org.wso2.carbon.apimgt.output.adapter.http/9.32.24/org.wso2.carbon.apimgt.output.adapter.http-9.32.24.jar returned status 404
9.32.25			IOException: Tail request on https://maven-central.storage-download.googleapis.com/maven2/org/wso2/carbon/apimgt/org.wso2.carbon.apimgt.output.adapter.http/9.32.25/org.wso2.carbon.apimgt.output.adapter.http-9.32.25.jar returned status 404
9.32.26			IOException: Tail request on https://maven-central.storage-download.googleapis.com/maven2/org/wso2/carbon/apimgt/org.wso2.carbon.apimgt.output.adapter.http/9.32.26/org.wso2.carbon.apimgt.output.adapter.http-9.32.26.jar returned status 404
9.32.27			IOException: Tail request on https://maven-central.storage-download.googleapis.com/maven2/org/wso2/carbon/apimgt/org.wso2.carbon.apimgt.output.adapter.http/9.32.27/org.wso2.carbon.apimgt.output.adapter.http-9.32.27.jar returned status 404
9.32.28			IOException: Tail request on https://maven-central.storage-download.googleapis.com/maven2/org/wso2/carbon/apimgt/org.wso2.carbon.apimgt.output.adapter.http/9.32.28/org.wso2.carbon.apimgt.output.adapter.http-9.32.28.jar returned status 404
9.32.29			IOException: Tail request on https://maven-central.storage-download.googleapis.com/maven2/org/wso2/carbon/apimgt/org.wso2.carbon.apimgt.output.adapter.http/9.32.29/org.wso2.carbon.apimgt.output.adapter.http-9.32.29.jar returned status 404
9.32.3			IOException: Tail request on https://maven-central.storage-download.googleapis.com/maven2/org/wso2/carbon/apimgt/org.wso2.carbon.apimgt.output.adapter.http/9.32.3/org.wso2.carbon.apimgt.output.adapter.http-9.32.3.jar returned status 404
9.32.30			IOException: Tail request on https://maven-central.storage-download.googleapis.com/maven2/org/wso2/carbon/apimgt/org.wso2.carbon.apimgt.output.adapter.http/9.32.30/org.wso2.carbon.apimgt.output.adapter.http-9.32.30.jar returned status 404
9.32.31			IOException: Tail request on https://maven-central.storage-download.googleapis.com/maven2/org/wso2/carbon/apimgt/org.wso2.carbon.apimgt.output.adapter.http/9.32.31/org.wso2.carbon.apimgt.output.adapter.http-9.32.31.jar returned status 404
9.32.32			IOException: Tail request on https://maven-central.storage-download.googleapis.com/maven2/org/wso2/carbon/apimgt/org.wso2.carbon.apimgt.output.adapter.http/9.32.32/org.wso2.carbon.apimgt.output.adapter.http-9.32.32.jar returned status 404
9.32.33			IOException: Tail request on https://maven-central.storage-download.googleapis.com/maven2/org/wso2/carbon/apimgt/org.wso2.carbon.apimgt.output.adapter.http/9.32.33/org.wso2.carbon.apimgt.output.adapter.http-9.32.33.jar returned status 404
9.32.34			IOException: Tail request on https://maven-central.storage-download.googleapis.com/maven2/org/wso2/carbon/apimgt/org.wso2.carbon.apimgt.output.adapter.http/9.32.34/org.wso2.carbon.apimgt.output.adapter.http-9.32.34.jar returned status 404
9.32.35			IOException: Tail request on https://maven-central.storage-download.googleapis.com/maven2/org/wso2/carbon/apimgt/org.wso2.carbon.apimgt.output.adapter.http/9.32.35/org.wso2.carbon.apimgt.output.adapter.http-9.32.35.jar returned status 404
9.32.36			IOException: Tail request on https://maven-central.storage-download.googleapis.com/maven2/org/wso2/carbon/apimgt/org.wso2.carbon.apimgt.output.adapter.http/9.32.36/org.wso2.carbon.apimgt.output.adapter.http-9.32.36.jar returned status 404
9.32.37			IOException: Tail request on https://maven-central.storage-download.googleapis.com/maven2/org/wso2/carbon/apimgt/org.wso2.carbon.apimgt.output.adapter.http/9.32.37/org.wso2.carbon.apimgt.output.adapter.http-9.32.37.jar returned status 404
9.32.38			IOException: Tail request on https://maven-central.storage-download.googleapis.com/maven2/org/wso2/carbon/apimgt/org.wso2.carbon.apimgt.output.adapter.http/9.32.38/org.wso2.carbon.apimgt.output.adapter.http-9.32.38.jar returned status 404
9.32.39			IOException: Tail request on https://maven-central.storage-download.googleapis.com/maven2/org/wso2/carbon/apimgt/org.wso2.carbon.apimgt.output.adapter.http/9.32.39/org.wso2.carbon.apimgt.output.adapter.http-9.32.39.jar returned status 404
9.32.4			IOException: Tail request on https://maven-central.storage-download.googleapis.com/maven2/org/wso2/carbon/apimgt/org.wso2.carbon.apimgt.output.adapter.http/9.32.4/org.wso2.carbon.apimgt.output.adapter.http-9.32.4.jar returned status 404
9.32.40			IOException: Tail request on https://maven-central.storage-download.googleapis.com/maven2/org/wso2/carbon/apimgt/org.wso2.carbon.apimgt.output.adapter.http/9.32.40/org.wso2.carbon.apimgt.output.adapter.http-9.32.40.jar returned status 404
9.32.41			IOException: Tail request on https://maven-central.storage-download.googleapis.com/maven2/org/wso2/carbon/apimgt/org.wso2.carbon.apimgt.output.adapter.http/9.32.41/org.wso2.carbon.apimgt.output.adapter.http-9.32.41.jar returned status 404
9.32.42			IOException: Tail request on https://maven-central.storage-download.googleapis.com/maven2/org/wso2/carbon/apimgt/org.wso2.carbon.apimgt.output.adapter.http/9.32.42/org.wso2.carbon.apimgt.output.adapter.http-9.32.42.jar returned status 404
9.32.43			IOException: Tail request on https://maven-central.storage-download.googleapis.com/maven2/org/wso2/carbon/apimgt/org.wso2.carbon.apimgt.output.adapter.http/9.32.43/org.wso2.carbon.apimgt.output.adapter.http-9.32.43.jar returned status 404
9.32.44			IOException: Tail request on https://maven-central.storage-download.googleapis.com/maven2/org/wso2/carbon/apimgt/org.wso2.carbon.apimgt.output.adapter.http/9.32.44/org.wso2.carbon.apimgt.output.adapter.http-9.32.44.jar returned status 404
9.32.45			IOException: Tail request on https://maven-central.storage-download.googleapis.com/maven2/org/wso2/carbon/apimgt/org.wso2.carbon.apimgt.output.adapter.http/9.32.45/org.wso2.carbon.apimgt.output.adapter.http-9.32.45.jar returned status 404
9.32.46			IOException: Tail request on https://maven-central.storage-download.googleapis.com/maven2/org/wso2/carbon/apimgt/org.wso2.carbon.apimgt.output.adapter.http/9.32.46/org.wso2.carbon.apimgt.output.adapter.http-9.32.46.jar returned status 404
9.32.47			IOException: Tail request on https://maven-central.storage-download.googleapis.com/maven2/org/wso2/carbon/apimgt/org.wso2.carbon.apimgt.output.adapter.http/9.32.47/org.wso2.carbon.apimgt.output.adapter.http-9.32.47.jar returned status 404
9.32.48			IOException: Tail request on https://maven-central.storage-download.googleapis.com/maven2/org/wso2/carbon/apimgt/org.wso2.carbon.apimgt.output.adapter.http/9.32.48/org.wso2.carbon.apimgt.output.adapter.http-9.32.48.jar returned status 404
9.32.49			IOException: Tail request on https://maven-central.storage-download.googleapis.com/maven2/org/wso2/carbon/apimgt/org.wso2.carbon.apimgt.output.adapter.http/9.32.49/org.wso2.carbon.apimgt.output.adapter.http-9.32.49.jar returned status 404
9.32.5			IOException: Tail request on https://maven-central.storage-download.googleapis.com/maven2/org/wso2/carbon/apimgt/org.wso2.carbon.apimgt.output.adapter.http/9.32.5/org.wso2.carbon.apimgt.output.adapter.http-9.32.5.jar returned status 404
9.32.50			IOException: Tail request on https://maven-central.storage-download.googleapis.com/maven2/org/wso2/carbon/apimgt/org.wso2.carbon.apimgt.output.adapter.http/9.32.50/org.wso2.carbon.apimgt.output.adapter.http-9.32.50.jar returned status 404
9.32.51			IOException: Tail request on https://maven-central.storage-download.googleapis.com/maven2/org/wso2/carbon/apimgt/org.wso2.carbon.apimgt.output.adapter.http/9.32.51/org.wso2.carbon.apimgt.output.adapter.http-9.32.51.jar returned status 404
9.32.52			IOException: Tail request on https://maven-central.storage-download.googleapis.com/maven2/org/wso2/carbon/apimgt/org.wso2.carbon.apimgt.output.adapter.http/9.32.52/org.wso2.carbon.apimgt.output.adapter.http-9.32.52.jar returned status 404
9.32.53			IOException: Tail request on https://maven-central.storage-download.googleapis.com/maven2/org/wso2/carbon/apimgt/org.wso2.carbon.apimgt.output.adapter.http/9.32.53/org.wso2.carbon.apimgt.output.adapter.http-9.32.53.jar returned status 404
9.32.54			IOException: Tail request on https://maven-central.storage-download.googleapis.com/maven2/org/wso2/carbon/apimgt/org.wso2.carbon.apimgt.output.adapter.http/9.32.54/org.wso2.carbon.apimgt.output.adapter.http-9.32.54.jar returned status 404
9.32.55			IOException: Tail request on https://maven-central.storage-download.googleapis.com/maven2/org/wso2/carbon/apimgt/org.wso2.carbon.apimgt.output.adapter.http/9.32.55/org.wso2.carbon.apimgt.output.adapter.http-9.32.55.jar returned status 404
9.32.56			IOException: Tail request on https://maven-central.storage-download.googleapis.com/maven2/org/wso2/carbon/apimgt/org.wso2.carbon.apimgt.output.adapter.http/9.32.56/org.wso2.carbon.apimgt.output.adapter.http-9.32.56.jar returned status 404
9.32.57			IOException: Tail request on https://maven-central.storage-download.googleapis.com/maven2/org/wso2/carbon/apimgt/org.wso2.carbon.apimgt.output.adapter.http/9.32.57/org.wso2.carbon.apimgt.output.adapter.http-9.32.57.jar returned status 404
9.32.58			IOException: Tail request on https://maven-central.storage-download.googleapis.com/maven2/org/wso2/carbon/apimgt/org.wso2.carbon.apimgt.output.adapter.http/9.32.58/org.wso2.carbon.apimgt.output.adapter.http-9.32.58.jar returned status 404
9.32.59			IOException: Tail request on https://maven-central.storage-download.googleapis.com/maven2/org/wso2/carbon/apimgt/org.wso2.carbon.apimgt.output.adapter.http/9.32.59/org.wso2.carbon.apimgt.output.adapter.http-9.32.59.jar returned status 404
9.32.6			IOException: Tail request on https://maven-central.storage-download.googleapis.com/maven2/org/wso2/carbon/apimgt/org.wso2.carbon.apimgt.output.adapter.http/9.32.6/org.wso2.carbon.apimgt.output.adapter.http-9.32.6.jar returned status 404
9.32.60			IOException: Tail request on https://maven-central.storage-download.googleapis.com/maven2/org/wso2/carbon/apimgt/org.wso2.carbon.apimgt.output.adapter.http/9.32.60/org.wso2.carbon.apimgt.output.adapter.http-9.32.60.jar returned status 404
9.32.61			IOException: Tail request on https://maven-central.storage-download.googleapis.com/maven2/org/wso2/carbon/apimgt/org.wso2.carbon.apimgt.output.adapter.http/9.32.61/org.wso2.carbon.apimgt.output.adapter.http-9.32.61.jar returned status 404
9.32.62			IOException: Tail request on https://maven-central.storage-download.googleapis.com/maven2/org/wso2/carbon/apimgt/org.wso2.carbon.apimgt.output.adapter.http/9.32.62/org.wso2.carbon.apimgt.output.adapter.http-9.32.62.jar returned status 404
9.32.63			IOException: Tail request on https://maven-central.storage-download.googleapis.com/maven2/org/wso2/carbon/apimgt/org.wso2.carbon.apimgt.output.adapter.http/9.32.63/org.wso2.carbon.apimgt.output.adapter.http-9.32.63.jar returned status 404
9.32.64			IOException: Tail request on https://maven-central.storage-download.googleapis.com/maven2/org/wso2/carbon/apimgt/org.wso2.carbon.apimgt.output.adapter.http/9.32.64/org.wso2.carbon.apimgt.output.adapter.http-9.32.64.jar returned status 404
9.32.65			IOException: Tail request on https://maven-central.storage-download.googleapis.com/maven2/org/wso2/carbon/apimgt/org.wso2.carbon.apimgt.output.adapter.http/9.32.65/org.wso2.carbon.apimgt.output.adapter.http-9.32.65.jar returned status 404
9.32.66			IOException: Tail request on https://maven-central.storage-download.googleapis.com/maven2/org/wso2/carbon/apimgt/org.wso2.carbon.apimgt.output.adapter.http/9.32.66/org.wso2.carbon.apimgt.output.adapter.http-9.32.66.jar returned status 404
9.32.67			IOException: Tail request on https://maven-central.storage-download.googleapis.com/maven2/org/wso2/carbon/apimgt/org.wso2.carbon.apimgt.output.adapter.http/9.32.67/org.wso2.carbon.apimgt.output.adapter.http-9.32.67.jar returned status 404
9.32.68			IOException: Tail request on https://maven-central.storage-download.googleapis.com/maven2/org/wso2/carbon/apimgt/org.wso2.carbon.apimgt.output.adapter.http/9.32.68/org.wso2.carbon.apimgt.output.adapter.http-9.32.68.jar returned status 404
9.32.69			IOException: Tail request on https://maven-central.storage-download.googleapis.com/maven2/org/wso2/carbon/apimgt/org.wso2.carbon.apimgt.output.adapter.http/9.32.69/org.wso2.carbon.apimgt.output.adapter.http-9.32.69.jar returned status 404
9.32.7			IOException: Tail request on https://maven-central.storage-download.googleapis.com/maven2/org/wso2/carbon/apimgt/org.wso2.carbon.apimgt.output.adapter.http/9.32.7/org.wso2.carbon.apimgt.output.adapter.http-9.32.7.jar returned status 404
9.32.70			IOException: Tail request on https://maven-central.storage-download.googleapis.com/maven2/org/wso2/carbon/apimgt/org.wso2.carbon.apimgt.output.adapter.http/9.32.70/org.wso2.carbon.apimgt.output.adapter.http-9.32.70.jar returned status 404
9.32.71			IOException: Tail request on https://maven-central.storage-download.googleapis.com/maven2/org/wso2/carbon/apimgt/org.wso2.carbon.apimgt.output.adapter.http/9.32.71/org.wso2.carbon.apimgt.output.adapter.http-9.32.71.jar returned status 404
9.32.72			IOException: Tail request on https://maven-central.storage-download.googleapis.com/maven2/org/wso2/carbon/apimgt/org.wso2.carbon.apimgt.output.adapter.http/9.32.72/org.wso2.carbon.apimgt.output.adapter.http-9.32.72.jar returned status 404
9.32.73			IOException: Tail request on https://maven-central.storage-download.googleapis.com/maven2/org/wso2/carbon/apimgt/org.wso2.carbon.apimgt.output.adapter.http/9.32.73/org.wso2.carbon.apimgt.output.adapter.http-9.32.73.jar returned status 404
9.32.74			IOException: Tail request on https://maven-central.storage-download.googleapis.com/maven2/org/wso2/carbon/apimgt/org.wso2.carbon.apimgt.output.adapter.http/9.32.74/org.wso2.carbon.apimgt.output.adapter.http-9.32.74.jar returned status 404
9.32.75			IOException: Tail request on https://maven-central.storage-download.googleapis.com/maven2/org/wso2/carbon/apimgt/org.wso2.carbon.apimgt.output.adapter.http/9.32.75/org.wso2.carbon.apimgt.output.adapter.http-9.32.75.jar returned status 404
9.32.76			IOException: Tail request on https://maven-central.storage-download.googleapis.com/maven2/org/wso2/carbon/apimgt/org.wso2.carbon.apimgt.output.adapter.http/9.32.76/org.wso2.carbon.apimgt.output.adapter.http-9.32.76.jar returned status 404
9.32.77			IOException: Tail request on https://maven-central.storage-download.googleapis.com/maven2/org/wso2/carbon/apimgt/org.wso2.carbon.apimgt.output.adapter.http/9.32.77/org.wso2.carbon.apimgt.output.adapter.http-9.32.77.jar returned status 404
9.32.78			IOException: Tail request on https://maven-central.storage-download.googleapis.com/maven2/org/wso2/carbon/apimgt/org.wso2.carbon.apimgt.output.adapter.http/9.32.78/org.wso2.carbon.apimgt.output.adapter.http-9.32.78.jar returned status 404
9.32.79			IOException: Tail request on https://maven-central.storage-download.googleapis.com/maven2/org/wso2/carbon/apimgt/org.wso2.carbon.apimgt.output.adapter.http/9.32.79/org.wso2.carbon.apimgt.output.adapter.http-9.32.79.jar returned status 404
9.32.8			IOException: Tail request on https://maven-central.storage-download.googleapis.com/maven2/org/wso2/carbon/apimgt/org.wso2.carbon.apimgt.output.adapter.http/9.32.8/org.wso2.carbon.apimgt.output.adapter.http-9.32.8.jar returned status 404
9.32.80			IOException: Tail request on https://maven-central.storage-download.googleapis.com/maven2/org/wso2/carbon/apimgt/org.wso2.carbon.apimgt.output.adapter.http/9.32.80/org.wso2.carbon.apimgt.output.adapter.http-9.32.80.jar returned status 404
9.32.81			IOException: Tail request on https://maven-central.storage-download.googleapis.com/maven2/org/wso2/carbon/apimgt/org.wso2.carbon.apimgt.output.adapter.http/9.32.81/org.wso2.carbon.apimgt.output.adapter.http-9.32.81.jar returned status 404
9.32.82			IOException: Tail request on https://maven-central.storage-download.googleapis.com/maven2/org/wso2/carbon/apimgt/org.wso2.carbon.apimgt.output.adapter.http/9.32.82/org.wso2.carbon.apimgt.output.adapter.http-9.32.82.jar returned status 404
9.32.83			IOException: Tail request on https://maven-central.storage-download.googleapis.com/maven2/org/wso2/carbon/apimgt/org.wso2.carbon.apimgt.output.adapter.http/9.32.83/org.wso2.carbon.apimgt.output.adapter.http-9.32.83.jar returned status 404
9.32.84			IOException: Tail request on https://maven-central.storage-download.googleapis.com/maven2/org/wso2/carbon/apimgt/org.wso2.carbon.apimgt.output.adapter.http/9.32.84/org.wso2.carbon.apimgt.output.adapter.http-9.32.84.jar returned status 404
9.32.85			IOException: Tail request on https://maven-central.storage-download.googleapis.com/maven2/org/wso2/carbon/apimgt/org.wso2.carbon.apimgt.output.adapter.http/9.32.85/org.wso2.carbon.apimgt.output.adapter.http-9.32.85.jar returned status 404
9.32.86			IOException: Tail request on https://maven-central.storage-download.googleapis.com/maven2/org/wso2/carbon/apimgt/org.wso2.carbon.apimgt.output.adapter.http/9.32.86/org.wso2.carbon.apimgt.output.adapter.http-9.32.86.jar returned status 404
9.32.87			IOException: Tail request on https://maven-central.storage-download.googleapis.com/maven2/org/wso2/carbon/apimgt/org.wso2.carbon.apimgt.output.adapter.http/9.32.87/org.wso2.carbon.apimgt.output.adapter.http-9.32.87.jar returned status 404
9.32.88			IOException: Tail request on https://maven-central.storage-download.googleapis.com/maven2/org/wso2/carbon/apimgt/org.wso2.carbon.apimgt.output.adapter.http/9.32.88/org.wso2.carbon.apimgt.output.adapter.http-9.32.88.jar returned status 404
9.32.89			IOException: Tail request on https://maven-central.storage-download.googleapis.com/maven2/org/wso2/carbon/apimgt/org.wso2.carbon.apimgt.output.adapter.http/9.32.89/org.wso2.carbon.apimgt.output.adapter.http-9.32.89.jar returned status 404
9.32.9			IOException: Tail request on https://maven-central.storage-download.googleapis.com/maven2/org/wso2/carbon/apimgt/org.wso2.carbon.apimgt.output.adapter.http/9.32.9/org.wso2.carbon.apimgt.output.adapter.http-9.32.9.jar returned status 404
9.32.90			IOException: Tail request on https://maven-central.storage-download.googleapis.com/maven2/org/wso2/carbon/apimgt/org.wso2.carbon.apimgt.output.adapter.http/9.32.90/org.wso2.carbon.apimgt.output.adapter.http-9.32.90.jar returned status 404
9.32.91			IOException: Tail request on https://maven-central.storage-download.googleapis.com/maven2/org/wso2/carbon/apimgt/org.wso2.carbon.apimgt.output.adapter.http/9.32.91/org.wso2.carbon.apimgt.output.adapter.http-9.32.91.jar returned status 404
9.32.92			IOException: Tail request on https://maven-central.storage-download.googleapis.com/maven2/org/wso2/carbon/apimgt/org.wso2.carbon.apimgt.output.adapter.http/9.32.92/org.wso2.carbon.apimgt.output.adapter.http-9.32.92.jar returned status 404
9.32.93			IOException: Tail request on https://maven-central.storage-download.googleapis.com/maven2/org/wso2/carbon/apimgt/org.wso2.carbon.apimgt.output.adapter.http/9.32.93/org.wso2.carbon.apimgt.output.adapter.http-9.32.93.jar returned status 404
9.32.94			IOException: Tail request on https://maven-central.storage-download.googleapis.com/maven2/org/wso2/carbon/apimgt/org.wso2.carbon.apimgt.output.adapter.http/9.32.94/org.wso2.carbon.apimgt.output.adapter.http-9.32.94.jar returned status 404
9.32.95			IOException: Tail request on https://maven-central.storage-download.googleapis.com/maven2/org/wso2/carbon/apimgt/org.wso2.carbon.apimgt.output.adapter.http/9.32.95/org.wso2.carbon.apimgt.output.adapter.http-9.32.95.jar returned status 404
9.32.96			IOException: Tail request on https://maven-central.storage-download.googleapis.com/maven2/org/wso2/carbon/apimgt/org.wso2.carbon.apimgt.output.adapter.http/9.32.96/org.wso2.carbon.apimgt.output.adapter.http-9.32.96.jar returned status 404
9.32.97			IOException: Tail request on https://maven-central.storage-download.googleapis.com/maven2/org/wso2/carbon/apimgt/org.wso2.carbon.apimgt.output.adapter.http/9.32.97/org.wso2.carbon.apimgt.output.adapter.http-9.32.97.jar returned status 404
9.32.98			IOException: Tail request on https://maven-central.storage-download.googleapis.com/maven2/org/wso2/carbon/apimgt/org.wso2.carbon.apimgt.output.adapter.http/9.32.98/org.wso2.carbon.apimgt.output.adapter.http-9.32.98.jar returned status 404
9.32.99			IOException: Tail request on https://maven-central.storage-download.googleapis.com/maven2/org/wso2/carbon/apimgt/org.wso2.carbon.apimgt.output.adapter.http/9.32.99/org.wso2.carbon.apimgt.output.adapter.http-9.32.99.jar returned status 404
9.33.0		2026-02-13T12:18:45Z	
9.33.1		2026-02-16T06:06:44Z	
9.33.10		2026-02-23T10:00:58Z	
9.33.100		2026-04-09T07:28:42Z	
9.33.101		2026-04-09T12:08:21Z	
9.33.102		2026-04-10T03:07:12Z	
9.33.103		2026-04-11T02:37:40Z	
9.33.104		2026-04-11T05:33:53Z	
9.33.105		2026-04-12T05:20:34Z	
9.33.106		2026-04-12T07:13:18Z	
9.33.107		2026-04-13T14:09:24Z	
9.33.108		2026-04-14T03:08:30Z	
9.33.109		2026-04-16T07:14:16Z	
9.33.11		2026-02-23T11:40:25Z	
9.33.110		2026-04-16T10:47:14Z	
9.33.111		2026-04-17T03:35:18Z	
9.33.112		2026-04-17T07:15:47Z	
9.33.113		2026-04-17T14:50:59Z	
9.33.114		2026-04-17T20:54:04Z	
9.33.115		2026-04-18T09:42:37Z	
9.33.116		2026-04-18T12:55:42Z	
9.33.117		2026-04-18T21:00:48Z	
9.33.118		2026-04-18T23:59:53Z	
9.33.119		2026-04-19T13:17:05Z	
9.33.12		2026-02-24T05:06:37Z	
9.33.120		2026-04-22T10:30:28Z	
9.33.121		2026-04-22T12:20:54Z	
9.33.122		2026-04-22T22:16:45Z	
9.33.123		2026-05-06T06:35:07Z	
9.33.124		2026-05-15T08:08:20Z	
9.33.125		2026-05-20T07:46:21Z	
9.33.126		2026-05-24T21:49:23Z	
9.33.127		2026-05-25T05:39:14Z	
9.33.128		2026-05-25T07:32:52Z	
9.33.129		2026-05-26T06:11:29Z	
9.33.13		2026-02-25T03:20:05Z	
9.33.130		2026-06-02T10:45:49Z	
9.33.131		2026-06-05T07:23:06Z	
9.33.132		2026-06-06T06:48:58Z	
9.33.133		2026-06-07T05:09:13Z	
9.33.134		2026-06-08T06:49:29Z	
9.33.135		2026-06-15T06:18:41Z	
9.33.136		2026-06-16T07:49:53Z	
9.33.137		2026-06-22T06:18:33Z	
9.33.138		2026-06-22T08:12:29Z	
9.33.139		2026-06-23T12:58:02Z	
9.33.14		2026-02-26T07:15:53Z	
9.33.140		2026-06-25T08:32:12Z	
9.33.141		2026-06-25T11:30:45Z	
9.33.142		2026-06-26T06:29:15Z	
9.33.143		2026-06-30T07:56:17Z	
9.33.144		2026-07-01T06:46:13Z	
9.33.145		2026-07-02T09:46:48Z	
9.33.146		2026-07-03T06:56:54Z	
9.33.147		2026-07-04T06:11:04Z	
9.33.148			
9.33.149			
9.33.15		2026-02-26T10:18:22Z	
9.33.150			
9.33.151			
9.33.152			
9.33.153			
9.33.154			
9.33.155			
9.33.156			
9.33.157			
9.33.158			
9.33.159			
9.33.16		2026-02-27T02:43:39Z	
9.33.160			
9.33.161			
9.33.162			
9.33.163			
9.33.164			
9.33.165		2026-08-04T11:01:57Z	
9.33.166		2026-08-05T06:55:08Z	
9.33.167		2026-08-10T07:31:13Z	
9.33.168		2026-08-12T07:43:06Z	
9.33.169		2026-08-17T18:08:58Z	
9.33.17		2026-02-27T10:19:02Z	
9.33.170		2026-08-19T11:14:46Z	
9.33.171		2026-08-19T13:49:42Z	
9.33.172		2026-08-20T07:59:32Z	
9.33.173		2026-08-24T08:33:01Z	
9.33.174		2026-08-24T10:32:29Z	
9.33.175			
9.33.176			
9.33.177			
9.33.178			
9.33.179			
9.33.18		2026-02-27T12:52:08Z	
9.33.180			
9.33.181			
9.33.182			
9.33.183			
9.33.184			
9.33.185			
9.33.186			
9.33.188			
9.33.189			
9.33.19		2026-02-27T16:32:53Z	
9.33.190			
9.33.191			
9.33.192			
9.33.2		2026-02-17T07:07:41Z	
9.33.20		2026-03-03T07:35:41Z	
9.33.21		2026-03-03T18:47:34Z	
9.33.23		2026-03-05T03:39:37Z	
9.33.24		2026-03-05T13:53:56Z	
9.33.25		2026-03-06T02:52:07Z	
9.33.26		2026-03-06T04:32:46Z	
9.33.27		2026-03-06T08:13:31Z	
9.33.28		2026-03-06T11:04:54Z	
9.33.29		2026-03-06T13:37:21Z	
9.33.3		2026-02-17T12:53:44Z	
9.33.30		2026-03-06T20:04:56Z	
9.33.31		2026-03-07T03:13:44Z	
9.33.32		2026-03-07T04:53:03Z	
9.33.33		2026-03-07T18:17:47Z	
9.33.34		2026-03-08T02:37:35Z	
9.33.35		2026-03-09T18:51:58Z	
9.33.36		2026-03-10T04:12:31Z	
9.33.37		2026-03-10T06:49:22Z	
9.33.38		2026-03-10T08:44:43Z	
9.33.39		2026-03-10T11:11:24Z	
9.33.4		2026-02-18T11:28:06Z	
9.33.40		2026-03-10T20:07:42Z	
9.33.41		2026-03-11T18:02:53Z	
9.33.42		2026-03-12T03:57:56Z	
9.33.43		2026-03-12T08:00:15Z	
9.33.44		2026-03-12T11:11:27Z	
9.33.45		2026-03-12T18:57:24Z	
9.33.46		2026-03-12T20:37:42Z	
9.33.47		2026-03-13T04:27:58Z	
9.33.48		2026-03-13T07:05:18Z	
9.33.49		2026-03-13T10:05:37Z	
9.33.5		2026-02-18T14:07:51Z	
9.33.50		2026-03-13T13:51:09Z	
9.33.51		2026-03-13T15:34:20Z	
9.33.52		2026-03-14T08:56:16Z	
9.33.53		2026-03-14T10:35:55Z	
9.33.54		2026-03-14T15:25:20Z	
9.33.55		2026-03-16T04:57:58Z	
9.33.56		2026-03-16T18:42:13Z	
9.33.57		2026-03-17T07:13:03Z	
9.33.58		2026-03-17T18:24:08Z	
9.33.59		2026-03-18T03:13:02Z	
9.33.6		2026-02-18T18:49:14Z	
9.33.60		2026-03-18T04:52:06Z	
9.33.61		2026-03-18T07:28:43Z	
9.33.62		2026-03-18T13:04:37Z	
9.33.63		2026-03-18T16:04:33Z	
9.33.64		2026-03-19T18:49:17Z	
9.33.65		2026-03-20T09:02:12Z	
9.33.66		2026-03-22T03:21:31Z	
9.33.67		2026-03-23T16:24:23Z	
9.33.68		2026-03-24T09:16:49Z	
9.33.69		2026-03-24T17:00:23Z	
9.33.7		2026-02-19T11:35:53Z	
9.33.70		2026-03-25T03:20:50Z	
9.33.71		2026-03-26T03:38:04Z	
9.33.72		2026-03-26T08:05:53Z	
9.33.73		2026-03-26T11:14:08Z	
9.33.74		2026-03-27T06:03:51Z	
9.33.75		2026-03-27T10:06:49Z	
9.33.76		2026-03-27T14:51:39Z	
9.33.77		2026-03-30T02:32:45Z	
9.33.78		2026-03-30T14:43:02Z	
9.33.8		2026-02-19T15:40:48Z	
9.33.80		2026-03-31T11:48:49Z	
9.33.81		2026-03-31T16:50:32Z	
9.33.82		2026-04-01T03:42:14Z	
9.33.83		2026-04-01T06:01:08Z	
9.33.84		2026-04-01T18:39:43Z	
9.33.85		2026-04-02T07:29:50Z	
9.33.86		2026-04-02T09:17:41Z	
9.33.87		2026-04-02T12:37:56Z	
9.33.88		2026-04-02T17:06:09Z	
9.33.89		2026-04-03T06:51:49Z	
9.33.9		2026-02-23T02:32:57Z	
9.33.90		2026-04-04T09:04:42Z	
9.33.91		2026-04-06T05:50:09Z	
9.33.92		2026-04-06T10:40:04Z	
9.33.93		2026-04-06T13:35:06Z	
9.33.94		2026-04-07T05:02:29Z	
9.33.95		2026-04-07T07:49:29Z	
9.33.96		2026-04-08T05:42:58Z	
9.33.97		2026-04-08T08:27:36Z	
9.33.99		2026-04-09T02:37:30Z	
9.4.0		2021-11-24T10:22:05Z	
9.4.1		2021-11-25T07:36:47Z	
9.4.2		2021-11-25T20:34:20Z	
9.5.0		2021-11-26T10:07:54Z	
9.5.1		2021-11-27T20:10:24Z	
9.5.2		2021-11-28T08:08:11Z	
9.5.3		2021-11-28T16:51:56Z	
9.5.4		2021-11-29T06:49:22Z	
9.5.5		2021-11-29T08:55:22Z	
9.5.6		2021-11-30T12:26:52Z	
9.5.7		2021-11-30T14:44:48Z	
9.5.8		2021-12-01T04:48:20Z	
9.6.0		2021-12-03T05:41:01Z	
9.6.1		2021-12-06T05:25:32Z	
9.6.2		2021-12-06T08:28:25Z	
9.6.3		2021-12-07T14:08:20Z	
9.7.0		2021-12-08T05:49:05Z	
9.7.1		2021-12-08T08:42:48Z	
9.7.2		2021-12-13T09:23:42Z	
9.7.3		2021-12-15T05:32:45Z	
9.7.4		2021-12-16T06:16:26Z	
9.7.5		2021-12-16T08:04:52Z	
9.7.6		2021-12-16T10:44:14Z	
9.7.7		2021-12-16T11:41:56Z	
9.8.0		2021-12-17T08:15:46Z	
9.9.0		2021-12-18T17:49:19Z	
9.9.1		2021-12-20T01:32:29Z	
