1.0.0		2024-02-05T07:15:26Z	
2.0.0		2024-02-19T06:30:01Z	
2.0.1		2024-02-21T17:08:36Z	
2.0.2		2024-03-06T17:07:25Z	
2.0.3		2024-03-13T03:51:47Z	
2.0.4		2024-03-15T17:07:59Z	
3.0.0		2024-04-16T02:58:54Z	
4.0.0		2024-05-15T07:06:59Z	
4.0.1		2024-08-14T17:10:28Z	
