1.0.0		2022-02-21T16:41:42Z	
1.0.1		2022-07-14T08:11:37Z	
2.0.0		2024-07-05T02:58:55Z	
2.0.1		2024-07-10T04:07:27Z	
2.0.2		2024-07-11T06:52:37Z	
3.0.0		2024-07-23T05:03:48Z	
3.0.1		2024-10-16T17:07:42Z	
3.0.2		2025-03-17T17:08:58Z	
3.0.3		2025-05-12T17:10:36Z	
4.0.0		2025-05-14T07:07:05Z	
4.0.1		2025-10-24T17:09:25Z	
4.0.2		2026-02-25T17:10:18Z	
4.0.3		2026-03-19T17:11:38Z	
