0.12.0		2023-04-25T17:54:22Z	
0.12.1		2023-04-26T12:36:06Z	
0.12.2		2023-05-06T07:08:34Z	
0.12.3		2023-05-10T20:05:16Z	
