0.16.0		2022-05-26T20:02:56Z	
0.16.1-beta		2022-06-02T21:43:59Z	
0.16.2-beta		2022-06-10T17:02:58Z	
0.16.3-beta		2022-06-16T20:42:15Z	
0.16.4-beta		2022-06-23T21:49:24Z	
0.16.5-beta		2022-07-01T20:56:51Z	
0.16.6-beta		2022-07-08T20:43:30Z	
0.16.7-beta		2022-07-09T01:48:08Z	
0.17.0-beta		2022-07-14T22:35:18Z	
0.17.1-beta		2022-07-21T23:12:12Z	
0.17.10-beta		2022-11-03T20:39:35Z	
0.17.11-beta		2022-11-10T20:48:31Z	
0.17.12-beta		2022-11-15T22:53:31Z	
0.17.2-beta		2022-07-28T18:01:04Z	
0.17.3-beta		2022-08-04T20:06:54Z	
0.17.4-beta		2022-08-11T22:27:00Z	
0.17.5-beta		2022-08-19T00:27:15Z	
0.17.6-beta		2022-09-19T19:37:57Z	
0.17.7-beta		2022-10-03T19:08:05Z	
0.17.8-beta		2022-10-14T21:36:28Z	
0.17.9-beta		2022-10-27T19:54:33Z	
0.18.0-beta		2022-11-23T21:30:03Z	
0.19.0-beta		2022-12-01T21:32:28Z	
0.19.1-beta		2022-12-15T22:42:34Z	
0.19.2-beta		2022-12-23T00:14:32Z	
0.19.3-beta		2023-01-12T21:32:08Z	
0.19.4-beta		2023-01-14T00:46:42Z	
0.19.5-beta		2023-01-19T22:16:55Z	
0.20.0-beta		2023-01-31T20:05:56Z	
0.20.1-beta		2023-02-07T00:05:29Z	
0.20.2-beta		2023-02-10T01:56:00Z	
0.20.3-beta		2023-02-17T00:25:53Z	
0.21.0-beta		2023-02-24T18:57:53Z	
0.21.1-beta		2023-03-03T00:28:13Z	
0.21.2-beta		2023-03-10T00:17:56Z	
0.21.3-beta		2023-03-16T23:43:52Z	
0.21.4-beta		2023-03-30T18:42:28Z	
0.21.5-beta		2023-04-06T20:52:00Z	
0.22.0-beta		2023-04-14T17:52:14Z	
0.22.1-beta		2023-04-21T18:21:51Z	
0.23.0-beta		2023-05-04T19:07:03Z	
0.24.0-beta		2023-05-13T00:12:19Z	
0.25.0-beta		2023-05-19T23:55:07Z	
0.26.0-beta		2023-05-25T21:10:19Z	
0.26.1-beta		2023-06-01T20:38:46Z	
0.27.0-beta		2023-06-09T15:48:48Z	
0.27.1-beta		2023-06-19T19:13:58Z	
0.27.2-beta		2023-06-22T20:27:45Z	
0.28.0-beta		2023-06-29T19:16:25Z	
0.28.1-beta		2023-07-06T22:26:00Z	
0.28.2-beta		2023-07-13T21:06:22Z	
0.29.0-beta		2023-07-20T22:45:32Z	
0.29.1-beta		2023-07-27T21:47:59Z	
0.30.0-beta		2023-08-11T18:54:52Z	
0.30.1-beta		2023-08-17T21:08:31Z	
0.31.0-beta		2023-08-25T01:25:20Z	
0.32.0-beta		2023-08-31T23:11:28Z	
0.32.1-beta		2023-09-09T03:23:17Z	
0.32.2-beta		2023-09-15T21:27:48Z	
0.32.3-beta		2023-09-28T22:58:18Z	
0.32.4-beta		2023-10-06T22:38:38Z	
0.32.5-beta		2023-10-12T22:13:58Z	
0.33.0-beta		2023-10-27T02:27:28Z	
0.33.1-beta		2023-11-01T18:11:44Z	
0.34.0-beta		2023-11-06T21:59:15Z	
0.34.1-beta		2023-11-07T20:21:30Z	
0.34.2-beta		2023-11-08T19:56:19Z	
0.34.3-beta		2023-11-09T02:05:51Z	
0.34.4-beta		2023-11-09T19:56:47Z	
0.34.5-beta		2023-11-10T20:12:22Z	
0.34.6-beta		2023-11-13T19:54:14Z	
0.34.7-beta		2023-11-14T19:55:15Z	
0.34.8-beta		2023-11-15T20:04:19Z	
0.34.9-beta		2023-11-16T19:59:57Z	
0.35.0-beta		2023-11-17T20:51:53Z	
0.35.1-beta		2023-11-20T20:59:03Z	
0.36.0-beta		2023-11-21T19:54:22Z	
0.36.1-beta		2023-11-22T20:21:25Z	
1.0.0		2023-11-26T21:04:05Z	
1.0.1		2023-11-27T04:34:35Z	
1.0.10		2023-12-05T19:55:13Z	
1.0.11		2023-12-06T19:56:10Z	
1.0.12		2023-12-07T20:16:38Z	
1.0.13		2023-12-08T19:57:24Z	
1.0.14		2023-12-11T20:05:47Z	
1.0.15		2023-12-12T19:57:40Z	
1.0.16		2023-12-13T20:29:59Z	
1.0.17		2023-12-14T20:02:56Z	
1.0.18		2023-12-15T20:12:53Z	
1.0.19		2023-12-18T19:58:49Z	
1.0.2		2023-11-27T20:48:00Z	
1.0.20		2023-12-19T19:48:00Z	
1.0.21		2023-12-20T20:01:50Z	
1.0.22		2023-12-21T19:48:23Z	
1.0.23		2023-12-22T19:47:53Z	
1.0.24		2023-12-26T19:46:44Z	
1.0.25		2023-12-27T19:48:23Z	
1.0.26		2023-12-28T20:13:28Z	
1.0.27		2023-12-29T19:48:23Z	
1.0.28		2024-01-03T19:51:42Z	
1.0.29		2024-01-04T20:20:33Z	
1.0.3		2023-11-28T06:19:24Z	
1.0.30		2024-01-05T19:50:12Z	
1.0.31		2024-01-08T19:43:03Z	
1.0.32		2024-01-10T19:45:09Z	
1.0.33		2024-01-11T19:42:52Z	
1.0.34		2024-01-12T20:11:50Z	
1.0.35		2024-01-14T05:57:50Z	
1.0.36		2024-01-16T19:48:02Z	
1.0.37		2024-01-17T19:43:31Z	
1.0.38		2024-01-18T19:45:05Z	
1.0.39		2024-01-19T19:52:56Z	
1.0.4		2023-11-28T19:43:54Z	
1.0.40		2024-01-22T19:48:09Z	
1.0.41		2024-01-23T21:11:26Z	
1.0.42		2024-01-24T19:47:20Z	
1.0.43		2024-01-25T19:52:58Z	
1.0.44		2024-01-26T19:45:43Z	
1.0.45		2024-01-29T19:48:30Z	
1.0.46		2024-01-30T19:42:56Z	
1.0.47		2024-01-31T19:43:16Z	
1.0.48		2024-02-01T19:46:50Z	
1.0.49		2024-02-02T19:43:00Z	
1.0.5		2023-11-29T19:34:38Z	
1.0.50		2024-02-05T19:42:54Z	
1.0.51		2024-02-06T19:47:55Z	
1.0.52		2024-02-07T19:43:54Z	
1.0.53		2024-02-08T19:42:40Z	
1.0.54		2024-02-09T19:46:45Z	
1.0.55		2024-02-12T19:46:32Z	
1.0.56		2024-02-13T19:46:25Z	
1.0.57		2024-02-14T19:47:12Z	
1.0.58		2024-02-15T19:47:24Z	
1.0.59		2024-02-16T19:47:52Z	
1.0.6		2023-11-30T01:58:19Z	
1.0.60		2024-02-19T19:49:15Z	
1.0.61		2024-02-20T19:45:19Z	
1.0.62		2024-02-21T21:51:43Z	
1.0.63		2024-02-22T19:59:27Z	
1.0.64		2024-02-23T19:50:18Z	
1.0.65		2024-02-26T19:48:12Z	
1.0.66		2024-02-27T19:45:52Z	
1.0.67		2024-02-28T19:45:50Z	
1.0.68		2024-02-29T19:45:13Z	
1.0.69		2024-03-01T19:44:21Z	
1.0.7		2023-11-30T19:43:27Z	
1.0.70		2024-03-04T20:22:54Z	
1.0.71		2024-03-05T19:46:31Z	
1.0.72		2024-03-06T20:17:42Z	
1.0.73		2024-03-07T19:53:41Z	
1.0.74		2024-03-08T19:44:58Z	
1.0.75		2024-03-11T19:12:57Z	
1.0.76		2024-03-12T18:44:09Z	
1.0.77		2024-03-13T19:06:57Z	
1.0.78		2024-03-14T18:45:57Z	
1.0.79		2024-03-15T18:53:26Z	
1.0.8		2023-12-01T19:54:39Z	
1.0.80		2024-03-18T18:46:27Z	
1.0.9		2023-12-04T19:57:02Z	
1.1.0		2024-03-19T20:13:52Z	
1.1.1		2024-03-20T18:55:48Z	
1.1.10		2024-04-02T18:49:30Z	
1.1.11		2024-04-03T18:47:24Z	
1.1.12		2024-04-04T18:49:42Z	
1.1.13		2024-04-05T18:44:13Z	
1.1.15		2024-04-09T21:56:06Z	
1.1.16		2024-04-10T18:43:42Z	
1.1.17		2024-04-11T18:44:29Z	
1.1.18		2024-04-12T18:46:22Z	
1.1.19		2024-04-16T18:52:16Z	
1.1.2		2024-03-21T18:44:39Z	
1.1.20		2024-04-17T19:06:09Z	
1.1.21		2024-04-18T18:53:02Z	
1.1.22		2024-04-19T18:53:43Z	
1.1.23		2024-04-22T18:46:01Z	
1.1.24		2024-04-23T18:49:01Z	
1.1.25		2024-04-24T18:46:31Z	
1.1.26		2024-04-25T18:46:10Z	
1.1.27		2024-04-26T19:54:01Z	
1.1.3		2024-03-22T18:43:51Z	
1.1.4		2024-03-25T18:52:14Z	
1.1.5		2024-03-26T18:53:02Z	
1.1.6		2024-03-27T19:03:31Z	
1.1.7		2024-03-28T18:52:28Z	
1.1.8		2024-03-29T18:44:42Z	
1.1.9		2024-04-01T19:28:11Z	
1.2.0		2024-04-27T21:08:34Z	
1.2.1		2024-04-29T18:46:30Z	
1.2.10		2024-05-10T19:02:33Z	
1.2.11		2024-05-13T18:43:53Z	
1.2.12		2024-05-14T18:44:38Z	
1.2.13		2024-05-15T18:43:02Z	
1.2.14		2024-05-16T18:45:51Z	
1.2.15		2024-05-17T18:45:55Z	
1.2.16		2024-05-20T18:55:15Z	
1.2.17		2024-05-21T18:45:11Z	
1.2.18		2024-05-22T18:45:27Z	
1.2.19		2024-05-23T18:46:14Z	
1.2.2		2024-04-30T18:48:15Z	
1.2.20		2024-05-24T19:08:42Z	
1.2.21		2024-05-28T18:44:45Z	
1.2.22		2024-05-29T18:47:38Z	
1.2.23		2024-05-30T18:47:42Z	
1.2.24		2024-05-31T18:57:04Z	
1.2.25		2024-06-03T18:48:42Z	
1.2.26		2024-06-04T18:45:05Z	
1.2.27		2024-06-05T18:47:09Z	
1.2.28		2024-06-06T18:46:15Z	
1.2.29		2024-06-07T18:44:16Z	
1.2.3		2024-05-01T18:45:05Z	
1.2.30		2024-06-10T18:43:36Z	
1.2.31		2024-06-11T19:00:38Z	
1.2.32		2024-06-12T18:50:03Z	
1.2.33		2024-06-13T18:45:45Z	
1.2.34		2024-06-14T18:52:00Z	
1.2.35		2024-06-17T18:54:51Z	
1.2.36		2024-06-18T22:05:03Z	
1.2.37		2024-06-19T18:51:20Z	
1.2.38		2024-06-20T18:48:41Z	
1.2.39		2024-06-24T21:43:29Z	
1.2.4		2024-05-02T19:04:21Z	
1.2.40		2024-06-25T18:53:30Z	
1.2.41		2024-06-26T18:47:32Z	
1.2.42		2024-06-27T18:43:31Z	
1.2.43		2024-06-28T19:46:31Z	
1.2.44		2024-07-01T20:13:36Z	
1.2.45		2024-07-02T18:49:20Z	
1.2.46		2024-07-03T18:53:20Z	
1.2.47		2024-07-05T18:47:43Z	
1.2.48		2024-07-08T18:57:58Z	
1.2.49		2024-07-09T18:49:18Z	
1.2.5		2024-05-03T18:47:25Z	
1.2.50		2024-07-10T19:23:04Z	
1.2.51		2024-07-12T18:47:05Z	
1.2.52		2024-07-18T20:06:01Z	
1.2.53		2024-07-22T18:48:24Z	
1.2.54		2024-07-23T18:50:19Z	
1.2.55		2024-07-24T18:59:10Z	
1.2.56		2024-07-25T20:10:52Z	
1.2.6		2024-05-06T18:50:24Z	
1.2.7		2024-05-07T18:50:23Z	
1.2.8		2024-05-08T18:45:53Z	
1.2.9		2024-05-09T19:11:14Z	
1.3.0		2024-07-29T18:39:11Z	
1.3.1		2024-07-30T18:44:15Z	
1.3.10		2024-08-13T18:40:23Z	
1.3.100		2024-12-23T19:55:16Z	
1.3.101		2024-12-26T19:54:52Z	
1.3.102		2024-12-27T19:48:52Z	
1.3.103		2024-12-28T04:57:58Z	
1.3.104		2025-01-02T19:49:23Z	
1.3.105		2025-01-03T19:48:03Z	
1.3.106		2025-01-06T19:48:04Z	
1.3.107		2025-01-07T19:47:11Z	
1.3.108		2025-01-08T19:48:57Z	
1.3.109		2025-01-09T19:46:19Z	
1.3.11		2024-08-14T18:39:15Z	
1.3.110		2025-01-10T19:47:14Z	
1.3.111		2025-01-13T19:46:06Z	
1.3.112		2025-01-14T19:45:54Z	
1.3.12		2024-08-15T18:42:13Z	
1.3.13		2024-08-16T18:39:34Z	
1.3.14		2024-08-19T18:40:58Z	
1.3.15		2024-08-20T18:54:05Z	
1.3.16		2024-08-21T18:49:44Z	
1.3.17		2024-08-22T19:02:58Z	
1.3.18		2024-08-23T19:02:25Z	
1.3.19		2024-08-26T18:41:24Z	
1.3.2		2024-08-01T18:46:41Z	
1.3.20		2024-08-27T18:39:30Z	
1.3.21		2024-08-28T18:45:10Z	
1.3.22		2024-08-29T19:44:00Z	
1.3.23		2024-08-30T18:49:06Z	
1.3.24		2024-09-03T18:39:42Z	
1.3.25		2024-09-04T18:41:47Z	
1.3.26		2024-09-05T18:37:27Z	
1.3.27		2024-09-06T18:39:36Z	
1.3.28		2024-09-09T18:42:16Z	
1.3.29		2024-09-10T18:51:09Z	
1.3.3		2024-08-02T18:43:07Z	
1.3.30		2024-09-11T18:48:29Z	
1.3.31		2024-09-12T18:40:39Z	
1.3.32		2024-09-13T18:40:29Z	
1.3.33		2024-09-16T18:46:43Z	
1.3.34		2024-09-17T18:41:48Z	
1.3.35		2024-09-18T18:42:23Z	
1.3.36		2024-09-19T19:27:43Z	
1.3.37		2024-09-20T18:42:05Z	
1.3.38		2024-09-23T18:44:53Z	
1.3.39		2024-09-24T18:43:27Z	
1.3.4		2024-08-05T18:42:58Z	
1.3.40		2024-09-25T19:37:22Z	
1.3.41		2024-09-26T18:45:21Z	
1.3.42		2024-09-27T19:07:32Z	
1.3.43		2024-09-30T19:43:11Z	
1.3.44		2024-10-01T18:56:35Z	
1.3.45		2024-10-02T18:47:21Z	
1.3.46		2024-10-03T18:39:54Z	
1.3.47		2024-10-04T22:16:19Z	
1.3.48		2024-10-07T18:46:29Z	
1.3.49		2024-10-08T18:39:19Z	
1.3.5		2024-08-06T18:40:12Z	
1.3.50		2024-10-09T18:44:57Z	
1.3.51		2024-10-10T18:43:55Z	
1.3.52		2024-10-11T18:55:55Z	
1.3.53		2024-10-14T18:40:45Z	
1.3.54		2024-10-15T18:38:51Z	
1.3.55		2024-10-16T18:39:06Z	
1.3.56		2024-10-17T18:45:40Z	
1.3.57		2024-10-18T18:41:25Z	
1.3.58		2024-10-21T18:42:11Z	
1.3.59		2024-10-22T19:06:59Z	
1.3.6		2024-08-07T18:40:09Z	
1.3.60		2024-10-23T18:40:34Z	
1.3.61		2024-10-24T18:43:06Z	
1.3.62		2024-10-25T20:56:03Z	
1.3.63		2024-10-28T18:41:35Z	
1.3.64		2024-10-29T22:01:42Z	
1.3.65		2024-10-30T18:47:42Z	
1.3.66		2024-10-31T18:55:48Z	
1.3.67		2024-11-01T18:46:15Z	
1.3.68		2024-11-06T19:42:41Z	
1.3.69		2024-11-07T20:04:38Z	
1.3.7		2024-08-08T21:22:14Z	
1.3.70		2024-11-08T19:53:00Z	
1.3.71		2024-11-11T19:45:17Z	
1.3.72		2024-11-12T20:07:02Z	
1.3.73		2024-11-14T00:00:13Z	
1.3.74		2024-11-14T19:44:01Z	
1.3.75		2024-11-15T02:30:34Z	
1.3.76		2024-11-15T19:45:57Z	
1.3.77		2024-11-18T19:49:14Z	
1.3.78		2024-11-19T21:06:00Z	
1.3.79		2024-11-20T20:04:46Z	
1.3.8		2024-08-09T19:07:37Z	
1.3.80		2024-11-21T19:52:27Z	
1.3.81		2024-11-22T19:48:11Z	
1.3.82		2024-11-25T20:00:54Z	
1.3.83		2024-11-26T19:48:36Z	
1.3.84		2024-11-27T19:54:18Z	
1.3.85		2024-12-02T04:30:23Z	
1.3.86		2024-12-03T06:12:45Z	
1.3.87		2024-12-03T22:50:43Z	
1.3.88		2024-12-04T19:48:03Z	
1.3.89		2024-12-05T01:56:14Z	
1.3.9		2024-08-12T18:40:36Z	
1.3.90		2024-12-09T20:09:10Z	
1.3.91		2024-12-10T20:19:23Z	
1.3.92		2024-12-11T22:15:25Z	
1.3.93		2024-12-12T20:06:07Z	
1.3.94		2024-12-13T20:00:38Z	
1.3.95		2024-12-16T19:49:51Z	
1.3.96		2024-12-18T15:42:07Z	
1.3.97		2024-12-18T19:46:15Z	
1.3.98		2024-12-19T19:44:30Z	
1.3.99		2024-12-20T19:46:59Z	
1.4.0		2025-01-15T22:12:38Z	
1.4.1		2025-01-16T19:55:57Z	
1.4.10		2025-01-30T20:02:00Z	
1.4.100		2025-06-06T18:47:43Z	
1.4.101		2025-06-09T18:38:52Z	
1.4.102		2025-06-10T18:39:06Z	
1.4.103		2025-06-11T20:32:39Z	
1.4.104		2025-06-12T18:39:24Z	
1.4.105		2025-06-16T18:40:26Z	
1.4.106		2025-06-17T18:43:34Z	
1.4.107		2025-06-18T19:29:01Z	
1.4.108		2025-06-19T19:24:31Z	
1.4.109		2025-06-20T18:49:02Z	
1.4.11		2025-01-31T19:48:28Z	
1.4.110		2025-06-21T20:03:28Z	
1.4.111		2025-06-23T18:51:33Z	
1.4.112		2025-06-24T18:51:39Z	
1.4.113		2025-06-25T18:53:08Z	
1.4.114		2025-06-26T18:54:13Z	
1.4.115		2025-06-27T19:41:27Z	
1.4.116		2025-06-30T18:47:32Z	
1.4.117		2025-07-01T18:43:36Z	
1.4.118		2025-07-02T18:44:39Z	
1.4.119		2025-07-03T18:47:51Z	
1.4.12		2025-02-03T19:48:13Z	
1.4.120		2025-07-09T18:50:58Z	
1.4.121		2025-07-15T18:49:49Z	
1.4.122		2025-07-16T01:11:39Z	
1.4.123		2025-07-16T15:54:21Z	
1.4.124		2025-07-17T18:47:23Z	
1.4.125		2025-07-18T18:51:54Z	
1.4.13		2025-02-04T19:47:39Z	
1.4.14		2025-02-05T19:49:23Z	
1.4.15		2025-02-06T19:47:49Z	
1.4.16		2025-02-07T19:50:54Z	
1.4.17		2025-02-10T20:07:38Z	
1.4.18		2025-02-11T20:28:56Z	
1.4.19		2025-02-12T19:50:58Z	
1.4.2		2025-01-17T19:52:54Z	
1.4.20		2025-02-13T19:48:53Z	
1.4.21		2025-02-14T19:57:28Z	
1.4.22		2025-02-15T00:38:07Z	
1.4.23		2025-02-17T19:52:10Z	
1.4.24		2025-02-18T19:59:08Z	
1.4.25		2025-02-19T19:55:09Z	
1.4.26		2025-02-20T19:53:56Z	
1.4.27		2025-02-21T19:58:17Z	
1.4.28		2025-02-24T21:12:24Z	
1.4.29		2025-02-25T19:58:29Z	
1.4.3		2025-01-21T19:54:03Z	
1.4.30		2025-02-26T20:12:44Z	
1.4.31		2025-02-27T19:56:08Z	
1.4.32		2025-02-28T19:58:19Z	
1.4.33		2025-03-03T20:00:41Z	
1.4.34		2025-03-04T19:58:11Z	
1.4.35		2025-03-05T20:10:40Z	
1.4.36		2025-03-06T20:12:24Z	
1.4.37		2025-03-07T19:52:38Z	
1.4.38		2025-03-10T18:53:13Z	
1.4.39		2025-03-11T19:09:21Z	
1.4.4		2025-01-22T19:59:15Z	
1.4.40		2025-03-13T18:45:08Z	
1.4.41		2025-03-14T18:41:41Z	
1.4.42		2025-03-17T18:58:32Z	
1.4.43		2025-03-18T18:56:13Z	
1.4.44		2025-03-19T19:31:34Z	
1.4.45		2025-03-20T19:07:47Z	
1.4.46		2025-03-21T18:51:45Z	
1.4.47		2025-03-24T18:46:51Z	
1.4.48		2025-03-25T18:42:31Z	
1.4.49		2025-03-26T19:44:23Z	
1.4.5		2025-01-23T19:50:26Z	
1.4.50		2025-03-27T18:53:53Z	
1.4.51		2025-03-28T18:49:23Z	
1.4.52		2025-03-31T18:58:09Z	
1.4.53		2025-04-01T18:55:20Z	
1.4.54		2025-04-02T18:56:25Z	
1.4.55		2025-04-03T18:51:29Z	
1.4.56		2025-04-04T19:01:12Z	
1.4.57		2025-04-07T19:12:27Z	
1.4.58		2025-04-08T02:52:37Z	
1.4.59		2025-04-08T19:15:19Z	
1.4.6		2025-01-24T19:52:36Z	
1.4.60		2025-04-09T19:01:46Z	
1.4.61		2025-04-10T18:50:46Z	
1.4.62		2025-04-11T18:50:15Z	
1.4.63		2025-04-14T18:47:20Z	
1.4.64		2025-04-16T18:50:30Z	
1.4.65		2025-04-17T18:38:57Z	
1.4.66		2025-04-18T18:39:45Z	
1.4.67		2025-04-21T18:40:56Z	
1.4.68		2025-04-22T19:00:12Z	
1.4.69		2025-04-23T18:39:55Z	
1.4.7		2025-01-27T20:09:04Z	
1.4.70		2025-04-24T20:01:04Z	
1.4.71		2025-04-25T18:41:21Z	
1.4.72		2025-04-28T18:35:21Z	
1.4.73		2025-04-29T18:38:41Z	
1.4.74		2025-04-30T18:55:56Z	
1.4.75		2025-05-01T18:38:00Z	
1.4.76		2025-05-02T18:38:57Z	
1.4.77		2025-05-05T18:39:29Z	
1.4.78		2025-05-06T18:42:37Z	
1.4.79		2025-05-07T18:46:12Z	
1.4.8		2025-01-28T19:48:59Z	
1.4.80		2025-05-08T18:42:46Z	
1.4.81		2025-05-09T18:41:59Z	
1.4.82		2025-05-12T18:45:21Z	
1.4.83		2025-05-13T18:44:14Z	
1.4.84		2025-05-14T18:44:56Z	
1.4.85		2025-05-15T18:47:49Z	
1.4.86		2025-05-16T18:59:15Z	
1.4.87		2025-05-19T18:37:59Z	
1.4.88		2025-05-20T18:40:34Z	
1.4.89		2025-05-21T18:38:54Z	
1.4.9		2025-01-29T20:24:08Z	
1.4.90		2025-05-22T18:36:52Z	
1.4.91		2025-05-23T18:38:34Z	
1.4.92		2025-05-27T18:44:49Z	
1.4.93		2025-05-28T18:42:11Z	
1.4.94		2025-05-29T18:47:39Z	
1.4.95		2025-05-30T18:47:08Z	
1.4.96		2025-06-02T18:39:07Z	
1.4.97		2025-06-03T18:39:50Z	
1.4.98		2025-06-04T21:03:30Z	
1.4.99		2025-06-05T18:43:16Z	
1.5.0		2025-07-21T18:44:56Z	
1.5.1		2025-07-22T18:51:47Z	
1.5.10		2025-08-04T18:59:13Z	
1.5.100		2025-12-10T19:46:06Z	
1.5.101		2025-12-11T19:43:14Z	
1.5.102		2025-12-12T19:44:58Z	
1.5.103		2025-12-15T19:37:09Z	
1.5.104		2025-12-16T20:31:26Z	
1.5.105		2025-12-17T19:38:07Z	
1.5.106		2025-12-18T19:38:23Z	
1.5.107		2025-12-19T19:41:06Z	
1.5.108		2025-12-22T19:41:28Z	
1.5.109		2025-12-23T19:52:36Z	
1.5.11		2025-08-05T18:56:46Z	
1.5.110		2025-12-26T19:41:27Z	
1.5.111		2025-12-29T19:38:07Z	
1.5.112		2025-12-30T19:39:53Z	
1.5.113		2026-01-02T19:41:51Z	
1.5.114		2026-01-05T19:38:14Z	
1.5.115		2026-01-06T19:39:21Z	
1.5.116		2026-01-07T19:38:27Z	
1.5.117		2026-01-09T19:39:50Z	
1.5.118		2026-01-12T19:45:25Z	
1.5.119		2026-01-13T19:45:33Z	
1.5.12		2025-08-06T18:56:01Z	
1.5.120		2026-01-14T19:43:50Z	
1.5.121		2026-01-15T19:43:10Z	
1.5.122		2026-01-16T19:50:53Z	
1.5.123		2026-01-20T20:15:17Z	
1.5.13		2025-08-07T18:56:39Z	
1.5.14		2025-08-08T18:50:40Z	
1.5.15		2025-08-11T18:46:42Z	
1.5.16		2025-08-12T18:46:05Z	
1.5.17		2025-08-13T18:47:56Z	
1.5.18		2025-08-14T18:51:22Z	
1.5.19		2025-08-15T18:47:15Z	
1.5.2		2025-07-23T18:45:24Z	
1.5.20		2025-08-18T18:56:37Z	
1.5.21		2025-08-19T18:48:20Z	
1.5.22		2025-08-20T18:52:32Z	
1.5.23		2025-08-21T18:51:32Z	
1.5.24		2025-08-22T18:55:24Z	
1.5.25		2025-08-25T19:01:52Z	
1.5.26		2025-08-26T18:46:19Z	
1.5.27		2025-08-27T21:29:24Z	
1.5.28		2025-08-28T18:57:45Z	
1.5.29		2025-08-29T18:47:45Z	
1.5.3		2025-07-24T18:44:07Z	
1.5.30		2025-09-02T18:45:16Z	
1.5.31		2025-09-03T18:47:17Z	
1.5.32		2025-09-04T18:46:15Z	
1.5.33		2025-09-05T22:11:21Z	
1.5.34		2025-09-08T19:18:22Z	
1.5.35		2025-09-09T21:35:16Z	
1.5.36		2025-09-10T20:24:34Z	
1.5.37		2025-09-11T18:44:59Z	
1.5.38		2025-09-12T18:47:34Z	
1.5.39		2025-09-15T19:00:29Z	
1.5.4		2025-07-25T23:28:04Z	
1.5.40		2025-09-16T18:55:19Z	
1.5.41		2025-09-18T01:37:28Z	
1.5.42		2025-09-18T18:55:15Z	
1.5.43		2025-09-19T19:04:02Z	
1.5.44		2025-09-22T18:50:35Z	
1.5.45		2025-09-23T18:47:05Z	
1.5.46		2025-09-24T18:47:12Z	
1.5.47		2025-09-25T18:47:48Z	
1.5.48		2025-09-26T18:49:51Z	
1.5.49		2025-09-26T21:23:07Z	
1.5.5		2025-07-28T22:28:16Z	
1.5.50		2025-09-29T18:43:54Z	
1.5.51		2025-09-30T18:52:09Z	
1.5.52		2025-10-01T18:59:23Z	
1.5.53		2025-10-02T19:42:26Z	
1.5.54		2025-10-03T18:51:41Z	
1.5.55		2025-10-06T21:01:20Z	
1.5.56		2025-10-07T18:45:02Z	
1.5.57		2025-10-08T18:37:18Z	
1.5.58		2025-10-09T18:38:39Z	
1.5.59		2025-10-10T19:19:56Z	
1.5.6		2025-07-29T21:03:39Z	
1.5.60		2025-10-13T18:36:15Z	
1.5.61		2025-10-14T18:39:09Z	
1.5.62		2025-10-15T18:49:19Z	
1.5.63		2025-10-16T18:40:25Z	
1.5.64		2025-10-17T18:47:18Z	
1.5.65		2025-10-21T19:43:04Z	
1.5.66		2025-10-22T19:37:20Z	
1.5.67		2025-10-23T18:35:18Z	
1.5.68		2025-10-24T18:36:48Z	
1.5.69		2025-10-27T18:46:18Z	
1.5.7		2025-07-30T18:51:09Z	
1.5.70		2025-10-28T18:43:19Z	
1.5.71		2025-10-29T20:43:03Z	
1.5.72		2025-10-30T18:45:42Z	
1.5.73		2025-10-31T18:46:41Z	
1.5.74		2025-11-03T19:48:38Z	
1.5.75		2025-11-04T19:40:17Z	
1.5.76		2025-11-05T19:39:08Z	
1.5.77		2025-11-06T20:39:59Z	
1.5.78		2025-11-07T19:39:26Z	
1.5.79		2025-11-10T19:42:40Z	
1.5.8		2025-07-31T18:44:11Z	
1.5.80		2025-11-11T19:38:44Z	
1.5.81		2025-11-12T19:47:35Z	
1.5.82		2025-11-13T19:40:46Z	
1.5.83		2025-11-14T19:44:42Z	
1.5.84		2025-11-17T20:15:45Z	
1.5.85		2025-11-18T19:35:17Z	
1.5.86		2025-11-19T19:39:32Z	
1.5.87		2025-11-19T22:20:33Z	
1.5.88		2025-11-20T19:40:02Z	
1.5.89		2025-11-21T19:46:01Z	
1.5.9		2025-08-01T18:45:05Z	
1.5.90		2025-11-24T19:35:23Z	
1.5.91		2025-11-25T19:35:08Z	
1.5.92		2025-11-26T19:36:11Z	
1.5.93		2025-12-01T01:38:57Z	
1.5.94		2025-12-02T16:35:42Z	
1.5.95		2025-12-03T16:59:00Z	
1.5.96		2025-12-04T17:23:26Z	
1.5.97		2025-12-05T19:38:51Z	
1.5.98		2025-12-08T19:43:28Z	
1.5.99		2025-12-09T19:50:58Z	
1.6.0		2026-01-21T19:40:28Z	
1.6.1		2026-01-22T19:39:07Z	
1.6.10		2026-02-04T19:38:30Z	
1.6.100		2026-06-19T18:45:44Z	
1.6.100	optimized	2026-06-19T18:45:48Z	
1.6.101		2026-06-22T19:33:02Z	
1.6.101	optimized	2026-06-22T19:33:10Z	
1.6.102		2026-06-23T02:00:53Z	
1.6.102	optimized	2026-06-23T02:00:08Z	
1.6.103		2026-06-29T18:44:13Z	
1.6.103	optimized	2026-06-29T18:44:24Z	
1.6.104		2026-06-30T19:09:41Z	
1.6.104	optimized	2026-06-30T19:09:26Z	
1.6.105		2026-07-01T18:48:19Z	
1.6.105	optimized	2026-07-01T18:48:45Z	
1.6.106		2026-07-02T18:44:29Z	
1.6.106	optimized	2026-07-02T18:44:35Z	
1.6.107		2026-07-06T18:50:06Z	
1.6.107	optimized	2026-07-06T18:50:38Z	
1.6.11		2026-02-05T19:40:38Z	
1.6.12		2026-02-06T19:39:36Z	
1.6.13		2026-02-09T19:42:19Z	
1.6.14		2026-02-10T19:44:24Z	
1.6.15		2026-02-11T20:00:30Z	
1.6.16		2026-02-12T19:38:34Z	
1.6.17		2026-02-13T19:40:50Z	
1.6.18		2026-02-16T19:48:10Z	
1.6.19		2026-02-17T20:16:00Z	
1.6.2		2026-01-23T19:37:00Z	
1.6.20		2026-02-18T19:47:22Z	
1.6.21		2026-02-19T19:39:23Z	
1.6.22		2026-02-20T19:40:25Z	
1.6.23		2026-02-23T19:35:58Z	
1.6.24		2026-02-24T19:38:37Z	
1.6.25		2026-02-25T19:37:08Z	
1.6.26		2026-02-26T19:36:37Z	
1.6.27		2026-02-27T19:36:45Z	
1.6.28		2026-03-03T21:02:35Z	
1.6.29		2026-03-04T19:37:33Z	
1.6.3		2026-01-26T19:44:41Z	
1.6.30		2026-03-05T20:09:49Z	
1.6.31		2026-03-06T21:58:18Z	
1.6.32		2026-03-09T18:53:22Z	
1.6.33		2026-03-10T18:43:34Z	
1.6.34		2026-03-11T19:03:56Z	
1.6.35		2026-03-12T18:47:24Z	
1.6.36		2026-03-13T18:42:13Z	
1.6.37		2026-03-16T18:51:44Z	
1.6.37	optimized	2026-03-16T18:51:43Z	
1.6.38		2026-03-17T18:45:04Z	
1.6.38	optimized	2026-03-17T18:45:16Z	
1.6.39		2026-03-18T18:52:14Z	
1.6.39	optimized	2026-03-18T18:52:27Z	
1.6.4		2026-01-27T19:45:38Z	
1.6.40		2026-03-19T20:12:01Z	
1.6.40	optimized	2026-03-19T20:12:05Z	
1.6.41		2026-03-20T18:49:29Z	
1.6.41	optimized	2026-03-20T18:49:22Z	
1.6.42		2026-03-23T18:44:12Z	
1.6.42	optimized	2026-03-23T18:45:00Z	
1.6.43		2026-03-24T18:41:56Z	
1.6.43	optimized	2026-03-24T18:41:58Z	
1.6.44		2026-03-25T18:41:06Z	
1.6.44	optimized	2026-03-25T18:41:17Z	
1.6.45		2026-03-26T18:42:04Z	
1.6.45	optimized	2026-03-26T18:41:46Z	
1.6.46		2026-03-27T18:41:12Z	
1.6.46	optimized	2026-03-27T18:41:45Z	
1.6.47		2026-03-30T18:53:45Z	
1.6.47	optimized	2026-03-30T18:52:47Z	
1.6.48		2026-03-31T18:49:39Z	
1.6.48	optimized	2026-03-31T18:48:42Z	
1.6.49		2026-04-01T18:47:22Z	
1.6.49	optimized	2026-04-01T18:48:19Z	
1.6.5		2026-01-28T19:49:25Z	
1.6.50		2026-04-02T18:44:58Z	
1.6.50	optimized	2026-04-02T18:45:20Z	
1.6.51		2026-04-03T18:43:57Z	
1.6.51	optimized	2026-04-03T18:42:55Z	
1.6.52		2026-04-06T18:54:49Z	
1.6.52	optimized	2026-04-06T18:55:44Z	
1.6.53		2026-04-07T18:50:57Z	
1.6.53	optimized	2026-04-07T18:50:24Z	
1.6.54		2026-04-08T18:49:17Z	
1.6.54	optimized	2026-04-08T18:49:12Z	
1.6.55		2026-04-09T18:53:33Z	
1.6.55	optimized	2026-04-09T18:54:06Z	
1.6.56		2026-04-10T18:49:41Z	
1.6.56	optimized	2026-04-10T18:50:05Z	
1.6.57		2026-04-13T18:46:51Z	
1.6.57	optimized	2026-04-13T18:47:01Z	
1.6.58		2026-04-16T18:42:14Z	
1.6.58	optimized	2026-04-16T18:41:45Z	
1.6.59		2026-04-17T18:41:31Z	
1.6.59	optimized	2026-04-17T18:42:14Z	
1.6.6		2026-01-29T19:46:49Z	
1.6.60		2026-04-20T18:50:22Z	
1.6.60	optimized	2026-04-20T18:49:51Z	
1.6.61		2026-04-21T20:38:17Z	
1.6.61	optimized	2026-04-21T20:37:52Z	
1.6.62		2026-04-22T18:49:02Z	
1.6.62	optimized	2026-04-22T18:49:00Z	
1.6.63		2026-04-23T18:47:54Z	
1.6.63	optimized	2026-04-23T18:47:59Z	
1.6.64		2026-04-24T18:53:08Z	
1.6.64	optimized	2026-04-24T18:52:53Z	
1.6.65		2026-04-27T19:49:05Z	
1.6.65	optimized	2026-04-27T19:49:29Z	
1.6.66		2026-04-29T20:45:08Z	
1.6.66	optimized	2026-04-29T20:44:30Z	
1.6.67		2026-04-30T18:45:19Z	
1.6.67	optimized	2026-04-30T18:45:28Z	
1.6.68		2026-05-01T18:54:00Z	
1.6.68	optimized	2026-05-01T18:55:00Z	
1.6.69		2026-05-04T18:53:41Z	
1.6.69	optimized	2026-05-04T18:52:40Z	
1.6.7		2026-01-30T19:45:32Z	
1.6.70		2026-05-05T18:45:25Z	
1.6.70	optimized	2026-05-05T18:45:33Z	
1.6.71		2026-05-06T19:07:17Z	
1.6.71	optimized	2026-05-06T19:06:46Z	
1.6.72		2026-05-07T19:08:09Z	
1.6.72	optimized	2026-05-07T19:07:18Z	
1.6.73		2026-05-13T18:51:15Z	
1.6.73	optimized	2026-05-13T18:51:32Z	
1.6.74		2026-05-14T18:46:58Z	
1.6.74	optimized	2026-05-14T18:47:09Z	
1.6.75		2026-05-15T18:47:05Z	
1.6.75	optimized	2026-05-15T18:46:56Z	
1.6.76		2026-05-18T18:58:45Z	
1.6.76	optimized	2026-05-18T18:58:55Z	
1.6.77		2026-05-19T18:53:42Z	
1.6.77	optimized	2026-05-19T18:53:28Z	
1.6.78			IOException: Tail request on https://maven-central.storage-download.googleapis.com/maven2/aws/sdk/kotlin/inspector-jvm/1.6.78/inspector-jvm-1.6.78.jar returned status 404
1.6.78	optimized		IOException: Tail request on https://maven-central.storage-download.googleapis.com/maven2/aws/sdk/kotlin/inspector-jvm/1.6.78/inspector-jvm-1.6.78-optimized.jar returned status 404
1.6.79		2026-05-21T20:51:30Z	
1.6.79	optimized	2026-05-21T20:51:37Z	
1.6.8		2026-02-02T19:37:54Z	
1.6.80		2026-05-22T18:47:05Z	
1.6.80	optimized	2026-05-22T18:47:33Z	
1.6.81		2026-05-26T19:02:16Z	
1.6.81	optimized	2026-05-26T19:02:53Z	
1.6.82		2026-05-27T18:49:56Z	
1.6.82	optimized	2026-05-27T18:49:14Z	
1.6.83		2026-05-28T18:55:20Z	
1.6.83	optimized	2026-05-28T18:55:44Z	
1.6.84		2026-05-29T18:51:00Z	
1.6.84	optimized	2026-05-29T18:51:17Z	
1.6.85		2026-06-01T18:45:38Z	
1.6.85	optimized	2026-06-01T18:46:00Z	
1.6.86		2026-06-02T19:00:13Z	
1.6.86	optimized	2026-06-02T18:59:46Z	
1.6.87		2026-06-03T06:23:48Z	
1.6.87	optimized	2026-06-03T06:24:24Z	
1.6.88		2026-06-03T18:45:19Z	
1.6.88	optimized	2026-06-03T18:46:07Z	
1.6.89		2026-06-04T18:49:38Z	
1.6.89	optimized	2026-06-04T18:48:46Z	
1.6.9		2026-02-03T19:46:49Z	
1.6.90		2026-06-05T23:17:07Z	
1.6.90	optimized	2026-06-05T23:16:12Z	
1.6.91		2026-06-08T19:01:39Z	
1.6.91	optimized	2026-06-08T19:02:19Z	
1.6.92		2026-06-09T18:45:45Z	
1.6.92	optimized	2026-06-09T18:45:52Z	
1.6.93		2026-06-10T18:47:26Z	
1.6.93	optimized	2026-06-10T18:47:31Z	
1.6.94		2026-06-11T18:45:01Z	
1.6.94	optimized	2026-06-11T18:45:05Z	
1.6.95		2026-06-12T18:48:25Z	
1.6.95	optimized	2026-06-12T18:48:50Z	
1.6.96		2026-06-15T19:43:36Z	
1.6.96	optimized	2026-06-15T19:44:43Z	
1.6.97		2026-06-16T18:56:32Z	
1.6.97	optimized	2026-06-16T18:56:16Z	
1.6.98		2026-06-17T18:43:50Z	
1.6.98	optimized	2026-06-17T18:44:59Z	
1.6.99		2026-06-18T18:46:17Z	
1.6.99	optimized	2026-06-18T18:45:48Z	
1.8.0		2026-07-07T18:49:47Z	
1.8.0	optimized	2026-07-07T18:49:47Z	
1.8.1		2026-07-08T18:49:57Z	
1.8.1	optimized	2026-07-08T18:50:46Z	
1.8.10		2026-07-20T18:43:41Z	
1.8.10	optimized	2026-07-20T18:43:06Z	
1.8.11		2026-07-21T18:44:37Z	
1.8.11	optimized	2026-07-21T18:44:17Z	
1.8.12		2026-07-22T18:42:20Z	
1.8.12	optimized	2026-07-22T18:42:40Z	
1.8.13			
1.8.14			
1.8.15			
1.8.16			
1.8.17			
1.8.18			
1.8.19			
1.8.2			
1.8.2	optimized	2026-07-08T23:50:51Z	
1.8.20			
1.8.21			
1.8.22			
1.8.23			
1.8.24			
1.8.25			
1.8.26			
1.8.27			
1.8.28			
1.8.29			
1.8.3			
1.8.3	optimized	2026-07-09T18:46:15Z	
1.8.30		2026-08-13T18:46:04Z	
1.8.30	optimized	2026-08-13T18:46:34Z	
1.8.31		2026-08-14T18:50:47Z	
1.8.31	optimized	2026-08-14T18:50:54Z	
1.8.32		2026-08-17T20:08:11Z	
1.8.32	optimized	2026-08-17T20:07:44Z	
1.8.33		2026-08-18T18:52:52Z	
1.8.33	optimized	2026-08-18T18:52:55Z	
1.8.34		2026-08-19T19:17:37Z	
1.8.34	optimized	2026-08-19T19:17:30Z	
1.8.35		2026-08-20T18:50:02Z	
1.8.35	optimized	2026-08-20T18:50:16Z	
1.8.36		2026-08-21T19:03:33Z	
1.8.36	optimized	2026-08-21T19:02:38Z	
1.8.37		2026-08-24T18:56:00Z	
1.8.37	optimized	2026-08-24T18:56:23Z	
1.8.38		2026-08-25T20:02:10Z	
1.8.38	optimized	2026-08-25T20:01:50Z	
1.8.39		2026-08-26T19:08:20Z	
1.8.39	optimized	2026-08-26T19:08:19Z	
1.8.4			
1.8.4	optimized	2026-07-10T18:49:16Z	
1.8.40		2026-08-27T19:32:07Z	
1.8.40	optimized	2026-08-27T19:31:40Z	
1.8.41		2026-08-28T18:56:19Z	
1.8.41	optimized	2026-08-28T18:56:26Z	
1.8.42		2026-08-31T18:51:00Z	
1.8.42	optimized	2026-08-31T18:51:02Z	
1.8.43		2026-08-31T22:48:29Z	
1.8.43	optimized	2026-08-31T22:49:02Z	
1.8.44			
1.8.44	optimized	2026-09-01T18:48:00Z	
1.8.45			
1.8.45	optimized	2026-09-02T18:45:09Z	
1.8.46			
1.8.46	optimized	2026-09-03T18:47:59Z	
1.8.47			
1.8.47	optimized	2026-09-04T18:45:37Z	
1.8.48			
1.8.48	optimized	2026-09-08T18:45:42Z	
1.8.49			
1.8.49	optimized	2026-09-09T18:45:11Z	
1.8.5		2026-07-13T18:46:30Z	
1.8.5	optimized	2026-07-13T18:46:15Z	
1.8.50			
1.8.50	optimized	2026-09-10T18:45:36Z	
1.8.51			
1.8.51	optimized	2026-09-11T18:46:15Z	
1.8.6			
1.8.6	optimized	2026-07-14T18:45:14Z	
1.8.7			
1.8.7	optimized	2026-07-15T18:46:45Z	
1.8.8			
1.8.8	optimized	2026-07-16T18:45:51Z	
1.8.9			
1.8.9	optimized	2026-07-17T18:49:31Z	
1.9.0		2026-09-14T19:44:38Z	
1.9.0	optimized	2026-09-14T19:44:39Z	
1.9.1			
1.9.1	optimized	2026-09-15T19:27:00Z	
1.9.10			
1.9.11			
1.9.12			
1.9.13			
1.9.14			
1.9.2			
1.9.2	optimized	2026-09-16T19:45:45Z	
1.9.3			
1.9.3	optimized	2026-09-17T19:13:43Z	
1.9.4			
1.9.4	optimized	2026-09-18T19:54:17Z	
1.9.5		2026-09-21T19:13:55Z	
1.9.5	optimized	2026-09-21T19:13:55Z	
1.9.6		2026-09-22T18:54:01Z	
1.9.6	optimized	2026-09-22T18:54:01Z	
1.9.7		2026-09-23T21:05:08Z	
1.9.7	optimized	2026-09-23T21:05:09Z	
1.9.8			
1.9.9			
