7.5.0.Final	automatic	org.drools	drools-wb-factmodel-editor-api	2017-12-06T14:01:06Z	
7.6.0.Final	automatic	org.drools	drools-wb-factmodel-editor-api	2018-01-31T17:34:57Z	
7.7.0.Final	automatic	org.drools	drools-wb-factmodel-editor-api	2018-03-26T14:37:58Z	
7.8.0.Final	automatic	org.drools	drools-wb-factmodel-editor-api	2018-07-02T14:50:41Z	
7.9.0.Final	automatic	org.drools	drools-wb-factmodel-editor-api	2018-07-25T06:15:05Z	
7.10.0.Final	automatic	org.drools	drools-wb-factmodel-editor-api	2018-08-14T09:00:58Z	
7.11.0.Final	automatic	org.drools	drools-wb-factmodel-editor-api	2018-09-03T14:33:11Z	
7.12.0.Final	automatic	org.drools	drools-wb-factmodel-editor-api	2018-09-26T14:46:43Z	
7.13.0.Final	automatic	org.drools	drools-wb-factmodel-editor-api	2018-10-18T17:02:44Z	
7.14.0.Final	automatic	org.drools	drools-wb-factmodel-editor-api	2018-11-07T15:14:31Z	
7.15.0.Final	automatic	org.drools	drools-wb-factmodel-editor-api	2018-11-28T19:08:12Z	
7.16.0.Final	automatic	org.drools	drools-wb-factmodel-editor-api	2019-01-09T06:53:24Z	
7.17.0.Final	automatic	org.drools	drools-wb-factmodel-editor-api	2019-01-29T06:44:01Z	
7.18.0.Final	automatic	org.drools	drools-wb-factmodel-editor-api	2019-03-04T16:53:10Z	
7.19.0.Final	automatic	org.drools	drools-wb-factmodel-editor-api	2019-03-14T12:02:05Z	
7.20.0.Final	automatic	org.drools	drools-wb-factmodel-editor-api	2019-04-03T00:42:19Z	
7.21.0.Final	automatic	org.drools	drools-wb-factmodel-editor-api	2019-05-05T15:08:20Z	
7.22.0.Final	automatic	org.drools	drools-wb-factmodel-editor-api	2019-05-17T07:34:28Z	
7.23.0.Final	automatic	org.drools	drools-wb-factmodel-editor-api	2019-06-11T12:07:38Z	
7.24.0.Final	automatic	org.drools	drools-wb-factmodel-editor-api	2019-07-15T17:44:07Z	
7.25.0.Final	automatic	org.drools	drools-wb-factmodel-editor-api	2019-08-06T13:50:16Z	
7.26.0.Final	automatic	org.drools	drools-wb-factmodel-editor-api	2019-09-04T12:15:34Z	
7.27.0.Final	automatic	org.drools	drools-wb-factmodel-editor-api	2019-09-17T07:18:22Z	
7.28.0.Final	automatic	org.drools	drools-wb-factmodel-editor-api	2019-10-15T15:19:10Z	
7.29.0.Final	automatic	org.drools	drools-wb-factmodel-editor-api	2019-11-05T09:35:27Z	
7.30.0.Final	automatic	org.drools	drools-wb-factmodel-editor-api	2019-11-27T07:49:11Z	
7.31.0.Final	automatic	org.drools	drools-wb-factmodel-editor-api	2019-12-10T09:11:12Z	
7.32.0.Final	automatic	org.drools	drools-wb-factmodel-editor-api	2020-01-25T21:06:12Z	
7.33.0.Final	automatic	org.drools	drools-wb-factmodel-editor-api	2020-02-16T00:21:57Z	
7.34.0.Final	automatic	org.drools	drools-wb-factmodel-editor-api	2020-03-02T20:07:13Z	
7.35.0.Final	automatic	org.drools	drools-wb-factmodel-editor-api	2020-03-25T08:52:58Z	
7.36.0.Final	automatic	org.drools	drools-wb-factmodel-editor-api	2020-04-14T07:43:14Z	
7.36.1.Final	automatic	org.drools	drools-wb-factmodel-editor-api	2020-04-17T07:15:27Z	
7.37.0.Final	automatic	org.drools	drools-wb-factmodel-editor-api	2020-05-04T17:21:59Z	
7.38.0.Final	automatic	org.drools	drools-wb-factmodel-editor-api	2020-05-26T09:59:14Z	
7.39.0.Final	automatic	org.drools	drools-wb-factmodel-editor-api	2020-06-29T17:35:22Z	
7.40.0.20200703	automatic	org.drools	drools-wb-factmodel-editor-api	2020-07-03T23:50:52Z	
7.40.0.Final	automatic	org.drools	drools-wb-factmodel-editor-api	2020-07-07T07:14:03Z	
7.41.0.t20200723	automatic	org.drools	drools-wb-factmodel-editor-api	2020-07-24T07:34:52Z	
7.41.0.Final	automatic	org.drools	drools-wb-factmodel-editor-api	2020-07-28T10:41:32Z	
7.42.0.Final	automatic	org.drools	drools-wb-factmodel-editor-api	2020-08-17T16:33:28Z	
7.43.0.Final	automatic	org.drools	drools-wb-factmodel-editor-api	2020-09-08T08:10:48Z	
7.43.1.Final	automatic	org.drools	drools-wb-factmodel-editor-api	2020-09-14T16:59:45Z	
7.44.0.Final	automatic	org.drools	drools-wb-factmodel-editor-api	2020-10-02T21:13:07Z	
7.45.0.t20201009	automatic	org.drools	drools-wb-factmodel-editor-api	2020-10-10T04:37:16Z	
7.45.0.Final	automatic	org.drools	drools-wb-factmodel-editor-api	2020-10-19T20:47:46Z	
7.46.0.Final	automatic	org.drools	drools-wb-factmodel-editor-api	2020-11-09T19:34:52Z	
7.47.0.Final	automatic	org.drools	drools-wb-factmodel-editor-api	2020-12-02T09:17:23Z	
7.48.0.Final	automatic	org.drools	drools-wb-factmodel-editor-api	2021-01-12T16:06:00Z	
7.49.0.Final	automatic	org.drools	drools-wb-factmodel-editor-api	2021-02-03T01:38:25Z	
7.50.0.Final	automatic	org.drools	drools-wb-factmodel-editor-api	2021-02-15T21:27:37Z	
7.51.0.Final	automatic	org.drools	drools-wb-factmodel-editor-api	2021-03-09T21:40:41Z	
7.52.0.Final	automatic	org.drools	drools-wb-factmodel-editor-api	2021-03-31T00:00:30Z	
7.53.0.Final	automatic	org.drools	drools-wb-factmodel-editor-api	2021-04-21T11:47:49Z	
7.54.0.Final	automatic	org.drools	drools-wb-factmodel-editor-api	2021-05-11T18:28:01Z	
7.55.0.Final	automatic	org.drools	drools-wb-factmodel-editor-api	2021-06-03T21:16:04Z	
7.56.0.Final	automatic	org.drools	drools-wb-factmodel-editor-api	2021-06-22T19:14:24Z	
7.57.0.Final	automatic	org.drools	drools-wb-factmodel-editor-api	2021-07-14T00:57:13Z	
7.58.0.Final	automatic	org.drools	drools-wb-factmodel-editor-api	2021-08-02T20:35:35Z	
7.59.0.Final	automatic	org.drools	drools-wb-factmodel-editor-api	2021-08-26T02:32:12Z	
7.60.0.Final	automatic	org.drools	drools-wb-factmodel-editor-api	2021-10-13T08:58:25Z	
7.61.0.Final	automatic	org.drools	drools-wb-factmodel-editor-api	2021-10-27T09:25:32Z	
7.62.0.Final	automatic	org.drools	drools-wb-factmodel-editor-api	2021-11-16T09:44:07Z	
7.63.0.Final	automatic	org.drools	drools-wb-factmodel-editor-api	2021-12-10T22:28:33Z	
7.64.0.Final	automatic	org.drools	drools-wb-factmodel-editor-api	2022-01-12T19:41:56Z	
7.65.0.Final	automatic	org.drools	drools-wb-factmodel-editor-api	2022-02-03T18:53:51Z	
7.66.0.Final	automatic	org.drools	drools-wb-factmodel-editor-api	2022-02-22T11:18:27Z	
7.67.0.Final	automatic	org.drools	drools-wb-factmodel-editor-api	2022-03-15T08:47:27Z	
7.68.0.Final	automatic	org.drools	drools-wb-factmodel-editor-api	2022-04-08T12:27:50Z	
7.69.0.Final	automatic	org.drools	drools-wb-factmodel-editor-api	2022-04-26T10:29:27Z	
7.70.0.Final	automatic	org.drools	drools-wb-factmodel-editor-api	2022-05-17T10:47:01Z	
7.71.0.Final	automatic	org.drools	drools-wb-factmodel-editor-api	2022-06-08T07:38:24Z	
7.72.0.Final	automatic	org.drools	drools-wb-factmodel-editor-api	2022-06-27T14:56:24Z	
7.73.0.Final	automatic	org.drools	drools-wb-factmodel-editor-api	2022-07-18T15:13:33Z	
7.74.0.Final	automatic	org.drools	drools-wb-factmodel-editor-api	2023-06-19T18:26:43Z	
7.74.1.Final	automatic	org.drools	drools-wb-factmodel-editor-api	2023-07-13T22:05:23Z	
