1.0.0		2016-12-27T22:04:18Z	
1.1.0		2017-01-09T21:26:34Z	
1.1.1		2017-01-30T08:39:36Z	
1.1.2		2021-10-17T18:59:50Z	
