1.6.7		2018-12-03T14:38:25Z	
1.6.8		2019-02-25T10:56:28Z	
