2.0-rc3		2010-07-27T13:08:50Z	
2.0-rc4		2010-08-02T19:26:14Z	
2.0-rc5		2010-08-03T19:32:59Z	
2.0-rc6		2010-10-02T05:05:45Z	
2.0-rc7		2010-11-05T22:15:49Z	
2.0.0		2010-12-19T05:42:45Z	
2.0.1		2011-01-27T18:07:03Z	
2.0.2		2011-09-15T16:24:58Z	
2.0.3		2011-10-10T21:35:36Z	
2.0.4		2012-04-19T16:58:58Z	
2.0.5		2012-05-02T11:41:50Z	
3.0.0		2013-06-17T11:30:56Z	
3.0.0-rc1		2013-05-20T16:36:00Z	
3.0.0-rc2		2013-06-04T18:44:06Z	
3.0.1		2013-06-25T05:44:59Z	
3.0.2		2013-07-11T18:29:48Z	
3.0.3		2013-08-29T18:59:57Z	
3.0.4		2013-09-06T19:11:06Z	
3.0.5		2013-09-27T14:06:05Z	
3.0.6		2013-10-08T23:08:49Z	
3.0.7		2013-10-24T16:32:48Z	
3.0.8		2013-12-12T22:55:28Z	
3.1.0		2014-01-09T20:26:05Z	
3.1.1		2014-01-16T20:29:11Z	
3.10.0		2020-06-11T21:49:24Z	
3.10.1		2020-07-01T19:00:05Z	
3.10.2		2020-07-27T16:22:55Z	
3.10.3		2020-10-12T19:26:39Z	
3.2.0		2014-06-02T16:00:26Z	
3.2.1		2014-07-18T20:41:51Z	
3.2.2		2014-07-23T23:40:01Z	
3.2.3		2014-11-03T20:18:08Z	
3.3.0		2014-11-03T19:16:59Z	
3.3.1		2014-12-08T17:05:08Z	
3.3.2		2015-01-08T14:10:59Z	
3.3.3		2015-04-29T18:37:26Z	
3.3.4		2015-05-27T21:23:37Z	
3.3.5		2015-05-28T18:56:39Z	
3.4.0		2015-06-24T18:12:10Z	
3.4.1		2015-07-28T18:54:49Z	
3.4.2		2015-11-24T22:35:50Z	
3.5.0		2016-04-21T21:03:21Z	
3.5.1		2016-05-11T13:11:56Z	
3.5.2		2016-09-21T17:50:42Z	
3.5.3		2016-10-13T19:30:09Z	
3.5.4		2018-02-08T07:25:04Z	
3.5.5		2018-02-17T03:59:05Z	
3.6.0		2018-04-05T22:18:50Z	
3.6.1		2018-04-11T14:09:26Z	
3.6.2		2018-07-04T04:32:33Z	
3.6.3		2019-01-29T17:38:07Z	
3.7.0		2019-07-16T19:36:38Z	
3.8.0		2019-08-19T22:28:36Z	
3.8.1		2019-11-06T06:41:05Z	
3.8.2		2019-11-26T04:55:34Z	
3.8.3		2019-12-18T16:45:04Z	
3.8.4		2019-12-20T18:35:41Z	
3.8.5		2020-01-09T17:04:27Z	
3.8.6		2020-02-07T17:18:25Z	
3.8.7		2020-02-24T15:07:20Z	
3.8.8		2020-03-19T20:19:50Z	
3.8.9		2020-04-06T21:34:39Z	
3.9.0		2020-05-14T16:09:11Z	
4.0.0		2020-07-13T19:47:44Z	
4.0.0-beta1		2020-04-20T18:25:41Z	
4.0.0-beta2		2020-07-01T14:16:28Z	
4.1.0		2020-09-28T21:04:28Z	
4.1.1		2020-10-12T19:26:27Z	
4.10.0		2022-05-05T14:31:49Z	
4.11.0		2022-05-24T15:48:06Z	
4.12.0		2022-06-17T16:50:52Z	
4.13.0		2022-07-11T15:29:04Z	
4.14.0		2022-07-25T16:28:53Z	
4.15.0		2022-08-05T18:51:31Z	
4.16.0		2022-09-09T17:49:44Z	
4.16.1		2022-09-14T05:20:22Z	
4.17.0		2022-10-10T13:59:18Z	
4.17.1		2022-10-24T15:18:37Z	
4.17.2		2022-11-02T16:35:52Z	
4.18.0		2022-12-06T16:17:37Z	
4.19.0		2023-01-17T17:17:21Z	
4.19.1		2023-03-01T14:53:55Z	
4.2.0		2020-11-13T16:51:50Z	
4.2.1		2020-12-04T16:11:08Z	
4.2.2		2020-12-09T20:10:01Z	
4.20.0		2023-03-08T15:15:40Z	
4.21.0		2023-04-12T16:28:32Z	
4.21.1		2023-04-14T14:30:58Z	
4.22.0		2023-05-11T14:56:16Z	
4.23.0		2023-06-26T15:22:18Z	
4.23.1		2023-08-10T18:42:36Z	
4.23.2		2023-09-11T22:55:46Z	
4.24.0		2023-10-03T13:55:56Z	
4.25.0		2023-11-14T22:17:06Z	
4.25.1		2023-12-18T21:48:52Z	
4.26.0		2024-02-07T15:55:18Z	
4.27.0		2024-03-27T21:50:28Z	
4.28.0		2024-05-21T19:40:48Z	
4.29.0		2024-07-25T17:38:28Z	
4.29.1		2024-07-31T19:39:03Z	
4.29.2		2024-09-04T14:16:23Z	
4.3.0		2021-02-09T15:49:22Z	
4.3.1		2021-02-12T17:44:30Z	
4.3.2		2021-03-23T14:03:04Z	
4.3.3		2021-04-12T17:10:58Z	
4.3.4		2021-04-19T20:21:00Z	
4.3.5		2021-04-29T18:33:45Z	
4.30.0		2024-11-05T17:33:22Z	
4.31.0		2025-01-16T17:59:14Z	
4.31.1		2025-02-17T16:35:47Z	
4.32.0		2025-05-21T21:43:19Z	
4.33.0		2025-07-09T15:03:54Z	
4.4.0		2021-06-09T16:38:22Z	
4.4.1		2021-07-09T16:48:50Z	
4.4.2		2021-07-22T18:13:45Z	
4.4.3		2021-08-05T18:34:26Z	
4.5.0		2021-09-27T16:22:05Z	
4.6.0		2021-11-04T18:36:06Z	
4.6.1		2021-11-04T20:19:35Z	
4.6.2		2021-12-02T00:51:41Z	
4.7.0		2022-01-10T17:21:16Z	
4.7.1		2022-01-21T17:49:15Z	
4.8.0		2022-02-22T16:50:55Z	
4.9.0		2022-03-17T17:18:26Z	
4.9.1		2022-03-29T14:22:43Z	
5.0.0		2025-09-30T14:38:26Z	
5.0.1		2025-10-03T18:42:34Z	
5.0.2		2026-03-05T17:57:59Z	
5.0.3		2026-05-15T13:31:03Z	
5.0.4		2026-08-20T17:29:52Z	
