2.3-custom		2016-12-15T18:25:57Z	
