0.54.0-beta		2018-07-12T18:50:39Z	
0.55.0-beta		2018-07-20T02:19:32Z	
0.55.1-beta		2018-07-20T20:00:22Z	
0.56.0-beta		2018-08-01T22:09:26Z	
0.57.0-beta		2018-08-10T06:04:18Z	
0.58.0-beta		2018-08-15T23:21:01Z	
0.59.0-beta		2018-08-23T00:51:53Z	
0.60.0-beta		2018-08-30T23:31:23Z	
0.61.0-beta		2018-09-07T01:07:37Z	
0.62.0-beta		2018-09-13T17:26:22Z	
0.63.0-beta		2018-09-20T23:50:35Z	
0.64.0-beta		2018-09-27T20:15:43Z	
0.65.0-beta		2018-10-04T17:15:24Z	
0.66.0-beta		2018-10-06T01:11:13Z	
0.67.0-beta		2018-10-11T00:35:30Z	
0.68.0-beta		2018-10-25T21:25:05Z	
0.69.0-beta		2018-11-01T20:31:47Z	
0.70.0-beta		2018-11-07T23:17:36Z	
0.71.0-beta		2018-11-16T00:42:15Z	
0.72.0-beta		2018-11-29T21:21:25Z	
0.73.0-beta		2018-12-07T00:23:30Z	
0.74.0-beta		2018-12-13T23:29:42Z	
0.75.0-beta		2019-01-03T21:32:37Z	
0.76.0-beta		2019-01-07T19:29:16Z	
0.77.0-beta		2019-01-10T22:15:09Z	
0.78.0-beta		2019-01-17T22:45:31Z	
0.79.0-beta		2019-01-23T20:52:57Z	
0.80.0-beta		2019-02-07T20:32:17Z	
0.81.0-beta		2019-02-21T22:29:41Z	
0.82.0-beta		2019-03-04T20:36:35Z	
0.83.0-beta		2019-03-11T19:50:53Z	
0.84.0-beta		2019-03-21T18:25:01Z	
0.85.0-beta		2019-03-29T19:46:56Z	
0.86.0-beta		2019-04-03T18:52:25Z	
0.87.0-beta		2019-04-04T21:18:20Z	
0.88.0-beta		2019-04-17T19:39:00Z	
0.89.0-beta		2019-04-24T20:51:38Z	
0.90.0-beta		2019-05-01T23:25:00Z	
1.0.0		2019-05-07T18:45:05Z	
1.1.0		2019-05-15T21:52:58Z	
1.10.0		2019-07-18T19:25:09Z	
1.11.0		2019-07-24T22:37:46Z	
1.12.0		2019-07-31T19:50:03Z	
1.13.0		2019-08-07T20:08:45Z	
1.14.0		2019-08-14T20:21:43Z	
1.15.0		2019-08-22T20:57:44Z	
1.16.0		2019-08-29T00:17:03Z	
1.17.0		2019-09-05T23:32:52Z	
1.18.0		2019-09-11T19:53:56Z	
1.19.0		2019-09-18T23:26:19Z	
1.2.0		2019-05-22T23:37:16Z	
1.20.0		2019-09-25T19:20:06Z	
1.23.0		2019-10-03T17:42:00Z	
1.24.0		2019-10-14T18:21:20Z	
1.25.0		2019-10-17T17:12:42Z	
1.26.0		2019-10-25T21:53:32Z	
1.27.0		2019-11-11T18:07:19Z	
1.28.0		2020-01-08T22:27:11Z	
1.28.1		2020-02-04T18:50:38Z	
1.28.2		2020-02-06T18:30:02Z	
1.29.0		2020-03-30T19:38:55Z	
1.29.1		2020-04-07T20:09:03Z	
1.3.0		2019-05-29T20:02:58Z	
1.30.0		2020-06-24T20:26:18Z	
1.30.1		2020-08-11T17:27:53Z	
1.30.10		2020-12-15T22:22:14Z	
1.30.11		2021-01-06T23:19:40Z	
1.30.12		2021-02-05T23:49:05Z	
1.30.13		2021-02-22T21:22:03Z	
1.30.3		2020-09-23T21:39:46Z	
1.30.4		2020-10-08T17:41:43Z	
1.30.5		2020-10-19T23:11:22Z	
1.30.6		2020-10-21T19:24:01Z	
1.30.7		2020-11-02T08:40:45Z	
1.30.8		2020-11-17T19:41:13Z	
1.30.9		2020-12-10T22:11:11Z	
1.31.0		2021-02-24T23:10:19Z	
1.31.1		2021-02-25T22:29:57Z	
1.32.0		2021-03-09T03:08:52Z	
1.32.1		2021-03-11T05:39:26Z	
1.32.2		2021-04-12T23:54:05Z	
1.32.3		2021-04-26T20:42:14Z	
1.32.4		2021-05-11T02:02:19Z	
1.33.0		2021-06-01T19:20:24Z	
1.33.1		2021-06-07T20:02:11Z	
1.33.2		2021-07-01T23:59:31Z	
1.4.0		2019-06-06T21:43:37Z	
1.5.0		2019-06-13T22:34:03Z	
1.6.0		2019-06-20T22:24:40Z	
1.7.0		2019-06-26T23:15:43Z	
1.8.0		2019-07-03T18:18:59Z	
1.9.0		2019-07-10T19:24:55Z	
2.0.0		2021-08-10T19:23:30Z	
2.0.1		2021-08-12T17:59:14Z	
2.0.2		2021-08-23T21:34:40Z	
2.0.3		2021-09-01T19:19:35Z	
2.0.4		2021-09-14T02:42:57Z	
2.0.5		2021-09-22T20:46:09Z	
2.0.6		2021-10-20T15:45:08Z	
2.1.0		2021-12-06T18:27:28Z	
2.1.1		2022-01-07T15:21:36Z	
2.1.10		2022-03-30T00:09:37Z	
2.1.11		2022-04-19T18:13:06Z	
2.1.12		2022-10-13T19:19:37Z	
2.1.2		2022-02-03T21:38:14Z	
2.1.3		2022-02-11T22:01:44Z	
2.1.4		2022-02-28T22:50:05Z	
2.1.5		2022-03-03T22:38:46Z	
2.1.6		2022-03-08T21:03:46Z	
2.1.7		2022-03-10T22:29:46Z	
2.1.8		2022-03-14T23:03:53Z	
2.1.9		2022-03-24T15:32:13Z	
2.10.0		2023-02-03T19:38:56Z	
2.11.0		2023-02-16T21:59:31Z	
2.12.0		2023-03-01T22:19:31Z	
2.13.0		2023-03-17T19:05:17Z	
2.14.0		2023-03-30T18:54:52Z	
2.15.0		2023-04-14T16:00:42Z	
2.16.0		2023-04-26T20:22:55Z	
2.17.0		2023-05-11T16:32:32Z	
2.18.0		2023-05-26T22:44:24Z	
2.19.0		2023-06-08T15:50:07Z	
2.2.0		2022-05-24T21:12:32Z	
2.20.0		2023-06-23T23:08:32Z	
2.21.0		2023-07-13T18:03:10Z	
2.22.0		2023-07-24T16:54:14Z	
2.23.0		2023-08-08T19:16:18Z	
2.24.0		2023-09-12T19:13:55Z	
2.27.0		2023-09-28T23:55:05Z	
2.28.0		2023-10-11T19:23:05Z	
2.29.0		2023-10-25T19:03:54Z	
2.3.0		2022-07-01T19:26:52Z	
2.3.1		2022-07-21T18:54:59Z	
2.3.10		2022-09-22T16:21:34Z	
2.3.11		2022-10-03T19:24:14Z	
2.3.12		2022-10-05T19:17:36Z	
2.3.2		2022-07-26T20:11:11Z	
2.3.3		2022-07-27T19:09:53Z	
2.3.4		2022-07-30T00:53:16Z	
2.3.5		2022-08-02T22:31:35Z	
2.3.6		2022-08-10T22:01:43Z	
2.3.8		2022-09-16T01:50:02Z	
2.3.9		2022-09-21T14:41:30Z	
2.30.0		2023-11-06T18:40:18Z	
2.31.0		2023-12-04T20:53:18Z	
2.32.0		2023-12-12T23:36:54Z	
2.33.0		2024-01-10T22:55:32Z	
2.34.0		2024-01-23T21:52:44Z	
2.35.0		2024-02-09T16:22:24Z	
2.36.0		2024-02-20T19:11:50Z	
2.37.0		2024-03-07T05:18:20Z	
2.38.0		2024-03-23T01:00:34Z	
2.39.0		2024-03-29T01:25:42Z	
2.4.0		2022-10-17T21:10:41Z	
2.40.0		2024-04-03T00:44:26Z	
2.41.0		2024-04-04T23:00:28Z	
2.42.0		2024-04-26T15:50:36Z	
2.43.0		2024-05-09T00:49:07Z	
2.44.0		2024-05-24T01:09:12Z	
2.45.0		2024-06-07T23:12:34Z	
2.46.0		2024-06-27T15:21:49Z	
2.47.0		2024-08-01T01:23:57Z	
2.48.0		2024-08-21T23:53:27Z	
2.49.0		2024-09-13T02:08:27Z	
2.5.0		2022-10-24T23:26:22Z	
2.51.0		2024-09-27T20:44:28Z	
2.52.0		2024-10-09T20:42:14Z	
2.53.0		2024-10-28T23:22:10Z	
2.54.0		2024-11-18T22:03:46Z	
2.55.0		2024-12-16T21:11:07Z	
2.56.0		2025-01-10T01:24:03Z	
2.57.0		2025-01-29T08:52:59Z	
2.58.0		2025-02-14T00:26:17Z	
2.59.0		2025-02-27T23:13:10Z	
2.6.0		2022-11-15T20:39:19Z	
2.60.0		2025-03-19T16:19:08Z	
2.61.0		2025-05-01T00:41:18Z	
2.62.0		2025-05-07T06:40:46Z	
2.63.0		2025-05-15T23:05:04Z	
2.64.0		2025-06-05T09:42:05Z	
2.66.0		2025-06-20T20:57:57Z	
2.67.0		2025-06-26T18:07:09Z	
2.68.0		2025-07-14T19:29:34Z	
2.7.0		2022-12-12T19:00:43Z	
2.70.0		2025-07-30T21:05:42Z	
2.71.0		2025-08-08T19:44:25Z	
2.72.0		2025-08-13T22:41:37Z	
2.73.0		2025-08-26T00:30:36Z	
2.74.0		2025-09-12T06:13:57Z	
2.75.0		2025-09-24T04:08:12Z	
2.76.0		2025-10-07T23:16:45Z	
2.77.0		2025-10-14T01:51:02Z	
2.78.0		2025-10-21T21:07:12Z	
2.79.0		2025-11-12T18:27:04Z	
2.8.0		2023-01-12T20:37:03Z	
2.80.0		2025-11-15T04:59:05Z	
2.81.0		2025-12-16T23:01:28Z	
2.82.0		2026-01-15T06:29:54Z	
2.82.0-rc1		2025-12-18T21:32:09Z	
2.83.0		2026-01-30T21:14:12Z	
2.84.0		2026-02-10T23:28:50Z	
2.85.0		2026-02-14T01:53:22Z	
2.86.0		2026-02-26T01:27:10Z	
2.87.0		2026-03-12T22:11:39Z	
2.88.0		2026-03-20T20:20:55Z	
2.9.0		2023-01-23T20:13:01Z	
2.90.0		2026-04-13T01:09:01Z	
2.91.0		2026-04-14T02:14:39Z	
2.92.0		2026-05-06T15:32:11Z	
2.93.0		2026-06-04T06:15:52Z	
2.94.0		2026-07-07T23:45:16Z	
2.95.0			
2.96.0		2026-08-24T21:59:32Z	
2.97.0			
2.98.0			
2.99.0			
