0.10.0			IOException: Tail request on https://maven-central.storage-download.googleapis.com/maven2/org/jetbrains/kotlinx/kotlinx-rpc-krpc-server-tvosarm64/0.10.0/kotlinx-rpc-krpc-server-tvosarm64-0.10.0.jar returned status 404
0.10.0	metadata	2025-10-06T16:40:13Z	
0.10.1			IOException: Tail request on https://maven-central.storage-download.googleapis.com/maven2/org/jetbrains/kotlinx/kotlinx-rpc-krpc-server-tvosarm64/0.10.1/kotlinx-rpc-krpc-server-tvosarm64-0.10.1.jar returned status 404
0.10.1	metadata	2025-10-27T08:22:47Z	
0.10.2			IOException: Tail request on https://maven-central.storage-download.googleapis.com/maven2/org/jetbrains/kotlinx/kotlinx-rpc-krpc-server-tvosarm64/0.10.2/kotlinx-rpc-krpc-server-tvosarm64-0.10.2.jar returned status 404
0.10.2	metadata	2026-01-16T01:05:57Z	
0.10.3		2026-06-24T21:12:02Z	IOException: Tail request on https://maven-central.storage-download.googleapis.com/maven2/org/jetbrains/kotlinx/kotlinx-rpc-krpc-server-tvosarm64/0.10.3/kotlinx-rpc-krpc-server-tvosarm64-0.10.3.jar returned status 404
0.10.3	metadata	2026-06-24T21:11:45Z	
0.10.4			IOException: Tail request on https://maven-central.storage-download.googleapis.com/maven2/org/jetbrains/kotlinx/kotlinx-rpc-krpc-server-tvosarm64/0.10.4/kotlinx-rpc-krpc-server-tvosarm64-0.10.4.jar returned status 404
0.10.4	metadata	2026-09-17T15:41:41Z	
0.2.1			IOException: Tail request on https://maven-central.storage-download.googleapis.com/maven2/org/jetbrains/kotlinx/kotlinx-rpc-krpc-server-tvosarm64/0.2.1/kotlinx-rpc-krpc-server-tvosarm64-0.2.1.jar returned status 404
0.2.1	metadata	2024-07-01T12:04:38Z	
0.2.2			IOException: Tail request on https://maven-central.storage-download.googleapis.com/maven2/org/jetbrains/kotlinx/kotlinx-rpc-krpc-server-tvosarm64/0.2.2/kotlinx-rpc-krpc-server-tvosarm64-0.2.2.jar returned status 404
0.2.2	metadata	2024-08-01T18:38:50Z	
0.2.3			IOException: Tail request on https://maven-central.storage-download.googleapis.com/maven2/org/jetbrains/kotlinx/kotlinx-rpc-krpc-server-tvosarm64/0.2.3/kotlinx-rpc-krpc-server-tvosarm64-0.2.3.jar returned status 404
0.2.3	metadata	2024-08-19T16:48:30Z	
0.2.4			IOException: Tail request on https://maven-central.storage-download.googleapis.com/maven2/org/jetbrains/kotlinx/kotlinx-rpc-krpc-server-tvosarm64/0.2.4/kotlinx-rpc-krpc-server-tvosarm64-0.2.4.jar returned status 404
0.2.4	metadata	2024-08-20T11:57:22Z	
0.3.0			IOException: Tail request on https://maven-central.storage-download.googleapis.com/maven2/org/jetbrains/kotlinx/kotlinx-rpc-krpc-server-tvosarm64/0.3.0/kotlinx-rpc-krpc-server-tvosarm64-0.3.0.jar returned status 404
0.3.0	metadata	2024-10-01T10:35:50Z	
0.4.0			IOException: Tail request on https://maven-central.storage-download.googleapis.com/maven2/org/jetbrains/kotlinx/kotlinx-rpc-krpc-server-tvosarm64/0.4.0/kotlinx-rpc-krpc-server-tvosarm64-0.4.0.jar returned status 404
0.4.0	metadata	2024-11-05T16:37:49Z	
0.5.0			IOException: Tail request on https://maven-central.storage-download.googleapis.com/maven2/org/jetbrains/kotlinx/kotlinx-rpc-krpc-server-tvosarm64/0.5.0/kotlinx-rpc-krpc-server-tvosarm64-0.5.0.jar returned status 404
0.5.0	metadata	2025-01-27T14:29:46Z	
0.5.1			IOException: Tail request on https://maven-central.storage-download.googleapis.com/maven2/org/jetbrains/kotlinx/kotlinx-rpc-krpc-server-tvosarm64/0.5.1/kotlinx-rpc-krpc-server-tvosarm64-0.5.1.jar returned status 404
0.5.1	metadata	2025-02-13T12:01:58Z	
0.6.0			IOException: Tail request on https://maven-central.storage-download.googleapis.com/maven2/org/jetbrains/kotlinx/kotlinx-rpc-krpc-server-tvosarm64/0.6.0/kotlinx-rpc-krpc-server-tvosarm64-0.6.0.jar returned status 404
0.6.0	metadata	2025-04-04T10:33:19Z	
0.6.1			IOException: Tail request on https://maven-central.storage-download.googleapis.com/maven2/org/jetbrains/kotlinx/kotlinx-rpc-krpc-server-tvosarm64/0.6.1/kotlinx-rpc-krpc-server-tvosarm64-0.6.1.jar returned status 404
0.6.1	metadata	2025-04-11T08:29:55Z	
0.6.2			IOException: Tail request on https://maven-central.storage-download.googleapis.com/maven2/org/jetbrains/kotlinx/kotlinx-rpc-krpc-server-tvosarm64/0.6.2/kotlinx-rpc-krpc-server-tvosarm64-0.6.2.jar returned status 404
0.6.2	metadata	2025-04-17T12:47:23Z	
0.7.0			IOException: Tail request on https://maven-central.storage-download.googleapis.com/maven2/org/jetbrains/kotlinx/kotlinx-rpc-krpc-server-tvosarm64/0.7.0/kotlinx-rpc-krpc-server-tvosarm64-0.7.0.jar returned status 404
0.7.0	metadata	2025-05-14T09:53:27Z	
0.8.0			IOException: Tail request on https://maven-central.storage-download.googleapis.com/maven2/org/jetbrains/kotlinx/kotlinx-rpc-krpc-server-tvosarm64/0.8.0/kotlinx-rpc-krpc-server-tvosarm64-0.8.0.jar returned status 404
0.8.0	metadata	2025-06-29T19:51:54Z	
0.8.1			IOException: Tail request on https://maven-central.storage-download.googleapis.com/maven2/org/jetbrains/kotlinx/kotlinx-rpc-krpc-server-tvosarm64/0.8.1/kotlinx-rpc-krpc-server-tvosarm64-0.8.1.jar returned status 404
0.8.1	metadata	2025-07-09T11:13:43Z	
0.9.0			IOException: Tail request on https://maven-central.storage-download.googleapis.com/maven2/org/jetbrains/kotlinx/kotlinx-rpc-krpc-server-tvosarm64/0.9.0/kotlinx-rpc-krpc-server-tvosarm64-0.9.0.jar returned status 404
0.9.0	metadata	2025-07-17T12:52:45Z	
0.9.1			IOException: Tail request on https://maven-central.storage-download.googleapis.com/maven2/org/jetbrains/kotlinx/kotlinx-rpc-krpc-server-tvosarm64/0.9.1/kotlinx-rpc-krpc-server-tvosarm64-0.9.1.jar returned status 404
0.9.1	metadata	2025-07-17T20:55:48Z	
