3.0.10		2024-12-27T08:13:06Z	
3.0.11		2025-03-07T13:19:18Z	
3.0.12		2025-05-23T15:37:58Z	
3.0.13		2025-08-08T08:57:28Z	
3.0.14		2025-10-17T12:29:12Z	
3.0.15		2025-11-21T09:42:37Z	
3.0.16		2026-01-30T10:09:54Z	
3.0.6		2023-12-22T09:38:34Z	
3.0.7		2024-05-20T07:08:44Z	
3.0.8		2024-07-19T08:16:05Z	
3.0.9		2024-10-21T05:49:12Z	
4.0.0		2025-05-23T10:02:32Z	
4.0.0-M0		2024-12-27T11:35:02Z	
4.0.0-M1		2025-03-07T14:20:06Z	
4.0.1		2025-08-08T07:25:34Z	
4.0.2		2025-10-17T11:11:50Z	
4.0.3		2025-11-21T08:14:24Z	
4.0.4		2026-01-30T09:16:34Z	
4.0.5		2026-03-31T10:29:58Z	
4.0.6		2026-05-22T10:14:09Z	
4.0.7			
4.0.8			
4.1.0		2026-03-31T09:03:06Z	
4.1.0-M0		2026-02-19T11:27:46Z	
4.1.1		2026-05-22T08:25:25Z	
4.1.2			
4.1.3			
