6.0.1		2025-11-05T05:51:31Z	
