2.1.0.RELEASE		2023-01-06T01:12:28Z	
2.2.0.RELEASE		2023-01-19T01:13:29Z	
2.2.1.RELEASE		2023-02-21T23:16:18Z	
