1.0.0		2020-07-19T06:11:43Z	
1.0.1		2020-07-20T08:33:25Z	
1.0.2		2020-09-29T14:16:39Z	
1.0.3		2020-09-30T06:09:12Z	
1.0.4		2020-11-25T08:42:17Z	
1.0.5		2022-03-01T07:49:52Z	
