1.5.0		2024-06-18T11:07:55Z	
1.5.1		2024-06-20T10:55:52Z	
1.5.2		2024-06-27T14:23:46Z	
1.5.3		2024-07-06T08:59:42Z	
1.5.4		2024-07-13T02:15:46Z	
1.5.5		2024-07-15T10:54:52Z	
1.5.6		2024-07-28T06:55:34Z	
1.5.7		2024-08-10T23:43:29Z	
1.5.8		2024-08-12T01:05:04Z	
1.5.9		2024-08-19T01:01:07Z	
1.6.0		2024-08-30T15:10:24Z	
1.6.1		2024-09-27T13:31:38Z	
2.0		2024-11-07T00:50:00Z	
2.1		2024-11-09T12:20:45Z	
2.2		2024-11-29T12:47:52Z	
2.3		2024-11-29T14:30:14Z	
2.4		2024-12-07T06:14:21Z	
2.5		2024-12-18T05:13:15Z	
