0.10.0		2016-04-05T22:04:50Z	
0.11.0		2016-04-20T22:36:14Z	
0.12.0		2016-05-03T23:14:15Z	
0.4.0		2015-12-08T23:10:41Z	
0.5.0		2016-01-20T13:23:16Z	
0.6.0		2016-02-04T22:17:48Z	
0.7.0		2016-02-22T22:10:27Z	
0.8.0		2016-03-09T08:06:45Z	
0.8.1		2016-03-09T20:24:22Z	
0.9.0		2016-03-22T21:39:15Z	
