5.15.10		2022-10-14T15:54:42Z	
5.15.11		2022-11-10T00:11:45Z	
5.15.12		2022-12-28T21:38:58Z	
5.15.13		2023-01-20T02:31:32Z	
5.15.14		2023-03-19T01:10:41Z	
5.15.15		2023-05-25T07:03:25Z	
5.15.16		2023-07-27T08:35:53Z	
5.15.17		2023-10-01T15:29:33Z	
5.15.18		2023-12-19T00:02:16Z	
5.15.20		2024-04-06T14:05:14Z	
5.15.23		2024-10-09T16:59:26Z	
5.15.24		2024-11-27T10:22:35Z	
5.15.7		2022-07-05T14:07:28Z	
5.15.8		2022-08-18T15:45:30Z	
5.15.9		2022-09-01T09:09:23Z	
6.10.0		2025-10-07T22:47:23Z	
6.10.1		2025-12-05T21:27:17Z	
6.10.2		2026-01-30T18:17:21Z	
6.10.3		2026-04-03T07:21:00Z	
6.11.0		2026-03-28T11:26:30Z	
6.11.1		2026-05-14T23:43:41Z	
6.11.2		2026-08-24T09:07:54Z	
6.12.0			
6.2.10		2022-12-28T19:48:54Z	
6.2.11		2023-01-20T00:42:19Z	
6.2.12		2023-03-19T03:00:43Z	
6.2.5		2022-07-05T20:18:18Z	
6.2.6		2022-08-19T09:20:50Z	
6.2.7		2022-09-01T09:25:24Z	
6.2.8		2022-10-14T18:32:10Z	
6.2.9		2022-11-10T01:33:44Z	
6.3.2		2022-07-06T08:30:26Z	
6.3.3		2022-08-19T12:28:04Z	
6.3.4		2022-09-01T09:28:15Z	
6.3.5		2022-10-14T21:12:26Z	
6.4.0		2022-10-14T23:45:32Z	
6.4.1		2022-11-10T00:51:07Z	
6.4.2		2022-12-28T17:56:02Z	
6.4.3		2023-01-19T22:54:29Z	
6.4.4		2023-03-18T23:15:59Z	
6.5.0		2023-04-11T14:49:28Z	
6.5.1		2023-05-24T20:59:25Z	
6.5.10		2024-11-27T00:13:17Z	
6.5.2		2023-07-27T08:26:27Z	
6.5.3		2023-09-29T00:35:19Z	
6.5.4		2023-12-18T22:46:50Z	
6.5.6		2024-04-06T14:09:37Z	
6.5.7		2024-05-28T10:49:04Z	
6.5.8		2024-06-25T00:40:52Z	
6.5.9		2024-10-09T11:41:10Z	
6.6.0		2023-10-16T21:11:10Z	
6.6.1		2023-12-19T01:39:00Z	
6.6.3		2024-04-06T14:16:13Z	
6.7.0		2024-04-06T14:23:54Z	
6.7.1		2024-05-28T14:42:55Z	
6.7.2		2024-06-25T04:38:17Z	
6.7.3		2024-10-09T11:52:56Z	
6.8.0		2024-10-09T11:49:52Z	
6.8.1		2024-12-04T09:41:55Z	
6.8.10		2026-05-15T01:26:07Z	
6.8.11		2026-08-24T09:13:54Z	
6.8.12			
6.8.2		2025-02-05T01:29:54Z	
6.8.3		2025-03-27T16:03:51Z	
6.8.4		2025-06-04T02:28:15Z	
6.8.5		2025-08-27T00:25:02Z	
6.8.6		2025-10-02T16:15:53Z	
6.8.7		2025-12-05T19:37:40Z	
6.8.8		2026-01-30T16:23:19Z	
6.8.9		2026-03-28T00:33:08Z	
6.9.0		2025-04-02T16:23:04Z	
6.9.1		2025-06-04T05:40:05Z	
6.9.2		2025-08-26T22:56:40Z	
6.9.3		2025-10-02T18:02:05Z	
