4.0-alpha5		2007-07-02T18:15:40Z	
4.0-alpha6		2007-10-08T21:43:48Z	
