2.2.7		2022-09-29T08:11:59Z	
