0.4.1		2026-02-24T22:57:45Z	
0.4.10			
0.4.2		2026-02-26T20:11:07Z	
0.4.3		2026-02-28T16:22:54Z	
0.4.4		2026-02-28T22:26:14Z	
0.4.5		2026-02-28T23:29:26Z	
0.4.6		2026-03-04T18:50:14Z	
0.4.7		2026-03-04T20:24:31Z	
0.4.8		2026-03-04T22:51:52Z	
0.4.9		2026-03-06T18:16:13Z	
0.4.9-alpha1		2026-03-05T09:59:27Z	
0.4.9-alpha2		2026-03-05T20:44:21Z	
0.4.9-alpha3		2026-03-05T21:45:18Z	
0.4.9-alpha4		2026-03-05T22:23:58Z	
0.4.9-alpha5		2026-03-05T23:30:39Z	
0.4.9-alpha6		2026-03-05T23:51:44Z	
0.4.9-alpha7		2026-03-06T13:26:03Z	
0.4.9-alpha8		2026-03-06T17:22:13Z	
