1.9.1		2022-02-22T16:29:21Z	
1.9.2		2022-02-22T17:03:52Z	
1.9.3		2022-02-22T23:19:07Z	
