0.5.0		2019-08-21T16:06:50Z	
0.7.0		2020-07-15T14:03:38Z	
0.8.0		2020-10-13T22:22:02Z	
1.14.0		2021-07-10T20:52:24Z	
1.15.0		2021-11-03T18:03:51Z	
1.15.1		2021-12-15T00:28:37Z	
1.15.2		2021-12-21T21:39:36Z	
1.15.3		2022-01-13T18:50:03Z	
1.16.0		2022-03-21T20:14:36Z	
1.16.1		2022-04-25T17:27:15Z	
1.16.2		2022-05-23T03:02:30Z	
1.16.3		2022-06-14T00:51:24Z	
1.17.0		2022-07-27T21:40:31Z	
1.18.0		2022-10-03T19:39:07Z	
1.19.0		2022-11-23T04:05:21Z	
1.19.1		2022-12-05T18:46:49Z	
1.20.0		2023-02-06T19:44:29Z	
1.21.0		2023-04-03T23:54:26Z	
1.22.0		2023-06-06T21:09:58Z	
1.23.0		2023-07-25T20:32:44Z	
1.23.1		2023-08-15T15:38:05Z	
1.23.2		2023-08-21T19:29:36Z	
1.24.0		2023-11-23T12:12:32Z	
1.25.0		2024-01-25T16:00:10Z	
1.26.0		2024-05-03T11:50:57Z	
1.27.0		2024-07-03T11:09:43Z	
1.28.0		2024-10-21T19:58:22Z	
1.28.1		2024-11-15T09:37:57Z	
2.0.0		2024-11-04T16:35:37Z	
2.0.0-M1		2023-11-23T02:22:26Z	
2.0.0-M2		2024-01-26T01:46:09Z	
2.0.0-M3		2024-05-14T02:58:11Z	
2.0.0-M4		2024-06-28T02:05:23Z	
2.1.0		2024-12-20T19:39:56Z	
2.10.0		2026-06-15T23:33:50Z	
2.11.0		2026-07-30T22:01:09Z	
2.12.0			
2.2.0		2025-01-24T16:07:02Z	
2.3.0		2025-03-07T15:12:56Z	
2.4.0		2025-04-28T18:56:22Z	
2.5.0		2025-07-19T12:50:17Z	
2.6.0		2025-09-18T16:45:45Z	
2.7.0		2025-12-06T20:13:43Z	
2.7.1		2025-12-12T00:09:48Z	
2.7.2		2025-12-16T17:04:49Z	
2.8.0		2026-02-12T22:10:57Z	
2.9.0		2026-04-07T15:42:05Z	
