0.10.0		2026-04-09T13:18:01Z	
0.10.0	shaded	2026-04-09T13:18:01Z	
0.10.0	shaded-sources	2026-04-09T13:18:01Z	
0.10.0	shaded-tests	2026-04-09T13:18:01Z	
0.6.1		2022-08-22T17:49:39Z	
0.6.1	shaded	2022-08-22T17:50:07Z	
0.6.1	shaded-sources	2022-08-22T17:49:05Z	
0.6.1	shaded-tests	2022-08-22T17:48:51Z	
0.6.2		2022-11-17T12:10:27Z	
0.6.2	shaded	2022-11-17T12:08:47Z	
0.6.2	shaded-sources	2022-11-17T12:07:48Z	
0.6.2	shaded-tests	2022-11-17T12:08:38Z	
0.6.3		2023-04-26T14:30:06Z	
0.6.3	shaded	2023-04-26T14:28:52Z	
0.6.3	shaded-sources	2023-04-26T14:28:08Z	
0.6.3	shaded-tests	2023-04-26T14:29:28Z	
0.7.0		2023-06-21T08:40:46Z	
0.7.0	shaded	2023-06-21T08:40:03Z	
0.7.0	shaded-sources	2023-06-21T08:38:34Z	
0.7.0	shaded-tests	2023-06-21T08:37:00Z	
0.7.1		2023-10-16T09:08:23Z	
0.7.1	shaded	2023-10-16T08:40:23Z	
0.7.1	shaded-sources	2023-10-16T08:54:45Z	
0.7.1	shaded-tests	2023-10-16T08:55:00Z	
0.7.2		2024-01-11T08:59:46Z	
0.7.2	shaded	2024-01-11T08:59:03Z	
0.7.2	shaded-sources	2024-01-11T08:57:46Z	
0.7.2	shaded-tests	2024-01-11T08:58:53Z	
0.7.3		2024-03-08T15:38:22Z	
0.7.3	shaded	2024-03-08T15:37:26Z	
0.7.3	shaded-sources	2024-03-08T15:38:49Z	
0.7.3	shaded-tests	2024-03-08T15:38:35Z	
0.7.4		2024-03-14T15:56:42Z	
0.7.4	shaded	2024-03-14T15:56:10Z	
0.7.4	shaded-sources	2024-03-14T15:57:01Z	
0.7.4	shaded-tests	2024-03-14T15:56:40Z	
0.8.0		2024-06-18T14:57:16Z	
0.8.0	shaded	2024-06-18T14:57:57Z	
0.8.0	shaded-sources	2024-06-18T14:57:31Z	
0.8.0	shaded-tests	2024-06-18T14:56:39Z	
0.8.1		2024-07-10T12:15:22Z	
0.8.1	shaded	2024-07-10T12:13:23Z	
0.8.1	shaded-sources	2024-07-10T12:15:09Z	
0.8.1	shaded-tests	2024-07-10T12:13:44Z	
0.8.2		2024-09-13T12:02:15Z	
0.8.2	shaded	2024-09-13T12:01:46Z	
0.8.2	shaded-sources	2024-09-13T11:59:55Z	
0.8.2	shaded-tests	2024-09-13T12:02:26Z	
0.8.3		2024-09-19T09:33:22Z	
0.8.3	shaded	2024-09-19T09:32:46Z	
0.8.3	shaded-sources	2024-09-19T09:32:27Z	
0.8.3	shaded-tests	2024-09-19T09:33:35Z	
0.9.0		2025-01-09T16:11:08Z	
0.9.0	shaded	2025-01-09T16:09:47Z	
0.9.0	shaded-sources	2025-01-09T16:10:30Z	
0.9.0	shaded-tests	2025-01-09T16:09:34Z	
0.9.1		2025-01-13T10:51:30Z	
0.9.1	shaded	2025-01-13T10:51:20Z	
0.9.1	shaded-sources	2025-01-13T10:50:15Z	
0.9.1	shaded-tests	2025-01-13T10:51:44Z	
0.9.10		2025-08-27T13:43:32Z	
0.9.10	shaded	2025-08-27T13:43:32Z	
0.9.10	shaded-sources	2025-08-27T13:43:32Z	
0.9.10	shaded-tests	2025-08-27T13:43:32Z	
0.9.11		2025-09-15T05:09:28Z	
0.9.11	shaded	2025-09-15T05:09:28Z	
0.9.11	shaded-sources	2025-09-15T05:09:28Z	
0.9.11	shaded-tests	2025-09-15T05:09:28Z	
0.9.14		2025-12-17T15:30:20Z	
0.9.14	shaded	2025-12-17T15:30:21Z	
0.9.14	shaded-sources	2025-12-17T15:30:21Z	
0.9.14	shaded-tests	2025-12-17T15:30:21Z	
0.9.16		2026-01-09T08:50:10Z	
0.9.16	shaded	2026-01-09T08:50:10Z	
0.9.16	shaded-sources	2026-01-09T08:50:10Z	
0.9.16	shaded-tests	2026-01-09T08:50:10Z	
0.9.2		2025-01-29T20:06:47Z	
0.9.2	shaded	2025-01-29T20:08:28Z	
0.9.2	shaded-sources	2025-01-29T20:05:40Z	
0.9.2	shaded-tests	2025-01-29T20:07:13Z	
0.9.3		2025-02-17T10:52:37Z	
0.9.3	shaded	2025-02-17T10:52:39Z	
0.9.3	shaded-sources	2025-02-17T10:51:48Z	
0.9.3	shaded-tests	2025-02-17T10:53:10Z	
0.9.4		2025-02-17T15:07:52Z	
0.9.4	shaded	2025-02-17T15:06:33Z	
0.9.4	shaded-sources	2025-02-17T15:06:21Z	
0.9.4	shaded-tests	2025-02-17T15:07:45Z	
0.9.5		2025-03-11T09:28:09Z	
0.9.5	shaded	2025-03-11T09:28:37Z	
0.9.5	shaded-sources	2025-03-11T09:28:28Z	
0.9.5	shaded-tests	2025-03-11T09:26:59Z	
0.9.6		2025-05-20T15:38:37Z	
0.9.6	shaded	2025-05-20T15:39:56Z	
0.9.6	shaded-sources	2025-05-20T15:40:19Z	
0.9.6	shaded-tests	2025-05-20T15:38:58Z	
0.9.7		2025-05-28T14:52:18Z	
0.9.7	shaded	2025-05-28T14:51:19Z	
0.9.7	shaded-sources	2025-05-28T14:51:57Z	
0.9.7	shaded-tests	2025-05-28T14:50:41Z	
0.9.8		2025-06-27T07:12:29Z	
0.9.8	shaded	2025-06-27T07:11:21Z	
0.9.8	shaded-sources	2025-06-27T07:12:09Z	
0.9.8	shaded-tests	2025-06-27T07:10:56Z	
0.9.9		2025-08-06T10:58:34Z	
0.9.9	shaded	2025-08-06T10:58:34Z	
0.9.9	shaded-sources	2025-08-06T10:58:34Z	
0.9.9	shaded-tests	2025-08-06T10:58:34Z	
