1.0.0.Final		2020-11-14T03:46:10Z	
1.0.1.Final		2020-11-14T04:26:44Z	
1.0.2.Final		2020-12-11T17:46:46Z	
1.0.3.Final		2021-01-22T21:21:44Z	
2.0.0.Final		2021-03-20T17:47:08Z	
3.0.0.Final		2021-09-04T23:58:33Z	
4.0.0.Final		2021-11-29T01:44:35Z	
4.0.1.Final		2021-12-12T15:32:23Z	
4.0.2.Final		2022-01-30T02:52:38Z	
4.0.3.Final		2022-04-07T03:12:30Z	
4.0.4.Final		2023-07-04T22:09:13Z	
4.0.5.Final		2023-11-10T19:15:42Z	
4.1.0.Final		2025-04-29T13:47:29Z	
4.2.0.Final		2025-06-11T18:45:33Z	
5.0.0.Final		2024-05-29T16:14:57Z	
5.1.0.Final		2025-04-29T16:24:29Z	
5.2.0.Final		2025-06-11T18:45:01Z	
