0.1.0		2020-08-06T01:13:59Z	
0.1.1		2020-09-22T02:03:20Z	
0.1.2		2020-09-22T03:49:27Z	
0.1.3		2020-09-26T00:38:03Z	
0.2.0		2020-09-28T22:14:34Z	
0.2.1		2020-09-28T23:31:19Z	
0.2.10		2021-02-26T02:16:23Z	
0.2.11		2021-07-24T22:29:50Z	
0.2.12		2021-09-11T23:52:03Z	
0.2.2		2020-10-15T21:59:05Z	
0.2.3		2020-10-16T02:03:03Z	
0.2.4		2020-11-04T01:22:57Z	
0.2.5		2020-11-20T02:38:49Z	
0.2.6		2021-01-29T02:29:18Z	
0.2.8		2021-02-25T23:21:14Z	
0.2.9		2021-02-26T00:37:49Z	
0.3.0		2021-09-26T21:49:36Z	
0.3.1		2021-10-29T17:41:21Z	
0.4.0		2021-11-26T23:10:21Z	
0.4.1		2021-12-08T18:18:19Z	
0.4.3		2021-12-19T23:52:44Z	
0.5.0		2021-12-30T00:05:49Z	
0.5.1		2022-01-11T17:43:07Z	
0.6.0		2022-01-11T17:43:34Z	
0.7.0		2022-01-14T02:25:27Z	
