2.6.1		2024-01-14T06:36:50Z	
2.7.0		2025-01-13T09:33:31Z	
2.7.0.1		2025-04-24T11:50:13Z	
2.7.0.2		2025-08-20T02:32:51Z	
2.7.0.3		2025-11-18T06:10:33Z	
2.7.1			
