0.5.0		2021-12-12T00:33:15Z	
