2.0.0-preview-1		2017-06-28T17:04:45Z	
