2.10.24		2019-11-25T20:05:53Z	
2.10.25		2019-11-26T20:27:18Z	
2.10.26		2019-12-02T09:12:29Z	
2.10.27		2019-12-02T23:16:17Z	
2.10.28		2019-12-03T21:07:25Z	
2.10.29		2019-12-04T02:41:44Z	
2.10.30		2019-12-05T02:23:17Z	
2.10.31		2019-12-09T20:51:48Z	
2.10.32		2019-12-10T20:05:17Z	
2.10.33		2019-12-11T20:05:54Z	
2.10.34		2019-12-12T20:07:31Z	
2.10.35		2019-12-13T20:34:53Z	
2.10.36		2019-12-16T19:57:37Z	
2.10.37		2019-12-17T21:02:13Z	
2.10.38		2019-12-18T22:44:58Z	
2.10.39		2019-12-19T20:00:14Z	
2.10.40		2019-12-20T20:13:16Z	
2.10.41		2019-12-23T20:00:39Z	
2.10.42		2020-01-02T20:05:44Z	
2.10.43		2020-01-06T19:57:23Z	
2.10.44		2020-01-07T21:03:13Z	
2.10.45		2020-01-08T20:47:07Z	
2.10.46		2020-01-09T19:59:19Z	
2.10.47		2020-01-10T20:03:08Z	
2.10.48		2020-01-13T20:04:16Z	
2.10.49		2020-01-14T20:03:42Z	
2.10.50		2020-01-15T20:37:11Z	
2.10.51		2020-01-16T22:27:33Z	
2.10.52		2020-01-17T20:07:04Z	
2.10.53		2020-01-20T20:23:12Z	
2.10.54		2020-01-21T20:03:00Z	
2.10.55		2020-01-23T20:05:16Z	
2.10.56		2020-01-24T20:07:26Z	
2.10.57		2020-02-04T20:00:22Z	
2.10.58		2020-02-05T20:06:35Z	
2.10.59		2020-02-06T20:13:55Z	
2.10.60		2020-02-07T21:00:13Z	
2.10.61		2020-02-10T20:13:22Z	
2.10.62		2020-02-11T20:06:48Z	
2.10.63		2020-02-12T20:00:57Z	
2.10.64		2020-02-13T20:09:15Z	
2.10.65		2020-02-14T20:15:15Z	
2.10.66		2020-02-17T20:00:52Z	
2.10.67		2020-02-18T22:08:33Z	
2.10.68		2020-02-19T20:48:39Z	
2.10.69		2020-02-20T20:14:25Z	
2.10.70		2020-02-21T22:21:05Z	
2.10.71		2020-02-24T20:12:08Z	
2.10.72		2020-02-25T20:06:54Z	
2.10.73		2020-02-26T20:06:49Z	
2.10.74		2020-02-27T20:07:17Z	
2.10.75		2020-02-28T20:07:26Z	
2.10.76		2020-02-29T01:31:26Z	
2.10.77		2020-03-02T20:08:31Z	
2.10.78		2020-03-03T20:06:21Z	
2.10.79		2020-03-04T19:59:54Z	
2.10.80		2020-03-05T20:07:30Z	
2.10.81		2020-03-06T20:05:13Z	
2.10.82		2020-03-09T18:58:12Z	
2.10.83		2020-03-10T19:06:18Z	
2.10.84		2020-03-11T19:06:32Z	
2.10.85		2020-03-12T20:34:03Z	
2.10.86		2020-03-13T18:58:40Z	
2.10.87		2020-03-16T19:03:20Z	
2.10.88		2020-03-17T19:09:55Z	
2.10.89		2020-03-18T19:01:27Z	
2.10.90		2020-03-19T18:56:39Z	
2.10.91		2020-03-20T18:57:00Z	
2.11.0		2020-03-23T19:10:50Z	
2.11.1		2020-03-24T19:04:41Z	
2.11.10		2020-04-06T19:01:08Z	
2.11.11		2020-04-07T19:01:27Z	
2.11.12		2020-04-08T19:17:41Z	
2.11.13		2020-04-16T19:06:27Z	
2.11.14		2020-04-17T21:04:43Z	
2.11.2		2020-03-25T19:03:46Z	
2.11.3		2020-03-26T19:00:54Z	
2.11.4		2020-03-27T19:14:43Z	
2.11.5		2020-03-30T19:10:40Z	
2.11.6		2020-03-31T19:12:10Z	
2.11.7		2020-04-01T19:01:57Z	
2.11.8		2020-04-02T19:02:46Z	
2.11.9		2020-04-03T18:58:46Z	
2.12.0		2020-04-20T19:09:15Z	
2.13.0		2020-04-21T19:04:46Z	
2.13.1		2020-04-22T19:00:09Z	
2.13.10		2020-05-05T19:08:37Z	
2.13.11		2020-05-06T19:07:21Z	
2.13.12		2020-05-07T19:04:52Z	
2.13.13		2020-05-08T19:18:30Z	
2.13.14		2020-05-11T19:04:00Z	
2.13.15		2020-05-12T19:03:19Z	
2.13.16		2020-05-13T19:04:07Z	
2.13.17		2020-05-14T20:15:14Z	
2.13.18		2020-05-15T21:03:38Z	
2.13.19		2020-05-18T20:26:21Z	
2.13.2		2020-04-23T19:14:46Z	
2.13.20		2020-05-19T19:12:40Z	
2.13.21		2020-05-20T19:02:34Z	
2.13.22		2020-05-21T19:38:28Z	
2.13.23		2020-05-22T18:56:31Z	
2.13.24		2020-05-26T19:04:09Z	
2.13.25		2020-05-27T19:05:30Z	
2.13.26		2020-05-28T19:40:00Z	
2.13.27		2020-06-01T19:04:43Z	
2.13.28		2020-06-02T19:11:00Z	
2.13.29		2020-06-03T19:01:00Z	
2.13.3		2020-04-24T19:07:14Z	
2.13.30		2020-06-04T19:08:47Z	
2.13.31		2020-06-05T19:05:16Z	
2.13.32		2020-06-08T19:10:19Z	
2.13.33		2020-06-09T19:00:47Z	
2.13.34		2020-06-10T18:59:56Z	
2.13.35		2020-06-11T19:21:42Z	
2.13.36		2020-06-12T19:02:31Z	
2.13.37		2020-06-15T19:08:11Z	
2.13.38		2020-06-16T19:15:32Z	
2.13.39		2020-06-17T19:09:05Z	
2.13.4		2020-04-27T19:00:56Z	
2.13.40		2020-06-18T19:04:04Z	
2.13.41		2020-06-19T19:08:37Z	
2.13.42		2020-06-22T19:04:37Z	
2.13.43		2020-06-23T19:36:10Z	
2.13.44		2020-06-24T19:05:45Z	
2.13.45		2020-06-25T19:36:31Z	
2.13.46		2020-06-26T19:13:54Z	
2.13.47		2020-06-29T19:09:27Z	
2.13.48		2020-06-30T19:06:43Z	
2.13.49		2020-07-01T20:11:08Z	
2.13.5		2020-04-28T19:08:22Z	
2.13.50		2020-07-02T19:00:29Z	
2.13.51		2020-07-06T18:57:51Z	
2.13.52		2020-07-07T19:36:56Z	
2.13.53		2020-07-08T19:01:51Z	
2.13.54		2020-07-09T19:09:14Z	
2.13.55		2020-07-15T19:06:45Z	
2.13.56		2020-07-17T19:02:33Z	
2.13.57		2020-07-20T19:04:59Z	
2.13.58		2020-07-21T18:58:56Z	
2.13.59		2020-07-22T19:03:27Z	
2.13.6		2020-04-29T20:03:26Z	
2.13.60		2020-07-23T20:02:13Z	
2.13.61		2020-07-24T19:00:18Z	
2.13.62		2020-07-27T19:02:46Z	
2.13.63		2020-07-28T19:03:56Z	
2.13.64		2020-07-29T19:13:40Z	
2.13.65		2020-07-30T19:03:09Z	
2.13.66		2020-07-31T19:19:24Z	
2.13.67		2020-08-03T22:02:11Z	
2.13.68		2020-08-04T19:13:47Z	
2.13.69		2020-08-05T19:08:02Z	
2.13.7		2020-04-30T19:06:11Z	
2.13.70		2020-08-06T19:07:08Z	
2.13.71		2020-08-07T23:06:42Z	
2.13.72		2020-08-10T19:01:05Z	
2.13.73		2020-08-11T19:14:23Z	
2.13.74		2020-08-12T20:24:43Z	
2.13.75		2020-08-13T19:08:40Z	
2.13.76		2020-08-14T19:21:20Z	
2.13.8		2020-05-01T19:06:39Z	
2.13.9		2020-05-04T19:04:35Z	
2.14.0		2020-08-17T19:04:48Z	
2.14.1		2020-08-18T19:08:31Z	
2.14.10		2020-09-02T19:04:13Z	
2.14.11		2020-09-03T19:19:43Z	
2.14.12		2020-09-04T19:05:55Z	
2.14.13		2020-09-08T19:01:22Z	
2.14.14		2020-09-09T19:15:42Z	
2.14.15		2020-09-10T19:40:22Z	
2.14.16		2020-09-11T19:00:40Z	
2.14.17		2020-09-14T19:54:24Z	
2.14.18		2020-09-15T19:19:15Z	
2.14.19		2020-09-16T19:36:43Z	
2.14.2		2020-08-19T19:08:00Z	
2.14.20		2020-09-17T19:19:53Z	
2.14.21		2020-09-18T23:14:25Z	
2.14.22		2020-09-21T19:26:27Z	
2.14.23		2020-09-22T19:12:04Z	
2.14.24		2020-09-23T19:44:05Z	
2.14.25		2020-09-24T19:04:14Z	
2.14.26		2020-09-25T19:02:40Z	
2.14.27		2020-09-28T19:02:23Z	
2.14.28		2020-09-29T19:49:14Z	
2.14.3		2020-08-20T20:35:44Z	
2.14.4		2020-08-24T19:37:35Z	
2.14.5		2020-08-26T22:00:50Z	
2.14.6		2020-08-27T19:09:18Z	
2.14.7		2020-08-28T20:25:50Z	
2.14.8		2020-08-31T19:11:30Z	
2.14.9		2020-09-01T19:05:59Z	
2.15.0		2020-09-30T20:00:03Z	
2.15.1		2020-10-01T19:07:33Z	
2.15.10		2020-10-19T19:01:13Z	
2.15.11		2020-10-20T19:20:06Z	
2.15.12		2020-10-21T20:30:25Z	
2.15.13		2020-10-22T18:59:29Z	
2.15.14		2020-10-23T19:28:44Z	
2.15.15		2020-10-26T19:04:41Z	
2.15.16		2020-10-27T19:16:35Z	
2.15.17		2020-10-28T19:07:43Z	
2.15.18		2020-10-29T19:57:38Z	
2.15.19		2020-10-30T18:59:49Z	
2.15.2		2020-10-02T19:09:09Z	
2.15.20		2020-11-02T20:38:04Z	
2.15.21		2020-11-04T21:00:29Z	
2.15.22		2020-11-05T20:16:51Z	
2.15.23		2020-11-06T20:04:36Z	
2.15.24		2020-11-09T18:36:42Z	
2.15.25		2020-11-10T19:59:47Z	
2.15.26		2020-11-11T20:07:26Z	
2.15.27		2020-11-12T20:24:17Z	
2.15.28		2020-11-13T21:14:05Z	
2.15.29		2020-11-16T20:26:26Z	
2.15.3		2020-10-05T19:22:36Z	
2.15.30		2020-11-17T20:01:11Z	
2.15.31		2020-11-18T20:04:28Z	
2.15.32		2020-11-19T20:58:52Z	
2.15.33		2020-11-20T20:55:14Z	
2.15.34		2020-11-23T20:04:26Z	
2.15.35		2020-11-24T20:11:41Z	
2.15.36		2020-12-01T05:19:00Z	
2.15.37		2020-12-02T02:08:31Z	
2.15.38		2020-12-02T03:22:54Z	
2.15.39		2020-12-03T21:29:00Z	
2.15.4		2020-10-06T19:05:26Z	
2.15.40		2020-12-04T23:23:26Z	
2.15.41		2020-12-07T23:28:52Z	
2.15.42		2020-12-08T20:08:41Z	
2.15.43		2020-12-09T20:09:10Z	
2.15.44		2020-12-10T20:25:27Z	
2.15.45		2020-12-11T20:39:41Z	
2.15.46		2020-12-14T21:09:18Z	
2.15.47		2020-12-15T20:30:17Z	
2.15.48		2020-12-16T20:03:01Z	
2.15.49		2020-12-17T20:37:00Z	
2.15.5		2020-10-07T18:59:01Z	
2.15.50		2020-12-18T20:05:26Z	
2.15.51		2020-12-21T20:13:30Z	
2.15.52		2020-12-22T22:36:34Z	
2.15.53		2020-12-23T20:03:27Z	
2.15.54		2020-12-28T20:05:01Z	
2.15.55		2020-12-29T20:10:14Z	
2.15.56		2020-12-30T20:02:44Z	
2.15.57		2020-12-31T20:01:18Z	
2.15.58		2021-01-04T20:22:25Z	
2.15.59		2021-01-05T22:16:16Z	
2.15.6		2020-10-08T19:25:59Z	
2.15.60		2021-01-06T20:07:37Z	
2.15.61		2021-01-07T20:06:22Z	
2.15.62		2021-01-11T21:06:40Z	
2.15.63		2021-01-12T21:39:29Z	
2.15.64		2021-01-13T20:11:51Z	
2.15.65		2021-01-14T20:04:58Z	
2.15.66		2021-01-15T20:16:32Z	
2.15.67		2021-01-19T20:06:38Z	
2.15.68		2021-01-21T20:08:39Z	
2.15.69		2021-01-22T21:05:15Z	
2.15.7		2020-10-09T19:30:39Z	
2.15.70		2021-01-26T20:22:39Z	
2.15.71		2021-01-27T20:08:18Z	
2.15.72		2021-01-28T21:14:34Z	
2.15.73		2021-01-29T20:08:55Z	
2.15.74		2021-02-02T21:36:55Z	
2.15.75		2021-02-03T20:08:29Z	
2.15.76		2021-02-05T02:21:53Z	
2.15.77		2021-02-05T20:13:07Z	
2.15.78		2021-02-08T20:33:09Z	
2.15.79		2021-02-09T20:11:39Z	
2.15.8		2020-10-15T19:05:10Z	
2.15.80		2021-02-11T20:34:19Z	
2.15.81		2021-02-12T20:10:16Z	
2.15.82		2021-02-15T20:19:36Z	
2.15.9		2020-10-16T19:18:31Z	
2.16.0		2021-02-16T20:09:21Z	
2.16.1		2021-02-17T22:37:35Z	
2.16.10		2021-03-02T20:07:47Z	
2.16.100		2021-07-12T19:17:12Z	
2.16.101		2021-07-13T20:04:02Z	
2.16.102		2021-07-14T19:55:40Z	
2.16.103		2021-07-15T19:10:56Z	
2.16.104		2021-07-16T19:10:07Z	
2.16.11		2021-03-03T20:34:15Z	
2.16.12		2021-03-04T20:07:56Z	
2.16.13		2021-03-05T20:48:13Z	
2.16.14		2021-03-08T20:18:49Z	
2.16.15		2021-03-09T20:23:07Z	
2.16.16		2021-03-10T20:28:25Z	
2.16.17		2021-03-11T20:39:57Z	
2.16.18		2021-03-12T20:23:09Z	
2.16.19		2021-03-15T20:01:30Z	
2.16.2		2021-02-18T20:14:28Z	
2.16.20		2021-03-16T19:39:26Z	
2.16.21		2021-03-17T19:39:36Z	
2.16.22		2021-03-18T19:22:41Z	
2.16.23		2021-03-19T21:12:43Z	
2.16.24		2021-03-22T19:07:20Z	
2.16.25		2021-03-23T22:19:25Z	
2.16.26		2021-03-24T19:41:40Z	
2.16.27		2021-03-25T19:39:26Z	
2.16.28		2021-03-26T04:51:10Z	
2.16.29		2021-03-26T19:10:24Z	
2.16.3		2021-02-19T20:11:38Z	
2.16.30		2021-03-29T19:10:46Z	
2.16.31		2021-03-30T19:13:10Z	
2.16.32		2021-03-31T19:07:20Z	
2.16.33		2021-04-01T19:07:23Z	
2.16.34		2021-04-02T19:10:01Z	
2.16.35		2021-04-06T00:47:17Z	
2.16.36		2021-04-06T20:17:14Z	
2.16.37		2021-04-07T19:21:58Z	
2.16.38		2021-04-08T19:23:16Z	
2.16.39		2021-04-09T19:04:33Z	
2.16.4		2021-02-22T20:14:15Z	
2.16.40		2021-04-12T19:11:10Z	
2.16.41		2021-04-13T20:11:22Z	
2.16.42		2021-04-14T19:12:04Z	
2.16.43		2021-04-15T19:07:12Z	
2.16.44		2021-04-19T20:19:42Z	
2.16.45		2021-04-21T19:31:40Z	
2.16.46		2021-04-22T19:27:07Z	
2.16.47		2021-04-23T19:23:29Z	
2.16.48		2021-04-26T20:49:38Z	
2.16.49		2021-04-27T19:28:06Z	
2.16.5		2021-02-23T20:08:36Z	
2.16.50		2021-04-28T19:06:31Z	
2.16.51		2021-04-29T19:08:28Z	
2.16.52		2021-04-30T19:07:59Z	
2.16.53		2021-05-03T19:07:03Z	
2.16.54		2021-05-03T21:59:05Z	
2.16.55		2021-05-04T19:34:05Z	
2.16.56		2021-05-05T03:40:29Z	
2.16.57		2021-05-05T20:33:03Z	
2.16.58		2021-05-06T19:08:14Z	
2.16.59		2021-05-07T19:06:16Z	
2.16.6		2021-02-24T20:36:53Z	
2.16.60		2021-05-10T19:10:40Z	
2.16.61		2021-05-11T19:09:16Z	
2.16.62		2021-05-12T19:08:08Z	
2.16.63		2021-05-14T19:10:50Z	
2.16.64		2021-05-17T19:46:36Z	
2.16.65		2021-05-18T19:47:48Z	
2.16.66		2021-05-19T19:17:57Z	
2.16.67		2021-05-20T19:07:53Z	
2.16.68		2021-05-21T23:25:02Z	
2.16.69		2021-05-24T19:10:13Z	
2.16.7		2021-02-25T21:20:15Z	
2.16.70		2021-05-25T19:07:02Z	
2.16.71		2021-05-26T19:09:45Z	
2.16.72		2021-05-27T02:06:57Z	
2.16.73		2021-05-27T19:06:44Z	
2.16.74		2021-05-28T19:20:00Z	
2.16.75		2021-06-01T19:25:24Z	
2.16.76		2021-06-02T19:08:38Z	
2.16.77		2021-06-03T19:36:31Z	
2.16.78		2021-06-04T19:21:53Z	
2.16.79		2021-06-07T19:13:22Z	
2.16.8		2021-02-26T20:10:46Z	
2.16.80		2021-06-08T21:18:00Z	
2.16.81		2021-06-09T19:19:38Z	
2.16.82		2021-06-10T19:14:51Z	
2.16.83		2021-06-11T19:16:31Z	
2.16.84		2021-06-14T19:31:15Z	
2.16.85		2021-06-15T19:10:16Z	
2.16.86		2021-06-16T19:06:18Z	
2.16.87		2021-06-17T19:44:30Z	
2.16.88		2021-06-21T19:33:10Z	
2.16.89		2021-06-23T19:14:43Z	
2.16.9		2021-03-01T20:13:17Z	
2.16.90		2021-06-24T19:41:18Z	
2.16.91		2021-06-25T19:30:42Z	
2.16.92		2021-06-28T19:08:55Z	
2.16.93		2021-06-30T19:53:51Z	
2.16.94		2021-07-01T19:13:46Z	
2.16.95		2021-07-02T20:33:27Z	
2.16.96		2021-07-06T20:56:59Z	
2.16.97		2021-07-07T19:53:32Z	
2.16.98		2021-07-08T21:15:29Z	
2.16.99		2021-07-09T20:16:04Z	
2.17.0		2021-07-19T20:58:32Z	
2.17.1		2021-07-20T19:13:16Z	
2.17.10		2021-08-02T19:18:44Z	
2.17.100		2021-12-13T21:25:28Z	
2.17.101		2021-12-20T21:12:47Z	
2.17.102		2021-12-21T20:25:14Z	
2.17.103		2022-01-03T22:20:39Z	
2.17.104		2022-01-04T20:47:34Z	
2.17.105		2022-01-05T20:33:08Z	
2.17.106		2022-01-06T20:40:58Z	
2.17.107		2022-01-07T20:21:37Z	
2.17.108		2022-01-10T20:24:51Z	
2.17.109		2022-01-11T20:26:13Z	
2.17.11		2021-08-03T19:20:48Z	
2.17.110		2022-01-12T20:24:37Z	
2.17.111		2022-01-13T20:33:34Z	
2.17.112		2022-01-14T20:38:01Z	
2.17.113		2022-01-18T20:23:30Z	
2.17.114		2022-01-19T20:23:58Z	
2.17.115		2022-01-20T21:12:03Z	
2.17.116		2022-01-22T01:29:07Z	
2.17.117		2022-01-24T20:23:36Z	
2.17.118		2022-01-25T22:02:19Z	
2.17.119		2022-01-26T20:23:19Z	
2.17.12		2021-08-04T19:12:26Z	
2.17.120		2022-01-27T20:25:23Z	
2.17.121		2022-01-28T20:22:01Z	
2.17.122		2022-02-02T20:48:21Z	
2.17.123		2022-02-03T20:28:01Z	
2.17.124		2022-02-04T21:06:24Z	
2.17.125		2022-02-07T20:23:29Z	
2.17.126		2022-02-08T22:26:40Z	
2.17.127		2022-02-09T21:10:39Z	
2.17.128		2022-02-10T20:43:23Z	
2.17.129		2022-02-11T20:23:20Z	
2.17.13		2021-08-05T19:34:01Z	
2.17.130		2022-02-14T20:24:02Z	
2.17.131		2022-02-16T20:27:07Z	
2.17.132		2022-02-17T20:25:19Z	
2.17.133		2022-02-18T20:36:59Z	
2.17.134		2022-02-21T20:22:20Z	
2.17.135		2022-02-22T20:29:10Z	
2.17.136		2022-02-23T20:25:59Z	
2.17.137		2022-02-24T23:19:44Z	
2.17.138		2022-02-25T20:29:41Z	
2.17.139		2022-02-28T20:32:13Z	
2.17.14		2021-08-06T19:15:47Z	
2.17.140		2022-03-01T20:32:42Z	
2.17.141		2022-03-02T21:03:08Z	
2.17.142		2022-03-03T20:35:17Z	
2.17.143		2022-03-04T20:43:19Z	
2.17.144		2022-03-07T21:04:39Z	
2.17.145		2022-03-08T20:33:15Z	
2.17.146		2022-03-09T20:33:18Z	
2.17.147		2022-03-10T20:32:08Z	
2.17.148		2022-03-11T20:28:54Z	
2.17.149		2022-03-14T19:44:19Z	
2.17.15		2021-08-09T19:24:19Z	
2.17.150		2022-03-15T21:42:27Z	
2.17.151		2022-03-16T20:23:04Z	
2.17.152		2022-03-18T19:29:11Z	
2.17.153		2022-03-21T19:34:12Z	
2.17.154		2022-03-22T20:20:07Z	
2.17.155		2022-03-23T19:29:20Z	
2.17.156		2022-03-24T19:30:43Z	
2.17.157		2022-03-25T19:31:42Z	
2.17.158		2022-03-28T19:28:29Z	
2.17.159		2022-03-29T19:43:09Z	
2.17.16		2021-08-10T19:50:47Z	
2.17.160		2022-03-30T19:32:58Z	
2.17.161		2022-03-31T19:36:44Z	
2.17.162		2022-04-01T19:28:43Z	
2.17.163		2022-04-04T19:31:30Z	
2.17.164		2022-04-05T19:28:03Z	
2.17.165		2022-04-06T19:33:11Z	
2.17.166		2022-04-07T20:15:08Z	
2.17.167		2022-04-08T19:28:56Z	
2.17.168		2022-04-11T19:29:09Z	
2.17.169		2022-04-12T20:16:43Z	
2.17.17		2021-08-11T19:13:44Z	
2.17.170		2022-04-13T19:28:33Z	
2.17.171		2022-04-14T19:31:08Z	
2.17.172		2022-04-15T20:22:48Z	
2.17.173		2022-04-19T19:31:46Z	
2.17.174		2022-04-20T19:28:47Z	
2.17.175		2022-04-21T19:41:15Z	
2.17.176		2022-04-22T19:34:33Z	
2.17.177		2022-04-25T19:29:02Z	
2.17.178		2022-04-26T19:32:42Z	
2.17.179		2022-04-27T19:33:37Z	
2.17.18		2021-08-12T19:09:38Z	
2.17.180		2022-04-28T19:38:18Z	
2.17.181		2022-04-29T19:29:19Z	
2.17.182		2022-05-02T19:30:58Z	
2.17.183		2022-05-03T22:36:58Z	
2.17.184		2022-05-04T19:33:57Z	
2.17.185		2022-05-05T19:58:08Z	
2.17.186		2022-05-06T19:35:23Z	
2.17.187		2022-05-09T19:31:58Z	
2.17.188		2022-05-10T19:29:43Z	
2.17.189		2022-05-11T21:30:10Z	
2.17.19		2021-08-13T19:08:46Z	
2.17.190		2022-05-12T19:34:16Z	
2.17.191		2022-05-13T19:33:07Z	
2.17.192		2022-05-16T19:28:47Z	
2.17.193		2022-05-17T19:28:09Z	
2.17.194		2022-05-18T19:28:37Z	
2.17.195		2022-05-19T22:13:40Z	
2.17.196		2022-05-20T19:37:56Z	
2.17.197		2022-05-23T19:31:45Z	
2.17.198		2022-05-24T19:35:27Z	
2.17.199		2022-05-26T15:57:51Z	
2.17.2		2021-07-21T19:14:05Z	
2.17.20		2021-08-16T19:38:59Z	
2.17.201		2022-05-27T19:37:06Z	
2.17.202		2022-05-31T20:07:49Z	
2.17.203		2022-06-01T22:13:21Z	
2.17.204		2022-06-02T19:40:31Z	
2.17.205		2022-06-06T19:55:44Z	
2.17.206		2022-06-07T19:34:22Z	
2.17.207		2022-06-08T21:15:26Z	
2.17.208		2022-06-09T19:39:29Z	
2.17.209		2022-06-10T20:24:26Z	
2.17.21		2021-08-17T19:19:13Z	
2.17.210		2022-06-13T20:32:17Z	
2.17.211		2022-06-14T20:06:01Z	
2.17.212		2022-06-15T21:16:54Z	
2.17.213		2022-06-16T19:47:47Z	
2.17.214		2022-06-17T19:34:43Z	
2.17.215		2022-06-20T19:34:06Z	
2.17.216		2022-06-21T19:31:21Z	
2.17.217		2022-06-22T19:55:40Z	
2.17.218		2022-06-23T19:37:48Z	
2.17.219		2022-06-24T20:04:39Z	
2.17.22		2021-08-18T19:40:27Z	
2.17.220		2022-06-27T19:33:21Z	
2.17.221		2022-06-28T19:30:27Z	
2.17.222		2022-06-29T19:38:19Z	
2.17.223		2022-06-30T19:39:12Z	
2.17.224		2022-07-01T19:50:22Z	
2.17.225		2022-07-05T19:37:50Z	
2.17.226		2022-07-06T19:31:26Z	
2.17.227		2022-07-07T20:25:50Z	
2.17.228		2022-07-08T23:44:19Z	
2.17.229		2022-07-11T21:21:22Z	
2.17.23		2021-08-19T19:11:48Z	
2.17.230		2022-07-12T20:04:47Z	
2.17.231		2022-07-13T22:56:53Z	
2.17.232		2022-07-14T19:45:15Z	
2.17.233		2022-07-15T20:31:45Z	
2.17.234		2022-07-18T23:40:19Z	
2.17.235		2022-07-19T20:09:44Z	
2.17.236		2022-07-20T19:37:44Z	
2.17.237		2022-07-21T19:34:55Z	
2.17.238		2022-07-22T19:45:50Z	
2.17.239		2022-07-25T19:36:23Z	
2.17.24		2021-08-20T19:40:41Z	
2.17.240		2022-07-26T19:34:53Z	
2.17.241		2022-07-27T20:39:15Z	
2.17.242		2022-07-28T19:36:15Z	
2.17.243		2022-07-29T19:33:23Z	
2.17.244		2022-08-01T19:36:26Z	
2.17.245		2022-08-02T20:07:41Z	
2.17.246		2022-08-03T19:37:47Z	
2.17.247		2022-08-04T19:36:26Z	
2.17.248		2022-08-08T19:34:02Z	
2.17.249		2022-08-09T19:41:25Z	
2.17.25		2021-08-23T19:46:52Z	
2.17.250		2022-08-10T19:33:26Z	
2.17.251		2022-08-11T20:49:45Z	
2.17.252		2022-08-12T19:35:00Z	
2.17.253		2022-08-15T19:36:08Z	
2.17.254		2022-08-16T19:33:55Z	
2.17.255		2022-08-17T19:38:44Z	
2.17.256		2022-08-18T19:37:44Z	
2.17.257		2022-08-19T20:07:47Z	
2.17.258		2022-08-22T20:02:47Z	
2.17.259		2022-08-23T20:39:33Z	
2.17.26		2021-08-24T19:15:12Z	
2.17.260		2022-08-24T20:14:04Z	
2.17.261		2022-08-25T19:48:32Z	
2.17.262		2022-08-29T17:04:45Z	
2.17.263		2022-08-29T20:36:16Z	
2.17.264		2022-08-30T23:34:33Z	
2.17.265		2022-08-31T19:42:05Z	
2.17.266		2022-09-01T19:38:20Z	
2.17.267		2022-09-02T21:56:36Z	
2.17.268		2022-09-06T20:00:51Z	
2.17.269		2022-09-07T19:34:50Z	
2.17.27		2021-08-25T19:30:43Z	
2.17.270		2022-09-08T20:09:46Z	
2.17.271		2022-09-09T19:42:06Z	
2.17.272		2022-09-12T19:37:40Z	
2.17.273		2022-09-13T19:33:41Z	
2.17.274		2022-09-14T19:39:45Z	
2.17.275		2022-09-15T20:33:05Z	
2.17.276		2022-09-16T19:37:47Z	
2.17.277		2022-09-19T20:00:23Z	
2.17.278		2022-09-20T19:40:11Z	
2.17.279		2022-09-21T20:57:51Z	
2.17.28		2021-08-26T19:27:14Z	
2.17.280		2022-09-22T19:40:31Z	
2.17.281		2022-09-23T19:38:28Z	
2.17.282		2022-09-26T19:34:15Z	
2.17.283		2022-09-27T19:44:41Z	
2.17.284		2022-09-29T19:39:35Z	
2.17.285		2022-09-30T19:35:42Z	
2.17.286		2022-10-03T19:38:43Z	
2.17.287		2022-10-04T19:39:25Z	
2.17.288		2022-10-05T19:39:54Z	
2.17.289		2022-10-06T19:59:17Z	
2.17.29		2021-08-27T19:54:25Z	
2.17.290		2022-10-07T19:42:02Z	
2.17.291		2022-10-13T19:43:52Z	
2.17.292		2022-10-14T19:40:28Z	
2.17.293		2022-10-17T19:39:57Z	
2.17.294		2022-10-18T19:45:04Z	
2.17.295		2022-10-19T19:55:11Z	
2.17.3		2021-07-22T20:15:46Z	
2.17.30		2021-08-30T19:39:56Z	
2.17.31		2021-08-31T19:37:55Z	
2.17.32		2021-09-01T20:16:38Z	
2.17.33		2021-09-03T00:53:30Z	
2.17.34		2021-09-03T21:15:40Z	
2.17.35		2021-09-07T19:44:59Z	
2.17.36		2021-09-08T22:50:31Z	
2.17.37		2021-09-09T19:22:23Z	
2.17.38		2021-09-10T19:18:31Z	
2.17.39		2021-09-13T19:14:54Z	
2.17.4		2021-07-23T19:25:46Z	
2.17.40		2021-09-14T19:16:25Z	
2.17.41		2021-09-16T20:20:01Z	
2.17.42		2021-09-17T19:14:40Z	
2.17.43		2021-09-21T20:05:52Z	
2.17.44		2021-09-22T19:16:15Z	
2.17.45		2021-09-23T19:21:34Z	
2.17.46		2021-09-24T19:27:51Z	
2.17.47		2021-09-27T19:17:18Z	
2.17.48		2021-09-28T19:18:47Z	
2.17.49		2021-09-29T19:18:56Z	
2.17.5		2021-07-26T19:58:47Z	
2.17.50		2021-09-30T19:23:28Z	
2.17.51		2021-10-01T21:59:59Z	
2.17.52		2021-10-04T19:48:20Z	
2.17.53		2021-10-05T19:17:13Z	
2.17.54		2021-10-06T20:48:17Z	
2.17.55		2021-10-07T21:07:30Z	
2.17.56		2021-10-08T19:31:29Z	
2.17.57		2021-10-11T19:41:32Z	
2.17.58		2021-10-12T19:18:54Z	
2.17.59		2021-10-13T19:25:46Z	
2.17.6		2021-07-27T19:17:48Z	
2.17.60		2021-10-14T19:18:58Z	
2.17.61		2021-10-15T20:50:22Z	
2.17.62		2021-10-18T20:26:19Z	
2.17.63		2021-10-19T19:21:29Z	
2.17.64		2021-10-20T19:17:47Z	
2.17.65		2021-10-21T19:41:37Z	
2.17.66		2021-10-22T19:17:11Z	
2.17.67		2021-10-25T19:22:23Z	
2.17.68		2021-10-26T19:18:38Z	
2.17.69		2021-10-27T19:36:12Z	
2.17.7		2021-07-28T19:17:27Z	
2.17.70		2021-10-28T19:40:28Z	
2.17.71		2021-10-29T20:53:04Z	
2.17.72		2021-11-01T19:39:44Z	
2.17.73		2021-11-02T20:06:28Z	
2.17.74		2021-11-03T20:09:39Z	
2.17.75		2021-11-04T19:55:11Z	
2.17.76		2021-11-05T19:24:48Z	
2.17.77		2021-11-08T20:50:21Z	
2.17.78		2021-11-09T20:42:04Z	
2.17.79		2021-11-10T21:24:21Z	
2.17.8		2021-07-29T19:45:40Z	
2.17.80		2021-11-11T20:18:32Z	
2.17.81		2021-11-12T21:25:36Z	
2.17.82		2021-11-15T21:40:51Z	
2.17.83		2021-11-16T20:37:37Z	
2.17.84		2021-11-17T22:14:31Z	
2.17.85		2021-11-18T21:29:23Z	
2.17.86		2021-11-19T21:03:30Z	
2.17.87		2021-11-22T22:50:23Z	
2.17.88		2021-11-23T20:27:02Z	
2.17.89		2021-11-24T20:28:38Z	
2.17.9		2021-07-30T19:27:23Z	
2.17.90		2021-11-26T20:23:37Z	
2.17.91		2021-11-29T08:17:17Z	
2.17.92		2021-11-30T01:11:02Z	
2.17.93		2021-12-01T00:58:47Z	
2.17.94		2021-12-02T01:00:23Z	
2.17.95		2021-12-02T21:26:43Z	
2.17.96		2021-12-03T20:46:31Z	
2.17.97		2021-12-06T20:23:32Z	
2.17.98		2021-12-08T20:34:43Z	
2.17.99		2021-12-09T20:30:42Z	
2.18.0		2022-10-20T22:55:01Z	
2.18.1		2022-10-21T22:34:50Z	
2.18.10		2022-11-03T19:34:53Z	
2.18.11		2022-11-04T21:25:50Z	
2.18.12		2022-11-07T20:41:54Z	
2.18.13		2022-11-08T20:35:35Z	
2.18.14		2022-11-09T20:48:31Z	
2.18.15		2022-11-10T20:33:25Z	
2.18.16		2022-11-11T21:43:21Z	
2.18.17		2022-11-14T20:50:15Z	
2.18.18		2022-11-15T21:04:25Z	
2.18.19		2022-11-16T20:51:21Z	
2.18.2		2022-10-24T21:13:01Z	
2.18.20		2022-11-17T20:36:50Z	
2.18.21		2022-11-18T21:15:32Z	
2.18.22		2022-11-21T21:03:01Z	
2.18.23		2022-11-22T20:38:05Z	
2.18.24		2022-11-23T20:49:22Z	
2.18.25		2022-11-28T04:23:29Z	
2.18.26		2022-11-29T06:52:13Z	
2.18.27		2022-11-29T20:37:43Z	
2.18.28		2022-11-30T21:19:42Z	
2.18.29		2022-12-01T21:00:14Z	
2.18.3		2022-10-25T20:06:43Z	
2.18.30		2022-12-02T22:02:46Z	
2.18.31		2022-12-05T21:54:46Z	
2.18.32		2022-12-06T22:13:58Z	
2.18.33		2022-12-07T21:29:52Z	
2.18.34		2022-12-08T21:04:45Z	
2.18.35		2022-12-09T21:03:55Z	
2.18.36		2022-12-12T21:07:39Z	
2.18.37		2022-12-13T01:50:53Z	
2.18.38		2022-12-13T21:42:14Z	
2.18.39		2022-12-14T23:16:53Z	
2.18.4		2022-10-26T20:11:57Z	
2.18.40		2022-12-15T22:03:10Z	
2.18.41		2022-12-16T22:38:41Z	
2.18.5		2022-10-27T20:47:52Z	
2.18.6		2022-10-28T20:09:55Z	
2.18.7		2022-10-31T20:14:33Z	
2.18.8		2022-11-01T22:08:19Z	
2.18.9		2022-11-02T20:10:04Z	
2.19.0		2022-12-19T21:05:14Z	
2.19.1		2022-12-20T21:21:07Z	
2.19.10		2023-01-04T21:04:28Z	
2.19.11		2023-01-05T21:05:25Z	
2.19.12		2023-01-06T21:13:20Z	
2.19.13		2023-01-09T21:57:53Z	
2.19.14		2023-01-10T21:03:48Z	
2.19.15		2023-01-11T21:08:32Z	
2.19.16		2023-01-12T21:04:43Z	
2.19.17		2023-01-13T21:09:44Z	
2.19.18		2023-01-17T21:03:11Z	
2.19.19		2023-01-18T22:01:02Z	
2.19.2		2022-12-21T21:57:21Z	
2.19.20		2023-01-19T23:45:01Z	
2.19.21		2023-01-20T21:16:30Z	
2.19.22		2023-01-24T00:17:15Z	
2.19.23		2023-01-24T21:24:41Z	
2.19.24		2023-01-25T21:14:58Z	
2.19.25		2023-01-27T00:56:52Z	
2.19.26		2023-01-27T21:04:13Z	
2.19.27		2023-01-30T21:27:30Z	
2.19.28		2023-01-31T22:04:14Z	
2.19.29		2023-02-01T21:03:17Z	
2.19.3		2022-12-22T21:55:21Z	
2.19.30		2023-02-02T21:24:05Z	
2.19.31		2023-02-03T21:08:15Z	
2.19.32		2023-02-06T21:13:00Z	
2.19.33		2023-02-07T21:52:44Z	
2.19.4		2022-12-23T21:09:14Z	
2.19.5		2022-12-27T22:47:32Z	
2.19.6		2022-12-28T21:13:20Z	
2.19.7		2022-12-29T21:31:00Z	
2.19.8		2022-12-30T21:07:29Z	
2.19.9		2023-01-03T21:05:26Z	
2.20.0		2023-02-08T21:59:53Z	
2.20.1		2023-02-09T21:03:38Z	
2.20.10		2023-02-22T21:43:21Z	
2.20.100		2023-07-06T20:05:14Z	
2.20.101		2023-07-07T20:03:20Z	
2.20.102		2023-07-11T06:29:00Z	
2.20.103		2023-07-13T20:38:52Z	
2.20.104		2023-07-17T20:18:32Z	
2.20.105		2023-07-18T20:56:51Z	
2.20.106		2023-07-19T20:06:29Z	
2.20.107		2023-07-20T04:57:03Z	
2.20.108		2023-07-20T20:45:15Z	
2.20.109		2023-07-21T20:30:22Z	
2.20.11		2023-02-23T21:19:40Z	
2.20.110		2023-07-24T20:20:12Z	
2.20.111		2023-07-25T20:12:47Z	
2.20.112		2023-07-26T20:25:58Z	
2.20.113		2023-07-27T20:11:57Z	
2.20.114		2023-07-28T02:20:04Z	
2.20.115		2023-07-28T20:07:29Z	
2.20.116		2023-07-31T20:13:22Z	
2.20.117		2023-08-01T20:10:10Z	
2.20.118		2023-08-02T20:09:08Z	
2.20.119		2023-08-04T00:30:02Z	
2.20.12		2023-02-24T21:06:52Z	
2.20.120		2023-08-04T20:17:56Z	
2.20.121		2023-08-07T20:08:46Z	
2.20.122		2023-08-08T23:07:06Z	
2.20.123		2023-08-09T20:10:51Z	
2.20.124		2023-08-10T20:14:53Z	
2.20.125		2023-08-11T20:07:28Z	
2.20.126		2023-08-14T20:08:55Z	
2.20.127		2023-08-15T20:57:30Z	
2.20.128		2023-08-16T20:16:01Z	
2.20.129		2023-08-17T22:29:11Z	
2.20.13		2023-02-27T21:12:24Z	
2.20.130		2023-08-18T20:15:40Z	
2.20.131		2023-08-21T20:04:18Z	
2.20.132		2023-08-22T20:09:49Z	
2.20.133		2023-08-23T20:34:13Z	
2.20.134		2023-08-24T20:06:42Z	
2.20.135		2023-08-25T21:11:19Z	
2.20.136		2023-08-28T20:17:28Z	
2.20.137		2023-08-29T20:16:17Z	
2.20.138		2023-08-30T21:03:00Z	
2.20.139		2023-08-31T21:01:57Z	
2.20.14		2023-02-28T21:13:39Z	
2.20.140		2023-09-01T22:38:27Z	
2.20.141		2023-09-05T20:09:32Z	
2.20.142		2023-09-06T20:09:32Z	
2.20.143		2023-09-07T21:36:06Z	
2.20.144		2023-09-08T20:16:40Z	
2.20.145		2023-09-11T20:06:19Z	
2.20.146		2023-09-12T20:12:39Z	
2.20.147		2023-09-13T20:10:05Z	
2.20.148		2023-09-14T20:11:21Z	
2.20.149		2023-09-15T20:42:04Z	
2.20.15		2023-03-01T21:26:51Z	
2.20.150		2023-09-18T20:12:14Z	
2.20.151		2023-09-19T20:40:38Z	
2.20.152		2023-09-20T22:36:33Z	
2.20.153		2023-09-22T21:07:18Z	
2.20.154		2023-09-25T20:08:40Z	
2.20.155		2023-09-26T20:26:10Z	
2.20.156		2023-09-27T20:07:42Z	
2.20.157		2023-09-28T21:26:52Z	
2.20.158		2023-10-03T05:48:18Z	
2.20.159		2023-10-03T20:14:44Z	
2.20.16		2023-03-02T21:12:02Z	
2.20.160		2023-10-04T20:14:50Z	
2.20.161		2023-10-05T20:13:48Z	
2.20.162		2023-10-06T20:57:47Z	
2.20.17		2023-03-03T21:10:52Z	
2.20.18		2023-03-06T21:12:42Z	
2.20.19		2023-03-07T21:14:10Z	
2.20.2		2023-02-10T21:03:47Z	
2.20.20		2023-03-08T21:13:14Z	
2.20.21		2023-03-09T21:12:01Z	
2.20.22		2023-03-10T21:16:44Z	
2.20.23		2023-03-13T20:13:10Z	
2.20.24		2023-03-14T20:22:32Z	
2.20.25		2023-03-15T22:48:08Z	
2.20.26		2023-03-16T20:15:11Z	
2.20.27		2023-03-17T20:14:08Z	
2.20.28		2023-03-20T20:09:59Z	
2.20.29		2023-03-21T20:16:12Z	
2.20.3		2023-02-13T21:01:23Z	
2.20.30		2023-03-22T23:18:36Z	
2.20.31		2023-03-23T20:10:12Z	
2.20.32		2023-03-24T22:01:09Z	
2.20.33		2023-03-27T20:17:41Z	
2.20.34		2023-03-28T20:15:53Z	
2.20.35		2023-03-29T20:15:01Z	
2.20.36		2023-03-30T20:49:16Z	
2.20.37		2023-03-31T20:30:26Z	
2.20.38		2023-04-03T20:09:58Z	
2.20.39		2023-04-04T20:17:31Z	
2.20.4		2023-02-14T21:03:49Z	
2.20.40		2023-04-05T20:13:40Z	
2.20.41		2023-04-06T22:00:20Z	
2.20.42		2023-04-07T20:17:21Z	
2.20.43		2023-04-10T21:10:00Z	
2.20.44		2023-04-11T23:15:51Z	
2.20.45		2023-04-12T20:24:56Z	
2.20.46		2023-04-13T20:13:32Z	
2.20.47		2023-04-14T21:11:31Z	
2.20.48		2023-04-17T20:15:23Z	
2.20.49		2023-04-19T21:38:52Z	
2.20.5		2023-02-15T21:48:34Z	
2.20.50		2023-04-20T21:23:41Z	
2.20.51		2023-04-21T23:04:10Z	
2.20.52		2023-04-24T22:59:54Z	
2.20.53		2023-04-25T21:14:41Z	
2.20.54		2023-04-26T20:17:55Z	
2.20.55		2023-04-27T20:38:23Z	
2.20.56		2023-04-28T20:15:53Z	
2.20.57		2023-05-01T22:58:09Z	
2.20.58		2023-05-02T20:17:21Z	
2.20.59		2023-05-03T20:21:54Z	
2.20.6		2023-02-16T22:41:11Z	
2.20.60		2023-05-04T21:16:12Z	
2.20.61		2023-05-05T21:57:03Z	
2.20.62		2023-05-08T23:18:08Z	
2.20.63		2023-05-09T20:35:27Z	
2.20.64		2023-05-10T20:14:51Z	
2.20.65		2023-05-11T21:20:20Z	
2.20.66		2023-05-15T21:24:20Z	
2.20.67		2023-05-16T20:20:42Z	
2.20.68		2023-05-18T21:42:05Z	
2.20.69		2023-05-19T20:16:35Z	
2.20.7		2023-02-17T21:03:35Z	
2.20.70		2023-05-22T20:15:01Z	
2.20.71		2023-05-23T20:34:08Z	
2.20.72		2023-05-24T20:30:42Z	
2.20.73		2023-05-25T20:34:55Z	
2.20.74		2023-05-26T20:14:00Z	
2.20.75		2023-05-30T20:17:15Z	
2.20.76		2023-05-31T20:15:41Z	
2.20.77		2023-06-01T21:13:08Z	
2.20.78		2023-06-02T20:14:49Z	
2.20.79		2023-06-05T20:14:44Z	
2.20.8		2023-02-20T21:01:25Z	
2.20.80		2023-06-06T20:24:49Z	
2.20.81		2023-06-07T20:25:16Z	
2.20.82		2023-06-08T20:07:28Z	
2.20.83		2023-06-09T20:02:28Z	
2.20.84		2023-06-12T20:10:40Z	
2.20.85		2023-06-13T22:45:05Z	
2.20.86		2023-06-15T20:10:19Z	
2.20.87		2023-06-16T20:42:03Z	
2.20.88		2023-06-19T20:06:22Z	
2.20.89		2023-06-20T22:02:46Z	
2.20.9		2023-02-21T22:10:06Z	
2.20.90		2023-06-21T20:11:11Z	
2.20.91		2023-06-22T20:08:49Z	
2.20.92		2023-06-23T20:02:13Z	
2.20.93		2023-06-26T20:38:45Z	
2.20.94		2023-06-27T20:32:52Z	
2.20.95		2023-06-28T22:21:09Z	
2.20.96		2023-06-29T21:08:39Z	
2.20.97		2023-06-30T20:04:29Z	
2.20.98		2023-07-03T22:09:34Z	
2.20.99		2023-07-05T20:10:41Z	
2.21.0		2023-10-12T20:20:53Z	
2.21.1		2023-10-16T20:13:09Z	
2.21.10		2023-10-27T20:21:23Z	
2.21.11		2023-10-30T20:08:18Z	
2.21.12		2023-10-31T20:21:36Z	
2.21.13		2023-11-01T20:39:33Z	
2.21.14		2023-11-02T20:24:37Z	
2.21.15		2023-11-03T23:12:38Z	
2.21.16		2023-11-06T22:15:38Z	
2.21.17		2023-11-07T21:35:45Z	
2.21.18		2023-11-09T00:29:13Z	
2.21.19		2023-11-09T04:34:50Z	
2.21.2		2023-10-17T20:12:24Z	
2.21.20		2023-11-09T21:23:40Z	
2.21.21		2023-11-10T21:38:33Z	
2.21.22		2023-11-13T21:24:43Z	
2.21.23		2023-11-14T21:27:37Z	
2.21.24		2023-11-15T21:33:48Z	
2.21.25		2023-11-17T06:21:51Z	
2.21.26		2023-11-18T00:13:22Z	
2.21.27		2023-11-20T22:28:13Z	
2.21.28		2023-11-21T23:54:30Z	
2.21.29		2023-11-22T21:49:31Z	
2.21.3		2023-10-19T16:22:52Z	
2.21.30		2023-11-27T06:46:14Z	
2.21.31		2023-11-27T22:18:05Z	
2.21.32		2023-11-28T07:50:25Z	
2.21.33		2023-11-28T21:43:40Z	
2.21.34		2023-11-29T21:09:22Z	
2.21.35		2023-11-30T03:29:16Z	
2.21.36		2023-11-30T21:10:40Z	
2.21.37		2023-12-01T21:26:34Z	
2.21.38		2023-12-04T21:30:15Z	
2.21.39		2023-12-05T21:31:33Z	
2.21.4		2023-10-19T21:59:13Z	
2.21.40		2023-12-06T21:28:00Z	
2.21.41		2023-12-08T01:04:48Z	
2.21.42		2023-12-08T21:34:04Z	
2.21.43		2023-12-11T21:45:39Z	
2.21.44		2023-12-12T22:29:38Z	
2.21.45		2023-12-13T22:05:16Z	
2.21.46		2023-12-14T21:39:36Z	
2.21.5		2023-10-21T02:53:29Z	
2.21.6		2023-10-23T23:14:33Z	
2.21.7		2023-10-24T20:09:46Z	
2.21.8		2023-10-26T00:48:47Z	
2.21.9		2023-10-26T20:13:23Z	
2.22.0		2023-12-15T21:51:05Z	
2.22.1		2023-12-18T21:33:06Z	
2.22.10		2024-01-03T21:39:40Z	
2.22.11		2024-01-04T22:09:06Z	
2.22.12		2024-01-05T21:34:39Z	
2.22.13		2024-01-08T21:32:20Z	
2.22.2		2023-12-19T21:31:57Z	
2.22.3		2023-12-20T21:49:34Z	
2.22.4		2023-12-21T22:20:10Z	
2.22.5		2023-12-22T21:37:02Z	
2.22.6		2023-12-26T21:38:56Z	
2.22.7		2023-12-27T21:33:12Z	
2.22.8		2023-12-28T21:57:24Z	
2.22.9		2023-12-29T21:34:45Z	
2.23.0		2024-01-10T21:28:20Z	
2.23.1		2024-01-11T21:25:27Z	
2.23.10		2024-01-24T21:42:04Z	
2.23.11		2024-01-25T21:43:08Z	
2.23.12		2024-01-26T21:33:58Z	
2.23.13		2024-01-29T21:38:37Z	
2.23.14		2024-01-30T21:33:44Z	
2.23.15		2024-01-31T22:19:00Z	
2.23.16		2024-02-01T21:41:51Z	
2.23.17		2024-02-02T22:41:00Z	
2.23.18		2024-02-05T22:16:17Z	
2.23.19		2024-02-06T21:19:19Z	
2.23.2		2024-01-13T03:17:35Z	
2.23.20		2024-02-07T21:15:46Z	
2.23.21		2024-02-08T21:13:11Z	
2.23.3		2024-01-14T07:48:10Z	
2.23.4		2024-01-16T23:36:16Z	
2.23.5		2024-01-17T21:33:06Z	
2.23.6		2024-01-18T21:41:07Z	
2.23.7		2024-01-19T21:39:55Z	
2.23.8		2024-01-22T21:37:49Z	
2.23.9		2024-01-23T22:59:55Z	
2.24.0		2024-02-09T21:41:41Z	
2.24.1		2024-02-12T21:51:34Z	
2.24.10		2024-02-23T22:13:38Z	
2.24.11		2024-02-27T00:26:52Z	
2.24.12		2024-02-27T21:54:48Z	
2.24.13		2024-02-28T21:24:47Z	
2.24.2		2024-02-13T21:36:44Z	
2.24.3		2024-02-14T21:18:59Z	
2.24.4		2024-02-15T21:19:23Z	
2.24.5		2024-02-16T21:21:23Z	
2.24.6		2024-02-19T21:22:41Z	
2.24.7		2024-02-20T22:00:13Z	
2.24.8		2024-02-22T00:13:33Z	
2.24.9		2024-02-22T21:32:50Z	
2.25.0		2024-02-29T21:16:26Z	
2.25.1		2024-03-01T21:17:24Z	
2.25.10		2024-03-14T20:24:42Z	
2.25.11		2024-03-15T20:33:33Z	
2.25.12		2024-03-18T20:41:57Z	
2.25.13		2024-03-19T20:40:05Z	
2.25.14		2024-03-20T20:38:00Z	
2.25.15		2024-03-21T20:25:50Z	
2.25.16		2024-03-22T20:26:52Z	
2.25.17		2024-03-25T20:32:41Z	
2.25.18		2024-03-26T20:30:48Z	
2.25.19		2024-03-27T20:44:24Z	
2.25.2		2024-03-04T21:21:58Z	
2.25.20		2024-03-28T20:50:00Z	
2.25.21		2024-03-29T20:19:40Z	
2.25.22		2024-04-01T21:05:52Z	
2.25.23		2024-04-02T20:39:14Z	
2.25.24		2024-04-03T20:26:23Z	
2.25.25		2024-04-04T20:29:20Z	
2.25.26		2024-04-05T20:33:29Z	
2.25.27		2024-04-08T20:47:15Z	
2.25.28		2024-04-09T21:01:29Z	
2.25.29		2024-04-10T20:29:36Z	
2.25.3		2024-03-05T21:25:17Z	
2.25.30		2024-04-11T21:25:45Z	
2.25.31		2024-04-12T21:21:43Z	
2.25.32		2024-04-16T20:30:21Z	
2.25.33		2024-04-17T21:21:11Z	
2.25.34		2024-04-18T21:09:18Z	
2.25.35		2024-04-19T20:34:46Z	
2.25.36		2024-04-22T20:24:40Z	
2.25.37		2024-04-23T21:04:26Z	
2.25.38		2024-04-24T20:24:11Z	
2.25.39		2024-04-25T20:23:06Z	
2.25.4		2024-03-06T22:47:58Z	
2.25.40		2024-04-26T20:23:31Z	
2.25.41		2024-04-29T21:42:26Z	
2.25.42		2024-04-30T20:24:40Z	
2.25.43		2024-05-01T20:26:04Z	
2.25.44		2024-05-02T20:42:20Z	
2.25.45		2024-05-03T20:25:48Z	
2.25.46		2024-05-06T20:34:01Z	
2.25.47		2024-05-07T20:30:46Z	
2.25.48		2024-05-08T22:08:55Z	
2.25.49		2024-05-09T21:35:10Z	
2.25.5		2024-03-07T21:27:41Z	
2.25.50		2024-05-10T20:40:01Z	
2.25.51		2024-05-13T20:23:48Z	
2.25.52		2024-05-14T21:35:15Z	
2.25.53		2024-05-15T20:22:53Z	
2.25.54		2024-05-16T20:21:38Z	
2.25.55		2024-05-17T21:17:48Z	
2.25.56		2024-05-20T20:30:52Z	
2.25.57		2024-05-21T20:52:46Z	
2.25.58		2024-05-22T20:25:51Z	
2.25.59		2024-05-23T20:24:56Z	
2.25.6		2024-03-08T23:22:53Z	
2.25.60		2024-05-24T21:01:34Z	
2.25.61		2024-05-28T20:24:11Z	
2.25.62		2024-05-29T20:31:11Z	
2.25.63		2024-05-30T20:26:26Z	
2.25.64		2024-05-31T20:39:54Z	
2.25.65		2024-06-03T21:21:48Z	
2.25.66		2024-06-04T20:27:27Z	
2.25.67		2024-06-05T20:30:00Z	
2.25.68		2024-06-06T20:23:29Z	
2.25.69		2024-06-07T21:08:10Z	
2.25.7		2024-03-11T20:49:10Z	
2.25.70		2024-06-10T20:45:29Z	
2.25.8		2024-03-12T21:01:24Z	
2.25.9		2024-03-13T22:16:44Z	
2.26.0		2024-06-11T21:24:16Z	
2.26.1		2024-06-12T20:35:48Z	
2.26.10		2024-06-26T21:17:12Z	
2.26.11		2024-06-27T20:26:40Z	
2.26.12		2024-06-28T21:28:52Z	
2.26.13		2024-07-01T22:17:37Z	
2.26.14		2024-07-02T20:36:01Z	
2.26.15		2024-07-03T20:50:28Z	
2.26.16		2024-07-05T20:29:28Z	
2.26.17		2024-07-08T20:35:59Z	
2.26.18		2024-07-09T20:33:47Z	
2.26.19		2024-07-10T21:04:27Z	
2.26.2		2024-06-14T19:21:39Z	
2.26.20		2024-07-12T22:11:43Z	
2.26.21		2024-07-18T22:20:53Z	
2.26.22		2024-07-22T20:28:32Z	
2.26.23		2024-07-23T20:32:33Z	
2.26.24		2024-07-24T20:45:31Z	
2.26.25		2024-07-25T21:51:50Z	
2.26.26		2024-07-29T20:20:40Z	
2.26.27		2024-07-30T20:32:00Z	
2.26.28		2024-08-01T20:35:11Z	
2.26.29		2024-08-02T20:29:33Z	
2.26.3		2024-06-14T21:57:48Z	
2.26.30		2024-08-05T20:29:34Z	
2.26.31		2024-08-06T20:23:03Z	
2.26.4		2024-06-17T20:36:57Z	
2.26.5		2024-06-18T20:39:08Z	
2.26.6		2024-06-19T20:31:58Z	
2.26.7		2024-06-20T20:24:53Z	
2.26.8		2024-06-24T23:24:03Z	
2.26.9		2024-06-25T20:38:00Z	
2.27.0		2024-08-07T22:54:17Z	
2.27.1		2024-08-08T23:06:02Z	
2.27.10		2024-08-21T20:44:12Z	
2.27.11		2024-08-22T20:47:25Z	
2.27.12		2024-08-23T21:10:21Z	
2.27.13		2024-08-26T20:27:54Z	
2.27.14		2024-08-27T20:26:07Z	
2.27.15		2024-08-28T20:35:13Z	
2.27.16		2024-08-29T21:47:41Z	
2.27.17		2024-08-30T20:34:09Z	
2.27.18		2024-09-03T20:21:06Z	
2.27.19		2024-09-04T20:24:44Z	
2.27.2		2024-08-09T21:11:48Z	
2.27.20		2024-09-05T20:25:40Z	
2.27.21		2024-09-06T20:25:34Z	
2.27.22		2024-09-09T20:30:00Z	
2.27.23		2024-09-10T22:47:35Z	
2.27.24		2024-09-11T20:37:48Z	
2.27.3		2024-08-12T20:25:50Z	
2.27.4		2024-08-13T20:22:07Z	
2.27.5		2024-08-15T01:40:35Z	
2.27.6		2024-08-15T20:44:53Z	
2.27.7		2024-08-16T20:22:32Z	
2.27.8		2024-08-19T20:28:39Z	
2.27.9		2024-08-20T22:53:41Z	
2.28.0		2024-09-12T20:30:30Z	
2.28.1		2024-09-13T20:30:05Z	
2.28.10		2024-09-26T20:35:37Z	
2.28.11		2024-09-27T21:11:00Z	
2.28.12		2024-09-30T21:30:21Z	
2.28.13		2024-10-01T20:45:07Z	
2.28.14		2024-10-02T20:39:49Z	
2.28.15		2024-10-03T21:10:30Z	
2.28.16		2024-10-04T20:29:20Z	
2.28.17		2024-10-07T20:35:24Z	
2.28.18		2024-10-08T20:25:04Z	
2.28.19		2024-10-09T20:29:54Z	
2.28.2		2024-09-16T20:34:49Z	
2.28.20		2024-10-10T20:30:10Z	
2.28.21		2024-10-11T20:43:11Z	
2.28.22		2024-10-14T20:29:34Z	
2.28.23		2024-10-15T20:29:14Z	
2.28.24		2024-10-16T20:28:04Z	
2.28.25		2024-10-17T20:29:57Z	
2.28.26		2024-10-18T20:27:28Z	
2.28.27		2024-10-21T20:29:46Z	
2.28.28		2024-10-22T21:00:31Z	
2.28.29		2024-10-23T23:56:32Z	
2.28.3		2024-09-17T20:28:29Z	
2.28.4		2024-09-18T20:31:13Z	
2.28.5		2024-09-19T20:25:39Z	
2.28.6		2024-09-20T22:26:36Z	
2.28.7		2024-09-23T22:04:18Z	
2.28.8		2024-09-24T20:28:00Z	
2.28.9		2024-09-25T20:36:39Z	
2.29.0		2024-10-24T20:46:38Z	
2.29.1		2024-10-25T20:39:39Z	
2.29.10		2024-11-11T23:22:52Z	
2.29.11		2024-11-12T21:51:58Z	
2.29.12		2024-11-13T21:41:37Z	
2.29.13		2024-11-14T21:36:52Z	
2.29.14		2024-11-15T04:18:02Z	
2.29.15		2024-11-15T22:01:10Z	
2.29.16		2024-11-18T21:36:03Z	
2.29.17		2024-11-19T23:00:31Z	
2.29.18		2024-11-20T21:27:14Z	
2.29.19		2024-11-21T23:17:46Z	
2.29.2		2024-10-28T20:36:47Z	
2.29.20		2024-11-22T21:36:40Z	
2.29.21		2024-11-25T21:49:24Z	
2.29.22		2024-11-26T21:34:03Z	
2.29.23		2024-11-27T23:16:24Z	
2.29.24		2024-12-02T06:18:09Z	
2.29.25		2024-12-03T08:16:47Z	
2.29.26		2024-12-03T22:27:08Z	
2.29.27		2024-12-04T06:44:47Z	
2.29.28		2024-12-04T21:37:33Z	
2.29.29		2024-12-05T03:51:55Z	
2.29.3		2024-10-29T20:56:52Z	
2.29.30		2024-12-09T21:56:38Z	
2.29.31		2024-12-10T22:06:59Z	
2.29.32		2024-12-12T01:03:03Z	
2.29.33		2024-12-12T21:53:01Z	
2.29.34		2024-12-13T21:44:45Z	
2.29.35		2024-12-16T21:42:13Z	
2.29.36		2024-12-17T21:38:50Z	
2.29.37		2024-12-18T21:31:02Z	
2.29.38		2024-12-19T21:31:51Z	
2.29.39		2024-12-20T21:32:02Z	
2.29.4		2024-10-30T20:29:42Z	
2.29.40		2024-12-23T21:38:55Z	
2.29.41		2024-12-26T21:40:12Z	
2.29.42		2024-12-27T21:39:07Z	
2.29.43		2024-12-28T06:44:38Z	
2.29.44		2025-01-02T22:12:32Z	
2.29.45		2025-01-03T21:39:24Z	
2.29.46		2025-01-06T21:34:34Z	
2.29.47		2025-01-07T21:41:29Z	
2.29.48		2025-01-08T21:38:45Z	
2.29.49		2025-01-09T21:36:02Z	
2.29.5		2024-10-31T20:45:33Z	
2.29.50		2025-01-10T21:26:49Z	
2.29.51		2025-01-13T21:44:01Z	
2.29.52		2025-01-14T21:34:44Z	
2.29.6		2024-11-01T20:40:00Z	
2.29.7		2024-11-07T07:09:23Z	
2.29.8		2024-11-07T23:46:35Z	
2.29.9		2024-11-08T21:53:25Z	
2.30.0		2025-01-15T23:00:40Z	
2.30.1		2025-01-16T21:41:10Z	
2.30.10		2025-01-30T21:50:34Z	
2.30.11		2025-01-31T21:47:25Z	
2.30.12		2025-02-03T22:10:26Z	
2.30.13		2025-02-04T22:21:41Z	
2.30.14		2025-02-05T22:37:44Z	
2.30.15		2025-02-06T21:37:54Z	
2.30.16		2025-02-07T21:44:39Z	
2.30.17		2025-02-11T01:49:53Z	
2.30.18		2025-02-11T22:20:07Z	
2.30.19		2025-02-12T22:16:04Z	
2.30.2		2025-01-17T21:57:46Z	
2.30.20		2025-02-13T22:07:30Z	
2.30.21		2025-02-14T22:08:18Z	
2.30.22		2025-02-18T00:14:23Z	
2.30.23		2025-02-18T21:45:33Z	
2.30.24		2025-02-19T22:35:33Z	
2.30.25		2025-02-20T21:58:15Z	
2.30.26		2025-02-21T22:10:13Z	
2.30.27		2025-02-25T00:03:28Z	
2.30.28		2025-02-25T23:32:37Z	
2.30.29		2025-02-26T22:14:18Z	
2.30.3		2025-01-21T21:37:34Z	
2.30.30		2025-02-27T21:50:53Z	
2.30.31		2025-02-28T22:07:09Z	
2.30.32		2025-03-03T21:48:41Z	
2.30.33		2025-03-04T23:17:55Z	
2.30.34		2025-03-05T23:59:22Z	
2.30.35		2025-03-06T22:16:59Z	
2.30.36		2025-03-07T21:42:12Z	
2.30.37		2025-03-10T20:43:48Z	
2.30.38		2025-03-11T21:19:49Z	
2.30.4		2025-01-22T21:43:20Z	
2.30.5		2025-01-23T23:29:43Z	
2.30.6		2025-01-24T21:39:11Z	
2.30.7		2025-01-27T21:56:22Z	
2.30.8		2025-01-29T16:09:09Z	
2.30.9		2025-01-30T07:44:16Z	
2.31.0		2025-03-13T20:35:29Z	
2.31.1		2025-03-14T20:53:13Z	
2.31.10		2025-03-27T20:45:18Z	
2.31.11		2025-03-28T20:44:47Z	
2.31.12		2025-03-31T21:06:05Z	
2.31.13		2025-04-01T20:52:42Z	
2.31.14		2025-04-02T20:54:02Z	
2.31.15		2025-04-03T20:46:37Z	
2.31.16		2025-04-04T20:57:54Z	
2.31.17		2025-04-07T21:32:37Z	
2.31.18		2025-04-08T21:08:34Z	
2.31.19		2025-04-09T22:04:19Z	
2.31.2		2025-03-17T21:00:43Z	
2.31.20		2025-04-10T20:48:01Z	
2.31.21		2025-04-11T20:43:58Z	
2.31.22		2025-04-14T20:51:38Z	
2.31.23		2025-04-16T21:48:08Z	
2.31.24		2025-04-17T20:38:42Z	
2.31.25		2025-04-18T20:51:31Z	
2.31.26		2025-04-21T20:41:29Z	
2.31.27		2025-04-22T21:00:46Z	
2.31.28		2025-04-23T20:41:06Z	
2.31.29		2025-04-24T21:45:46Z	
2.31.3		2025-03-18T22:19:34Z	
2.31.30		2025-04-25T20:37:13Z	
2.31.31		2025-04-28T20:39:08Z	
2.31.32		2025-04-29T20:40:45Z	
2.31.33		2025-04-30T21:07:23Z	
2.31.34		2025-05-01T20:45:47Z	
2.31.35		2025-05-02T20:42:45Z	
2.31.36		2025-05-05T20:46:29Z	
2.31.37		2025-05-06T20:51:55Z	
2.31.38		2025-05-07T20:46:06Z	
2.31.39		2025-05-08T20:44:20Z	
2.31.4		2025-03-19T21:29:59Z	
2.31.40		2025-05-09T20:45:19Z	
2.31.41		2025-05-12T20:55:06Z	
2.31.42		2025-05-13T20:47:51Z	
2.31.43		2025-05-14T20:51:07Z	
2.31.44		2025-05-15T20:54:44Z	
2.31.45		2025-05-16T20:59:36Z	
2.31.46		2025-05-19T21:09:01Z	
2.31.47		2025-05-20T20:41:59Z	
2.31.48		2025-05-21T20:51:06Z	
2.31.49		2025-05-23T01:05:03Z	
2.31.5		2025-03-20T21:11:20Z	
2.31.50		2025-05-23T21:05:01Z	
2.31.51		2025-05-27T21:04:59Z	
2.31.52		2025-05-28T21:04:37Z	
2.31.53		2025-05-29T21:26:48Z	
2.31.54		2025-05-30T21:11:06Z	
2.31.55		2025-06-02T21:09:04Z	
2.31.56		2025-06-03T21:05:52Z	
2.31.57		2025-06-04T21:01:30Z	
2.31.58		2025-06-05T21:18:19Z	
2.31.59		2025-06-06T21:13:58Z	
2.31.6		2025-03-21T20:55:20Z	
2.31.60		2025-06-09T21:05:25Z	
2.31.61		2025-06-10T21:04:23Z	
2.31.62		2025-06-11T21:06:12Z	
2.31.63		2025-06-12T21:06:40Z	
2.31.64		2025-06-16T21:15:12Z	
2.31.65		2025-06-17T21:07:11Z	
2.31.66		2025-06-18T22:14:29Z	
2.31.67		2025-06-19T20:59:42Z	
2.31.68		2025-06-20T21:04:31Z	
2.31.69		2025-06-23T21:18:11Z	
2.31.7		2025-03-24T20:43:43Z	
2.31.70		2025-06-24T21:14:25Z	
2.31.71		2025-06-25T21:53:18Z	
2.31.72		2025-06-27T03:41:11Z	
2.31.73		2025-06-27T22:00:18Z	
2.31.74		2025-06-30T21:33:29Z	
2.31.75		2025-07-01T21:05:23Z	
2.31.76		2025-07-02T21:08:55Z	
2.31.77		2025-07-03T21:06:40Z	
2.31.78		2025-07-09T21:13:21Z	
2.31.8		2025-03-25T20:41:12Z	
2.31.9		2025-03-26T21:38:50Z	
2.32.0		2025-07-15T21:36:53Z	
2.32.1		2025-07-16T03:46:20Z	
2.32.10		2025-07-28T21:46:55Z	
2.32.11		2025-07-30T02:23:40Z	
2.32.12		2025-07-30T23:41:08Z	
2.32.13		2025-07-31T21:00:06Z	
2.32.14		2025-08-01T21:15:06Z	
2.32.15		2025-08-04T21:10:18Z	
2.32.16		2025-08-05T21:27:55Z	
2.32.17		2025-08-07T20:50:20Z	
2.32.18		2025-08-07T23:52:43Z	
2.32.19		2025-08-08T21:30:52Z	
2.32.2		2025-07-16T18:22:49Z	
2.32.20		2025-08-11T21:00:01Z	
2.32.21		2025-08-12T21:14:35Z	
2.32.22		2025-08-13T21:52:30Z	
2.32.23		2025-08-15T01:23:10Z	
2.32.24		2025-08-15T21:01:08Z	
2.32.25		2025-08-18T21:14:25Z	
2.32.26		2025-08-19T21:50:05Z	
2.32.27		2025-08-20T22:00:14Z	
2.32.28		2025-08-21T21:15:56Z	
2.32.29		2025-08-22T21:23:38Z	
2.32.3		2025-07-17T21:07:28Z	
2.32.30		2025-08-25T22:23:43Z	
2.32.31		2025-08-27T00:19:15Z	
2.32.32		2025-08-27T23:13:04Z	
2.32.33		2025-08-28T21:20:31Z	
2.32.4		2025-07-18T21:10:41Z	
2.32.5		2025-07-21T21:06:33Z	
2.32.6		2025-07-22T21:35:45Z	
2.32.7		2025-07-23T21:07:56Z	
2.32.8		2025-07-25T01:34:46Z	
2.32.9		2025-07-25T21:16:32Z	
2.33.0		2025-08-29T21:07:17Z	
2.33.1		2025-09-02T21:10:22Z	
2.33.10		2025-09-16T00:25:45Z	
2.33.11		2025-09-16T21:32:45Z	
2.33.12		2025-09-18T07:06:45Z	
2.33.13		2025-09-19T01:09:38Z	
2.33.2		2025-09-03T21:18:39Z	
2.33.3		2025-09-04T21:14:59Z	
2.33.4		2025-09-05T22:06:38Z	
2.33.5		2025-09-08T21:48:06Z	
2.33.6		2025-09-10T01:58:29Z	
2.33.7		2025-09-10T21:23:27Z	
2.33.8		2025-09-11T23:14:12Z	
2.33.9		2025-09-12T22:11:16Z	
2.34.0		2025-09-19T21:48:04Z	
2.34.1		2025-09-23T00:07:54Z	
2.34.2		2025-09-23T21:33:28Z	
2.34.3		2025-09-24T21:31:56Z	
2.34.4		2025-09-25T21:29:14Z	
2.34.5		2025-09-26T23:24:58Z	
2.34.6		2025-09-29T21:30:37Z	
2.34.7		2025-09-30T22:05:09Z	
2.34.8		2025-10-01T22:37:40Z	
2.34.9		2025-10-02T22:38:59Z	
2.35.0		2025-10-03T21:49:44Z	
2.35.1		2025-10-06T22:36:07Z	
2.35.10		2025-10-17T21:52:40Z	
2.35.11		2025-10-21T22:48:33Z	
2.35.2		2025-10-07T21:38:05Z	
2.35.3		2025-10-08T21:42:02Z	
2.35.4		2025-10-09T23:11:24Z	
2.35.5		2025-10-10T22:33:34Z	
2.35.6		2025-10-13T21:47:48Z	
2.35.7		2025-10-14T21:45:46Z	
2.35.8		2025-10-15T23:58:04Z	
2.35.9		2025-10-16T23:03:41Z	
2.36.0		2025-10-23T03:47:05Z	
2.36.1		2025-10-23T22:51:53Z	
2.36.2		2025-10-24T23:14:01Z	
2.36.3		2025-10-27T22:09:02Z	
2.37.0		2025-10-29T20:50:11Z	
2.37.1		2025-10-30T01:12:18Z	
2.37.2		2025-10-30T22:10:53Z	
2.37.3		2025-11-01T01:46:35Z	
2.37.4		2025-11-03T23:57:15Z	
2.37.5		2025-11-04T22:51:48Z	
2.38.0		2025-11-05T23:07:10Z	
2.38.1		2025-11-06T23:33:59Z	
2.38.2		2025-11-07T22:59:54Z	
2.38.3		2025-11-11T01:53:21Z	
2.38.4		2025-11-11T23:06:50Z	
2.38.5		2025-11-12T23:15:41Z	
2.38.6		2025-11-14T00:48:58Z	
2.38.7		2025-11-14T23:06:49Z	
2.38.8		2025-11-18T00:04:28Z	
2.38.9		2025-11-19T00:09:16Z	
2.39.0		2025-11-20T00:17:21Z	
2.39.1		2025-11-20T23:38:49Z	
2.39.2		2025-11-21T23:22:43Z	
2.39.3		2025-11-25T00:45:53Z	
2.39.4		2025-11-25T23:13:02Z	
2.39.5		2025-11-26T23:08:55Z	
2.39.6		2025-12-01T06:34:09Z	
2.40.0		2025-12-03T03:13:54Z	
2.40.1		2025-12-03T20:35:59Z	
2.40.10		2025-12-16T23:20:08Z	
2.40.11		2025-12-18T06:08:57Z	
2.40.12		2025-12-18T22:27:43Z	
2.40.13		2025-12-20T02:54:14Z	
2.40.14		2025-12-22T22:48:59Z	
2.40.15		2025-12-23T23:32:44Z	
2.40.16		2025-12-26T22:34:45Z	
2.40.17		2025-12-29T22:33:13Z	
2.40.2		2025-12-04T21:14:19Z	
2.40.3		2025-12-05T23:37:53Z	
2.40.4		2025-12-08T23:25:08Z	
2.40.5		2025-12-09T23:21:18Z	
2.40.6		2025-12-11T00:12:09Z	
2.40.7		2025-12-11T22:33:33Z	
2.40.8		2025-12-12T22:32:53Z	
2.40.9		2025-12-15T23:05:51Z	
2.41.0		2025-12-30T22:32:54Z	
2.41.1		2026-01-02T22:37:31Z	
2.41.10		2026-01-16T22:41:06Z	
2.41.11		2026-01-20T23:17:44Z	
2.41.12		2026-01-21T22:43:05Z	
2.41.13		2026-01-22T22:38:37Z	
2.41.14		2026-01-23T22:44:11Z	
2.41.15		2026-01-26T22:56:46Z	
2.41.16		2026-01-27T22:49:37Z	
2.41.17		2026-01-28T23:30:36Z	
2.41.18		2026-01-29T22:57:58Z	
2.41.19		2026-01-30T22:54:32Z	
2.41.2		2026-01-05T22:33:49Z	
2.41.20		2026-02-02T23:00:24Z	
2.41.21		2026-02-03T22:36:15Z	
2.41.22		2026-02-04T22:19:44Z	
2.41.23		2026-02-05T22:46:12Z	
2.41.24		2026-02-06T22:18:42Z	
2.41.25		2026-02-09T22:48:32Z	
2.41.26		2026-02-10T22:32:39Z	
2.41.27		2026-02-11T22:50:07Z	
2.41.28		2026-02-12T22:20:05Z	
2.41.29		2026-02-14T00:17:26Z	
2.41.3		2026-01-06T22:37:52Z	
2.41.30		2026-02-16T22:27:05Z	
2.41.31		2026-02-17T23:09:29Z	
2.41.32		2026-02-18T22:32:24Z	
2.41.33		2026-02-19T22:28:01Z	
2.41.34		2026-02-20T22:27:48Z	
2.41.4		2026-01-07T22:31:14Z	
2.41.5		2026-01-09T22:39:45Z	
2.41.6		2026-01-12T22:42:06Z	
2.41.7		2026-01-13T22:43:19Z	
2.41.8		2026-01-14T22:44:02Z	
2.41.9		2026-01-15T22:42:31Z	
2.42.0		2026-02-23T22:27:59Z	
2.42.1		2026-02-24T22:30:05Z	
2.42.10		2026-03-10T21:48:33Z	
2.42.11		2026-03-11T22:06:36Z	
2.42.12		2026-03-12T21:43:20Z	
2.42.13		2026-03-13T21:41:36Z	
2.42.14		2026-03-16T21:45:56Z	
2.42.15		2026-03-17T21:39:01Z	
2.42.16		2026-03-18T21:48:25Z	
2.42.17		2026-03-19T23:12:17Z	
2.42.18		2026-03-20T21:59:19Z	
2.42.19		2026-03-23T21:33:37Z	
2.42.2		2026-02-25T22:34:29Z	
2.42.20		2026-03-24T21:43:57Z	
2.42.21		2026-03-25T21:43:42Z	
2.42.22		2026-03-26T22:47:59Z	
2.42.23		2026-03-27T21:44:59Z	
2.42.24		2026-03-30T22:02:01Z	
2.42.25		2026-03-31T22:16:22Z	
2.42.26		2026-04-01T21:50:05Z	
2.42.27		2026-04-02T21:48:16Z	
2.42.28		2026-04-03T21:46:00Z	
2.42.29		2026-04-06T22:05:31Z	
2.42.3		2026-02-26T22:33:20Z	
2.42.30		2026-04-07T22:02:03Z	
2.42.31		2026-04-08T22:14:25Z	
2.42.32		2026-04-09T21:37:36Z	
2.42.33		2026-04-10T21:28:24Z	
2.42.34		2026-04-13T21:32:04Z	
2.42.35		2026-04-16T21:22:08Z	
2.42.36		2026-04-18T01:59:49Z	
2.42.37		2026-04-20T21:34:16Z	
2.42.38		2026-04-22T03:40:03Z	
2.42.39		2026-04-23T01:09:52Z	
2.42.4		2026-02-27T22:29:51Z	
2.42.40		2026-04-24T01:18:19Z	
2.42.41		2026-04-24T21:47:58Z	
2.42.5		2026-03-03T23:26:55Z	
2.42.6		2026-03-04T22:30:48Z	
2.42.7		2026-03-05T23:09:55Z	
2.42.8		2026-03-07T00:51:25Z	
2.42.9		2026-03-09T21:48:52Z	
2.43.0		2026-04-27T22:27:12Z	
2.43.1		2026-04-29T21:17:10Z	
2.43.2		2026-04-30T21:10:01Z	
2.44.0		2026-05-02T01:57:45Z	
2.44.1		2026-05-04T21:19:27Z	
2.44.10		2026-05-20T21:22:34Z	
2.44.11		2026-05-21T23:25:23Z	
2.44.12		2026-05-22T21:21:07Z	
2.44.13		2026-05-26T21:32:04Z	
2.44.14		2026-05-27T21:20:29Z	
2.44.2		2026-05-05T21:48:41Z	
2.44.3		2026-05-06T21:44:28Z	
2.44.4		2026-05-07T21:32:32Z	
2.44.5		2026-05-13T21:23:07Z	
2.44.6		2026-05-14T21:13:42Z	
2.44.7		2026-05-15T21:19:45Z	
2.44.8		2026-05-18T21:27:27Z	
2.44.9		2026-05-19T21:35:40Z	
2.45.0		2026-05-28T21:33:29Z	
2.45.1		2026-05-29T21:29:05Z	
2.46.0		2026-06-01T21:24:29Z	
2.46.1		2026-06-02T21:34:10Z	
2.46.10		2026-06-12T21:27:17Z	
2.46.11		2026-06-15T22:15:10Z	
2.46.12		2026-06-16T23:56:42Z	
2.46.13		2026-06-17T21:00:57Z	
2.46.14		2026-06-18T21:03:49Z	
2.46.15		2026-06-19T21:08:52Z	
2.46.16		2026-06-22T21:48:27Z	
2.46.17		2026-06-23T04:24:55Z	
2.46.18		2026-06-29T21:00:33Z	
2.46.19		2026-06-30T21:17:41Z	
2.46.2		2026-06-03T08:48:27Z	
2.46.20		2026-07-01T21:02:03Z	
2.46.21		2026-07-02T20:55:38Z	
2.46.3		2026-06-03T23:59:37Z	
2.46.4		2026-06-04T21:27:16Z	
2.46.5		2026-06-05T21:15:12Z	
2.46.6		2026-06-08T22:33:37Z	
2.46.7		2026-06-09T21:17:23Z	
2.46.8		2026-06-10T21:17:12Z	
2.46.9		2026-06-11T21:19:24Z	
2.47.0			
2.47.1			
2.47.2			
2.47.3			
2.47.4			
2.47.5			
2.47.6		2026-07-13T21:08:14Z	
2.48.0		2026-07-14T21:08:51Z	
2.48.1		2026-07-15T20:58:23Z	
2.48.2		2026-07-16T21:02:57Z	
2.48.3		2026-07-17T21:07:37Z	
2.48.4		2026-07-20T21:45:19Z	
2.49.0		2026-07-21T21:16:11Z	
2.49.1		2026-07-22T20:59:53Z	
2.49.2		2026-07-23T20:59:19Z	
2.49.3		2026-07-24T21:15:48Z	
2.49.4		2026-07-27T20:59:30Z	
2.49.5		2026-07-28T21:02:09Z	
2.49.6		2026-07-29T21:10:31Z	
2.50.0		2026-07-30T21:05:06Z	
2.50.1		2026-07-31T05:49:01Z	
2.50.2		2026-07-31T21:08:43Z	
2.50.3		2026-08-03T21:29:11Z	
2.51.0		2026-08-04T22:49:56Z	
2.51.1		2026-08-05T21:28:05Z	
2.51.2		2026-08-06T21:19:31Z	
2.51.3		2026-08-07T21:06:47Z	
2.51.4		2026-08-10T20:32:01Z	
2.52.0		2026-08-11T20:38:30Z	
2.52.1		2026-08-12T20:32:18Z	
2.53.0		2026-08-13T20:30:14Z	
2.53.1		2026-08-14T20:36:20Z	
2.53.2		2026-08-17T21:51:36Z	
2.53.3		2026-08-18T20:39:22Z	
2.54.0		2026-08-19T21:04:22Z	
2.54.1		2026-08-20T20:36:02Z	
2.54.10			
2.54.11			
2.54.12			
2.54.13			
2.54.14			
2.54.15			
2.54.16			
2.54.17			
2.54.18			
2.54.19			
2.54.2		2026-08-21T20:48:38Z	
2.54.20			
2.54.3		2026-08-24T20:42:55Z	
2.54.4		2026-08-25T21:49:07Z	
2.54.5		2026-08-26T20:55:04Z	
2.54.6			
2.54.7			
2.54.8			
2.54.9			
2.55.0			
2.55.1			
2.55.10			
2.55.11			
2.55.2			
2.55.3			
2.55.4			
2.55.5			
2.55.6			
2.55.7			
2.55.8			
2.55.9			
