1.2.3		2025-03-20T08:53:00Z	
1.2.4		2025-04-08T21:16:14Z	
1.3.0		2025-05-11T06:26:53Z	
1.3.2		2025-05-10T19:05:54Z	
1.3.3		2025-05-13T23:07:01Z	
1.3.4		2025-04-22T20:27:27Z	
1.3.5		2025-05-05T21:21:48Z	
1.3.6		2025-05-06T04:51:48Z	
1.3.7		2025-05-20T17:19:07Z	
1.3.8		2025-08-14T01:00:31Z	
1.4.0		2026-06-06T09:30:19Z	
1.4.1		2026-06-15T21:06:41Z	
1.4.2		2026-07-01T06:59:36Z	
1.4.3			
1.4.4			
1.4.5			
1.4.6			
1.4.7			
