0.2.0		2022-11-06T10:06:10Z	
0.3.0		2023-01-11T23:27:18Z	
0.3.1		2023-01-30T17:27:53Z	
0.3.2		2023-02-16T17:12:53Z	
0.4.0		2023-03-13T22:40:44Z	
0.4.1		2023-04-21T19:04:00Z	
0.4.3		2025-07-22T13:03:44Z	
0.4.4		2026-04-28T14:16:14Z	
