0.0.1		2021-08-01T14:55:45Z	
