10.0.0		2022-10-26T08:30:34Z	
10.0.1		2022-11-18T12:20:24Z	
10.0.2		2022-11-18T13:30:43Z	
10.1.0		2022-12-06T07:32:52Z	
10.1.1		2022-12-23T07:09:34Z	
3.0.0		2018-01-08T12:14:56Z	
3.1.0		2018-01-19T12:04:18Z	
4.0.0		2018-02-23T14:56:05Z	
4.1.0		2018-03-09T08:58:17Z	
5.0.0		2018-04-23T12:03:24Z	
5.0.1		2018-10-25T09:54:32Z	
5.1.0		2018-11-29T14:12:46Z	
5.2.0		2018-12-12T16:41:12Z	
5.3.0		2019-03-05T12:57:42Z	
6.0.0		2019-04-10T08:14:01Z	
7.0.0		2019-07-25T09:19:30Z	
7.1.0		2019-07-26T08:29:13Z	
7.2.0		2019-11-08T12:57:36Z	
7.3.0		2020-02-15T20:11:23Z	
7.3.1		2020-03-17T11:53:56Z	
7.4.0		2020-04-01T12:35:13Z	
7.4.1		2020-04-09T08:11:21Z	
7.5.0		2020-05-28T11:46:02Z	
7.5.1		2020-06-05T09:37:05Z	
7.6.0		2020-07-06T13:28:57Z	
7.6.1		2020-07-09T07:04:14Z	
7.6.2		2020-08-11T13:06:01Z	
8.0.0		2020-08-12T07:03:11Z	
8.0.1		2020-08-28T07:28:12Z	
8.0.2		2020-09-21T08:01:25Z	
8.0.3		2020-11-30T09:15:05Z	
8.1.0		2020-12-15T14:15:59Z	
8.2.0		2021-03-18T08:06:00Z	
8.2.1		2021-05-06T07:43:15Z	
9.0.0		2021-07-16T13:51:33Z	
9.0.1		2021-08-03T08:15:56Z	
9.1.0		2021-08-09T09:08:17Z	
9.1.1		2021-09-06T09:13:23Z	
9.2.0		2021-11-12T08:56:31Z	
9.2.1		2021-11-30T14:38:38Z	
9.3.0		2022-01-28T10:08:01Z	
9.3.1		2022-01-31T09:14:33Z	
9.4.0		2022-02-17T09:56:23Z	
9.5.0		2022-04-21T13:21:23Z	
9.5.1		2022-04-22T07:32:27Z	
9.5.2		2022-04-29T09:22:48Z	
9.5.3		2022-04-29T11:38:38Z	
9.6.0		2022-06-28T07:04:31Z	
9.6.1		2022-07-19T09:21:36Z	
9.7.0		2022-08-16T07:15:16Z	
9.8.0		2022-09-06T14:03:18Z	
9.9.0		2022-10-26T07:54:26Z	
