0.4.0		2013-10-07T07:27:05Z	
