1.7.0		2019-04-15T06:07:02Z	
1.7.1		2019-05-26T00:26:12Z	
1.7.2		2019-06-24T15:38:31Z	
1.8.0		2019-09-01T23:32:37Z	
