0.5		2018-06-13T10:51:46Z	
0.6		2019-07-02T22:11:17Z	
0.7		2019-08-11T08:52:44Z	
0.9		2020-01-07T21:05:44Z	
