0.0.0-1-640c0683		2020-11-24T13:59:29Z	
0.0.0-1-6a1d3dcc		2020-11-26T16:18:14Z	
0.0.0-1-f5da8eb0		2020-11-30T14:52:15Z	
1.4.1-46-4d3ee37a		2020-06-19T15:53:35Z	
1.4.10		2021-10-21T11:35:31Z	
1.4.10-10-7dffd83b		2021-10-27T10:24:33Z	
1.4.10-12-b94d2345		2021-10-29T09:39:05Z	
1.4.10-14-f51f591b		2021-10-29T14:06:16Z	
1.4.10-16-c483ea30		2021-11-02T09:10:33Z	
1.4.10-18-e2e6ede8		2021-11-02T16:37:02Z	
1.4.10-2-ba9c7f8d		2021-10-21T14:57:04Z	
1.4.10-20-12cca3a6		2021-11-02T18:12:23Z	
1.4.10-4-34cd1617		2021-10-22T08:54:16Z	
1.4.10-6-f1b48952		2021-10-22T10:25:16Z	
1.4.10-8-8d1cbc4f		2021-10-25T12:01:47Z	
1.4.11		2021-11-02T19:09:42Z	
1.4.11-1-01ae12f6		2021-11-25T14:07:25Z	
1.4.11-11-d1e85e0b		2021-12-02T16:53:16Z	
1.4.11-13-95157dbf		2021-12-02T20:00:35Z	
1.4.11-17-f4ef8273		2021-12-03T13:46:30Z	
1.4.11-19-93ebe2c6		2021-12-09T18:59:28Z	
1.4.11-28-dd429fcb		2021-12-22T19:23:34Z	
1.4.11-3-4318252d		2021-11-25T16:51:53Z	
1.4.11-30-75fb3441		2021-12-23T16:29:35Z	
1.4.11-32-df7ed99e		2022-01-03T09:18:55Z	
1.4.11-34-9e5d2075		2022-01-03T10:15:55Z	
1.4.11-36-36888397		2022-01-03T10:25:18Z	
1.4.11-38-053cdea7		2022-01-03T17:08:12Z	
1.4.11-41-810654d1		2022-01-05T11:31:46Z	
1.4.11-45-623bf486		2022-01-10T17:36:30Z	
1.4.11-47-b6175e43		2022-01-11T14:59:32Z	
1.4.11-49-5535314b		2022-01-11T16:19:28Z	
1.4.11-5-c84c34d7		2021-12-02T10:14:19Z	
1.4.11-51-ac1d788a		2022-01-11T18:35:22Z	
1.4.11-53-ee093a60		2022-01-12T11:22:52Z	
1.4.11-7-ffffbb2f		2021-12-02T10:17:33Z	
1.4.11-9-827a32e7		2021-12-02T15:10:18Z	
1.4.12		2022-01-12T12:08:10Z	
1.4.12-10-46c598d0		2022-01-26T15:38:58Z	
1.4.12-14-2cef762b		2022-01-27T10:25:21Z	
1.4.12-16-373bc94e		2022-01-28T18:01:17Z	
1.4.12-18-a8c876fa		2022-02-02T08:05:05Z	
1.4.12-2-2721355b		2022-01-12T13:08:35Z	
1.4.12-20-cc0f72c8		2022-02-11T12:40:07Z	
1.4.12-4-b38916d2		2022-01-13T16:37:16Z	
1.4.12-46-0dc735af		2022-02-11T18:23:37Z	
1.4.12-48-81973d63		2022-02-11T20:28:55Z	
1.4.12-6-1261d1aa		2022-01-14T10:40:30Z	
1.4.12-63-858a5944		2022-02-16T13:28:10Z	
1.4.12-69-12bdc7f9		2022-02-17T17:24:27Z	
1.4.12-8-50cc7dc0		2022-01-17T07:44:12Z	
1.4.13		2022-02-18T08:40:18Z	
1.4.13-12-6d14a532		2022-02-22T09:48:38Z	
1.4.13-14-4b53ae05		2022-02-22T17:50:05Z	
1.4.13-16-15c71fe5		2022-02-23T10:19:48Z	
1.4.13-18-3cc4983b		2022-02-24T13:05:17Z	
1.4.13-2-c3139cab		2022-02-18T11:27:47Z	
1.4.13-20-5ae9868b		2022-02-26T10:10:35Z	
1.4.13-22-3cdfa19f		2022-02-26T18:26:56Z	
1.4.13-39-b0716798		2022-03-01T14:08:44Z	
1.4.13-41-af59e70a		2022-03-02T08:54:00Z	
1.4.13-42-1b6633ae		2022-03-11T10:44:54Z	
1.4.13-43-2580f21c		2022-03-14T12:34:59Z	
1.4.13-45-7848b602		2022-03-15T13:14:55Z	
1.4.13-47-46c03349		2022-03-15T23:01:19Z	
1.4.13-48-a9b3ea59		2022-03-16T12:25:40Z	
1.4.13-50-8332ee9c		2022-03-23T11:32:11Z	
1.4.13-53-823cde49		2022-03-28T11:05:06Z	
1.4.13-55-1fc97fae		2022-03-28T17:12:06Z	
1.4.13-57-5c286956		2022-04-02T15:14:59Z	
1.4.13-58-ebf0cf42		2022-04-05T07:35:22Z	
1.4.13-6-7f377e9b		2022-02-21T08:54:36Z	
1.4.13-62-29904e14		2022-04-07T13:03:29Z	
1.4.13-64-4e5281cb		2022-04-08T08:49:45Z	
1.4.13-66-fa868362		2022-04-08T11:20:50Z	
1.4.13-67-aab21b15		2022-04-09T09:47:44Z	
1.4.13-69-805134a0		2022-04-12T10:30:20Z	
1.4.13-70-d6f16202		2022-04-12T13:11:21Z	
1.4.13-72-bfcb7098		2022-04-14T08:27:56Z	
1.4.13-73-3cdeef0c		2022-04-14T11:47:27Z	
1.4.13-75-f9d1bef5		2022-04-14T16:21:34Z	
1.4.13-76-34e8105f		2022-04-19T08:24:26Z	
1.4.13-78-8397160d		2022-04-21T15:08:26Z	
1.4.13-8-db0eac20		2022-02-21T16:37:52Z	
1.4.2		2020-06-19T16:24:10Z	
1.4.2-10-3e621513		2020-06-26T17:57:25Z	
1.4.2-2-6c269f1d		2020-06-20T11:13:00Z	
1.4.2-4-495000e4		2020-06-24T13:26:20Z	
1.4.2-6-34110ad7		2020-06-25T08:25:10Z	
1.4.2-8-93086c4c		2020-06-25T15:50:01Z	
1.4.3		2020-06-30T20:10:57Z	
1.4.3-1-b96374d7		2020-06-30T22:16:56Z	
1.4.3-11-9b9a9235		2020-07-19T18:19:59Z	
1.4.3-13-f0539edd		2020-07-20T16:40:11Z	
1.4.3-16-cfd142a0		2020-07-20T21:36:57Z	
1.4.3-19-833b1c98		2020-07-21T12:58:44Z	
1.4.3-23-550c6c0a		2020-07-23T13:13:55Z	
1.4.3-25-4423884c		2020-08-25T10:23:49Z	
1.4.3-27-dfdc9971		2020-08-27T15:33:49Z	
1.4.3-29-ec0fb861		2020-09-01T16:40:55Z	
1.4.3-3-2e49bd22		2020-07-15T08:02:43Z	
1.4.3-31-b16d7e50		2020-09-01T16:50:38Z	
1.4.3-5-3c3d8dba		2020-07-19T17:49:17Z	
1.4.3-7-25e572eb		2020-07-19T18:08:54Z	
1.4.3-9-39a19687		2020-07-19T18:08:11Z	
1.4.4		2020-09-01T19:45:48Z	
1.4.4-11-c3c89b40		2020-09-16T08:23:34Z	
1.4.4-13-408f4d80		2020-09-17T08:56:51Z	
1.4.4-15-56a96a99		2020-09-29T20:34:04Z	
1.4.4-17-6e43cbfd		2020-10-01T10:16:49Z	
1.4.4-2-f9fd96b8		2020-09-03T11:34:28Z	
1.4.4-21-dc52d6c0		2020-10-21T10:49:34Z	
1.4.4-23-dbacf644		2020-10-21T15:30:37Z	
1.4.4-25-7e876299		2020-11-01T12:52:50Z	
1.4.4-29-86b60939		2020-11-04T15:17:38Z	
1.4.4-33-02356ea3		2020-11-05T11:20:04Z	
1.4.4-4-0bbd0d92		2020-09-16T08:09:55Z	
1.4.4-9-cc04d903		2020-09-16T08:13:30Z	
1.4.5		2020-11-05T14:56:09Z	
1.4.5-2-eb51d668		2020-11-05T17:30:37Z	
1.4.5-26-58062830		2020-12-01T08:54:07Z	
1.4.5-28-e52cd3ad		2020-12-01T14:11:06Z	
1.4.5-4-07d519dc		2020-11-09T12:20:48Z	
1.4.5-6-4768184c		2020-11-11T12:46:21Z	
1.4.5-8-6cc6911d		2020-11-23T15:01:22Z	
1.4.6		2020-12-03T08:22:28Z	
1.4.6-11-3efac4fe		2020-12-11T09:12:31Z	
1.4.6-13-ea5283b7		2020-12-18T16:50:03Z	
1.4.6-15-209c2a5c		2020-12-18T17:59:06Z	
1.4.6-17-e69a811e		2021-01-01T22:04:20Z	
1.4.6-19-5e1eda5f		2021-01-04T12:09:35Z	
1.4.6-2-c6435935		2020-12-04T07:47:23Z	
1.4.6-21-464e4ec4		2021-01-06T13:19:37Z	
1.4.6-31-5026843c		2021-01-25T16:51:18Z	
1.4.6-33-1c6f6712		2021-01-28T12:28:49Z	
1.4.6-35-09d45cbd		2021-02-01T10:08:39Z	
1.4.6-38-2f6fdcba		2021-02-08T12:09:32Z	
1.4.6-39-13e14ee3		2021-02-10T10:37:19Z	
1.4.6-40-6418e91f		2021-02-12T16:41:13Z	
1.4.6-9-b67aa6af		2020-12-09T07:24:36Z	
1.4.7		2021-02-12T17:35:42Z	
1.4.7-1-3aa2451d		2021-02-18T11:24:12Z	
1.4.7-2-fc71d335		2021-02-18T13:28:56Z	
1.4.8		2021-02-18T14:25:16Z	
1.4.8-1-ed221a26		2021-02-22T11:19:49Z	
1.4.8-100-648b0c7b		2021-08-10T09:46:05Z	
1.4.8-102-f87cac78		2021-08-10T16:34:26Z	
1.4.8-104-0c118455		2021-08-11T17:43:03Z	
1.4.8-106-8722ebfd		2021-08-12T08:49:02Z	
1.4.8-108-08687eb6		2021-08-16T10:00:43Z	
1.4.8-110-3d7bbe2c		2021-08-17T14:32:10Z	
1.4.8-112-64d8184c		2021-08-23T11:37:57Z	
1.4.8-114-e47368ed		2021-08-27T13:10:20Z	
1.4.8-116-8837c896		2021-09-01T18:56:11Z	
1.4.8-118-eb32b8c3		2021-09-02T09:00:13Z	
1.4.8-12-76362d9d		2021-03-08T11:33:10Z	
1.4.8-120-4e5e69a0		2021-09-02T11:31:09Z	
1.4.8-122-794af022		2021-09-03T19:48:59Z	
1.4.8-124-49a6348a		2021-09-06T09:58:44Z	
1.4.8-126-57329401		2021-09-06T10:06:40Z	
1.4.8-128-35ba5298		2021-09-06T10:19:58Z	
1.4.8-130-7f2a72de		2021-09-07T11:43:01Z	
1.4.8-132-d550747e		2021-09-08T10:43:36Z	
1.4.8-134-ec4e1aaf		2021-09-13T13:52:41Z	
1.4.8-136-302de4d6		2021-09-13T17:02:44Z	
1.4.8-138-08b46239		2021-09-14T09:37:24Z	
1.4.8-15-10dc7269		2021-03-11T10:24:34Z	
1.4.8-17-3eab1f80		2021-03-24T13:20:33Z	
1.4.8-19-4d9f966b		2021-04-09T14:26:05Z	
1.4.8-26-cbddb8ba		2021-05-01T06:35:59Z	
1.4.8-34-e9ac3a0d		2021-05-12T20:01:31Z	
1.4.8-39-c44bf129		2021-05-13T12:04:18Z	
1.4.8-41-f599f9bb		2021-05-17T15:20:55Z	
1.4.8-43-c2d941d9		2021-05-25T13:12:47Z	
1.4.8-45-8b51bdd9		2021-06-01T10:33:56Z	
1.4.8-49-bb3c741e		2021-06-16T09:58:22Z	
1.4.8-51-889addb6		2021-06-18T10:25:56Z	
1.4.8-53-d3c20f68		2021-06-18T14:38:31Z	
1.4.8-55-b32fe8c9		2021-06-18T14:48:52Z	
1.4.8-59-f0557e99		2021-06-21T09:18:44Z	
1.4.8-61-1cf97a4a		2021-06-21T10:24:53Z	
1.4.8-63-80fdb462		2021-06-21T12:34:15Z	
1.4.8-65-b1dc4f8c		2021-06-22T09:47:24Z	
1.4.8-67-6ec484db		2021-06-22T10:52:13Z	
1.4.8-69-93b5aa87		2021-06-23T11:01:46Z	
1.4.8-7-339e5306		2021-03-02T09:49:03Z	
1.4.8-71-f979cb5e		2021-06-24T16:53:11Z	
1.4.8-73-ce63e03d		2021-06-29T08:18:43Z	
1.4.8-75-381f435c		2021-07-01T11:07:53Z	
1.4.8-77-4cf80abd		2021-07-02T09:14:55Z	
1.4.8-79-c2a68ac6		2021-07-02T09:24:34Z	
1.4.8-81-e170cd66		2021-07-02T11:03:26Z	
1.4.8-83-27d9d739		2021-07-21T09:12:23Z	
1.4.8-88-a707e8ba		2021-07-27T11:35:28Z	
1.4.8-9-4adea728		2021-03-04T10:54:48Z	
1.4.8-90-77e59d70		2021-07-29T11:36:10Z	
1.4.8-92-ed4fd6c0		2021-07-29T18:46:36Z	
1.4.8-94-1cfdf0bd		2021-08-02T09:00:42Z	
1.4.8-96-baecbec7		2021-08-03T17:19:43Z	
1.4.8-98-e7d4e01e		2021-08-05T17:45:47Z	
1.4.9		2021-09-14T11:31:53Z	
1.4.9-11-d320050b		2021-09-21T08:32:46Z	
1.4.9-14-67e8541e		2021-09-22T10:09:37Z	
1.4.9-16-ce6ffcb1		2021-09-25T20:53:41Z	
1.4.9-18-1ef3bf32		2021-09-29T09:59:28Z	
1.4.9-20-2c23b6ba		2021-09-29T15:31:07Z	
1.4.9-22-2d02726c		2021-10-04T09:13:09Z	
1.4.9-26-24f0bbad		2021-10-04T18:35:23Z	
1.4.9-29-2da26326		2021-10-06T10:41:46Z	
1.4.9-31-1df4194d		2021-10-06T15:31:35Z	
1.4.9-33-c93326ba		2021-10-15T10:49:30Z	
1.4.9-35-c73106fd		2021-10-21T09:39:00Z	
1.4.9-37-00cf8805		2021-10-21T10:36:23Z	
1.4.9-5-657832eb		2021-09-17T16:53:47Z	
1.4.9-7-1d6b3c75		2021-09-18T10:13:46Z	
1.4.9-9-7be9791e		2021-09-20T18:16:42Z	
1.5.0		2022-04-22T08:07:48Z	
1.5.0-10-2d576c18		2022-04-28T07:55:39Z	
1.5.0-12-f9d29d4f		2022-04-28T09:10:03Z	
1.5.0-14-f4caf586		2022-05-05T09:52:59Z	
1.5.0-16-515f9954		2022-05-05T10:06:32Z	
1.5.0-18-003e6c7b		2022-05-10T15:54:20Z	
1.5.0-20-bd0f2179		2022-06-01T10:01:37Z	
1.5.0-22-91111c15		2022-06-01T18:49:10Z	
1.5.0-24-d65d9761		2022-06-20T11:50:28Z	
1.5.0-26-a132042c		2022-06-23T08:34:39Z	
1.5.0-28-2c4ea387		2022-06-27T16:58:45Z	
1.5.0-30-571d4c74		2022-06-28T15:39:59Z	
1.5.0-4-324c6c4c		2022-04-22T09:13:42Z	
1.5.0-5-2a743608		2022-04-22T13:30:29Z	
1.5.0-9-0dbff6a3		2022-04-27T16:31:44Z	
1.5.1		2022-06-29T12:19:14Z	
1.5.1-2-2cb26b01		2022-06-30T12:09:47Z	
1.5.1-4-de121a34		2022-06-30T14:17:31Z	
1.5.2		2022-06-30T15:36:13Z	
1.5.2-10-02877e3b		2022-07-20T10:30:05Z	
1.5.2-11-c1fd321b		2022-07-20T14:06:39Z	
1.5.2-12-a4a940eb		2022-07-26T11:02:16Z	
1.5.2-13-15ded987		2022-07-26T11:57:15Z	
1.5.2-14-4fb685f2		2022-07-28T16:28:24Z	
1.5.2-15-554bc607		2022-07-29T14:10:54Z	
1.5.2-2-6197f550		2022-07-01T12:38:02Z	
1.5.2-3-2b7064d8		2022-07-01T13:46:38Z	
1.5.2-4-68105d96		2022-07-05T09:19:15Z	
1.5.2-5-f309e463		2022-07-06T15:53:57Z	
1.5.2-6-08c81b72		2022-07-11T15:05:05Z	
1.5.2-7-12f8faac		2022-07-13T14:50:41Z	
1.5.2-9-b190bd39		2022-07-15T10:32:00Z	
1.5.3		2022-07-29T15:00:34Z	
1.5.3-10-7ff53684		2022-08-10T16:10:56Z	
1.5.3-12-a0ca82de		2022-08-16T11:11:44Z	
1.5.3-16-8f18368b		2022-08-17T14:14:53Z	
1.5.3-2-117b7e05		2022-08-01T08:32:49Z	
1.5.3-26-ee0b253d		2022-08-17T15:09:16Z	
1.5.3-28-373a64c9		2022-08-18T09:57:37Z	
1.5.3-30-31ba8b4b		2022-08-22T07:09:56Z	
1.5.3-35-c51f8d96		2022-08-25T10:11:00Z	
1.5.3-38-586cfbff		2022-08-30T17:08:47Z	
1.5.3-4-b5cf7cc4		2022-08-01T09:44:46Z	
1.5.3-40-0bd25506		2022-09-01T14:10:59Z	
1.5.3-42-75a0d6ee		2022-09-15T15:56:38Z	
1.5.3-44-03658369		2022-09-28T19:58:05Z	
1.5.3-54-ed1f9c82		2022-10-02T20:16:06Z	
1.5.3-56-8630f73c		2022-10-02T20:17:08Z	
1.5.3-58-678864a0		2022-10-02T20:56:30Z	
1.5.3-6-13310fda		2022-08-03T11:01:31Z	
1.5.3-60-3de5fb9f		2022-10-02T20:56:08Z	
1.5.3-62-2093ddd1		2022-10-02T21:11:18Z	
1.5.3-65-72f9449a		2022-10-02T21:34:33Z	
1.5.3-67-6c91b225		2022-10-03T14:50:19Z	
1.5.3-8-c47dcb02		2022-08-04T09:32:40Z	
1.5.4		2022-10-04T15:42:57Z	
1.5.4-10-10f7f92f		2022-10-21T08:20:53Z	
1.5.4-12-302d8a99		2022-10-21T14:02:02Z	
1.5.4-14-7cb43276		2022-10-24T10:06:37Z	
1.5.4-2-57ff01b1		2022-10-05T12:04:39Z	
1.5.4-20-f7292aac		2022-11-14T21:22:29Z	
1.5.4-22-0e48e709		2022-11-15T08:56:51Z	
1.5.4-26-9544794d		2022-11-15T12:20:34Z	
1.5.4-28-1b0777db		2022-11-21T15:51:45Z	
1.5.4-30-baf73a36		2022-11-21T16:09:21Z	
1.5.4-32-fbc9dd32		2022-11-21T16:12:38Z	
1.5.4-34-c8aceca0		2022-11-21T17:29:08Z	
1.5.4-36-d2f417c6		2022-11-21T19:14:32Z	
1.5.4-38-f8be964d		2022-11-21T19:15:25Z	
1.5.4-4-00074600		2022-10-17T14:52:18Z	
1.5.4-40-51347d01		2022-11-21T20:38:24Z	
1.5.4-42-30d9496f		2022-11-22T10:48:03Z	
1.5.4-45-341800e9		2022-11-22T11:21:33Z	
1.5.4-50-768bd9ba		2022-11-23T12:57:21Z	
1.5.4-52-ae651c7b		2022-11-23T15:01:50Z	
1.5.4-54-cfc03bdc		2022-11-24T09:41:25Z	
1.5.4-56-a91aaeb0		2022-11-25T10:31:17Z	
1.5.4-58-0d75e80b		2022-11-25T10:57:40Z	
1.5.4-60-166b388c		2022-11-25T11:08:54Z	
1.5.4-63-7ed99c07		2022-11-25T15:12:18Z	
1.5.4-65-fde1de63		2022-11-25T15:52:37Z	
1.5.4-67-c910a45b		2022-11-25T18:59:59Z	
1.5.4-69-f1f9368f		2022-11-28T10:33:55Z	
1.5.4-7-4800bcab		2022-10-20T15:19:14Z	
1.5.4-71-c3640ae6		2022-11-28T11:27:46Z	
1.5.4-73-83c69575		2022-11-28T12:03:40Z	
1.5.4-75-39127531		2022-11-28T12:25:21Z	
1.5.4-78-d8126ad2		2022-11-28T16:13:02Z	
1.5.5		2022-11-28T15:54:30Z	
2.0.0		2024-04-22T07:57:12Z	
2.0.1		2024-06-19T12:23:33Z	
2.0.2		2024-06-21T09:35:18Z	
2.0.3		2024-08-06T08:42:56Z	
2.1.0		2024-10-14T07:44:34Z	
2.2.0		2024-12-20T12:58:00Z	
2.3.0		2025-01-13T10:44:31Z	
2.3.1		2025-01-15T10:58:48Z	
2.3.2		2025-02-12T13:36:42Z	
2.3.2-22-c33e34		2025-05-12T15:03:22Z	
2.3.2-24-983f85		2025-05-13T08:41:44Z	
2.3.2-37-e0fbe3		2025-10-01T10:41:21Z	
2.3.3		2025-10-01T12:10:31Z	
2.3.3-10-ce45f9		2026-06-08T11:24:25Z	
2.3.3-14-a28fce		2026-06-08T11:25:26Z	
2.3.3-16-8bff6a		2026-06-09T14:14:28Z	
2.3.3-18-8c642b		2026-06-11T15:05:48Z	
2.3.3-2-da4266		2025-11-03T08:57:55Z	
2.3.3-20-576947		2026-06-22T08:59:48Z	
2.3.3-22-83c024			
2.3.3-24-7f4380		2026-07-20T12:20:58Z	
2.3.3-26-8750b1			
2.3.3-28-9c5aae		2026-08-31T11:35:27Z	
2.3.3-4-ace301		2025-11-24T09:50:55Z	
2.3.3-6-07fa9c		2026-02-09T13:20:43Z	
2.3.3-8-faf9d2		2026-06-08T11:23:14Z	
