4.0.0-alpha-2		2022-10-15T00:08:53Z	
4.0.0-alpha-3		2022-12-12T12:10:07Z	
