2.4.0		2018-10-29T07:58:48Z	
2.4.1		2019-03-27T11:19:19Z	
2.4.2		2019-04-19T01:53:45Z	
2.4.3		2019-05-01T07:56:28Z	
2.4.4		2019-08-27T22:51:02Z	
2.4.5		2020-02-02T21:33:28Z	
2.4.6		2020-05-30T05:15:01Z	
2.4.7		2020-09-08T13:29:29Z	
2.4.8		2021-05-09T20:33:57Z	
3.0.0		2020-06-06T15:02:54Z	
3.0.0-preview		2019-10-31T03:09:33Z	
3.0.0-preview2		2019-12-17T06:18:53Z	
3.0.1		2020-08-28T11:39:03Z	
3.0.2		2021-02-16T07:33:43Z	
3.0.3		2021-06-17T06:46:36Z	
3.1.0		2021-01-05T13:49:53Z	
3.1.1		2021-02-22T03:59:26Z	
3.1.2		2021-05-24T05:49:17Z	
3.1.3		2022-02-14T20:41:01Z	
3.2.0		2021-10-06T15:46:32Z	
3.2.1		2022-01-21T01:42:57Z	
3.2.2		2022-07-11T21:37:13Z	
3.2.3		2022-11-14T21:38:03Z	
3.2.4		2023-04-09T22:54:15Z	
3.3.0		2022-06-09T22:59:48Z	
3.3.1		2022-10-15T15:10:00Z	
3.3.2		2023-02-11T03:21:50Z	
3.3.3		2023-08-05T02:12:54Z	
3.3.4		2023-12-08T21:15:36Z	
3.4.0		2023-04-07T23:19:01Z	
3.4.1		2023-06-20T01:57:46Z	
3.4.2		2023-11-25T10:12:07Z	
3.4.3		2024-04-15T03:44:30Z	
3.4.4		2024-10-21T06:37:32Z	
3.5.0		2023-09-09T08:18:40Z	
3.5.1		2024-02-15T15:53:57Z	
3.5.2		2024-08-06T15:41:58Z	
3.5.3		2024-09-09T08:22:42Z	
3.5.4		2024-12-17T08:39:30Z	
3.5.5		2025-02-23T22:53:02Z	
3.5.6		2025-05-23T09:07:48Z	
3.5.7		2025-09-17T23:08:09Z	
3.5.8		2026-01-12T06:59:27Z	
3.5.9			
