5.1.0.Final		2022-09-14T17:08:23Z	
6.0.0.Beta1		2022-08-09T17:32:45Z	
6.0.0.Beta2		2022-09-28T15:53:50Z	
6.0.0.Final		2022-11-29T16:24:58Z	
6.0.1.Final		2023-01-11T16:16:18Z	
6.0.2.Final		2023-03-09T14:32:29Z	
6.0.3.Final		2023-06-27T03:43:33Z	
6.0.4.Final		2023-09-07T15:19:18Z	
6.1.0.Beta1		2023-10-10T15:43:38Z	
6.1.0.Final		2024-01-24T16:06:50Z	
6.1.1.Final		2024-02-22T11:25:54Z	
6.2.0.Final		2024-06-27T14:37:40Z	
6.3.0.Final		2024-12-12T15:39:11Z	
