3.0.0		2021-08-20T20:34:47Z	
3.0.0	all	2021-08-20T20:34:49Z	
3.0.0-beta02		2021-07-08T08:12:58Z	
3.0.0-beta02	all	2021-07-08T08:12:58Z	
3.0.0-beta03		2021-07-17T12:04:47Z	
3.0.0-beta03	all	2021-07-17T12:04:51Z	
3.0.0-beta04		2021-07-31T01:11:59Z	
3.0.0-beta04	all	2021-07-31T01:11:59Z	
3.0.0-beta05		2021-08-01T15:49:35Z	
3.0.0-beta05	all	2021-08-01T15:49:39Z	
3.0.0-beta06		2021-08-01T16:33:28Z	
3.0.0-beta06	all	2021-08-01T16:33:29Z	
3.0.0-rc01		2021-08-01T19:27:15Z	
3.0.0-rc01	all	2021-08-01T19:27:18Z	
3.0.0-rc02		2021-08-03T17:40:45Z	
3.0.0-rc02	all	2021-08-03T17:40:45Z	
3.0.0-rc03		2021-08-06T09:59:50Z	
3.0.0-rc03	all	2021-08-06T09:59:50Z	
