2.3.0		2026-03-16T19:37:00Z	
