23.11.0	com.manorrock.hummingbird	hummingbird-azure-files	23.11.0
