1.0.0		2025-04-25T03:47:53Z	
1.0.1		2025-04-27T02:53:10Z	
1.0.2		2025-05-06T01:44:50Z	
1.0.3		2025-05-28T01:37:39Z	
1.0.4		2025-06-06T06:32:06Z	
