0.12.0	named	io.github.cameleogrey	greycos-solver-migration
0.11.15	named	io.github.cameleogrey	greycos-solver-migration
