10.6.45		2025-01-29T17:09:39Z	
10.6.47		2025-01-31T10:40:45Z	
10.6.48		2025-02-04T10:24:18Z	
10.6.50		2025-02-06T11:01:08Z	
11.1.0		2025-02-22T20:28:52Z	
11.1.1		2025-02-22T21:39:08Z	
11.11.0		2025-03-21T11:36:49Z	
11.12.0		2025-03-24T09:22:07Z	
11.13.0		2025-03-25T12:58:32Z	
11.14.0		2025-03-25T16:06:28Z	
11.15.0		2025-03-26T09:52:45Z	
11.16.0		2025-03-31T06:30:43Z	
11.17.0		2025-03-31T12:37:53Z	
11.18.0		2025-03-31T14:32:04Z	
11.19.0		2025-04-02T08:02:50Z	
11.2.0		2025-02-25T12:46:20Z	
11.2.1		2025-02-26T12:16:54Z	
11.2.3		2025-02-28T08:16:29Z	
11.2.4		2025-02-28T16:53:34Z	
11.2.5		2025-02-28T18:31:48Z	
11.2.6		2025-03-01T17:12:26Z	
11.20.0		2025-04-02T15:18:22Z	
11.22.0		2025-04-07T07:54:07Z	
11.23.0		2025-04-07T17:01:17Z	
11.24.0		2025-04-11T07:28:55Z	
11.25.0		2025-04-12T08:18:08Z	
11.26.0		2025-04-14T06:59:03Z	
11.27.0		2025-04-14T07:46:55Z	
11.28.0		2025-04-16T10:24:52Z	
11.29.0		2025-04-21T19:03:30Z	
11.3.0		2025-03-05T19:10:19Z	
11.30.0		2025-04-22T16:08:27Z	
11.31.0		2025-04-22T16:12:33Z	
11.32.0		2025-04-23T12:58:47Z	
11.33.0		2025-04-23T16:06:02Z	
11.34.0		2025-04-23T16:41:53Z	
11.34.1		2025-04-23T17:45:10Z	
11.35.0		2025-04-24T08:43:07Z	
11.37.0		2025-04-25T06:46:33Z	
11.38.0		2025-04-25T14:20:38Z	
11.39.0		2025-04-25T16:32:16Z	
11.4.1		2025-03-06T16:10:36Z	
11.40.0		2025-04-28T11:05:51Z	
11.41.1		2025-04-29T05:06:16Z	
11.42.0		2025-04-29T14:56:44Z	
11.43.0		2025-04-30T08:53:30Z	
11.44.0		2025-04-30T15:05:13Z	
11.45.0		2025-05-02T12:16:45Z	
11.45.1		2025-05-02T14:54:03Z	
11.45.10		2025-05-08T12:44:47Z	
11.45.11		2025-05-10T05:45:58Z	
11.45.12		2025-05-12T09:36:38Z	
11.45.13		2025-05-13T12:46:22Z	
11.45.3		2025-05-03T06:17:43Z	
11.45.4		2025-05-05T10:36:29Z	
11.45.5		2025-05-05T12:33:34Z	
11.45.6		2025-05-05T16:38:02Z	
11.45.7		2025-05-05T17:08:40Z	
11.45.8		2025-05-07T08:10:32Z	
11.45.9		2025-05-08T11:10:29Z	
11.46.0		2025-05-18T15:07:42Z	
11.47.0		2025-05-28T12:22:32Z	
11.47.4		2025-05-29T12:53:55Z	
11.47.7		2025-05-30T13:22:20Z	
11.48.0		2025-06-02T10:33:31Z	
11.48.2		2025-06-03T12:38:07Z	
11.49.0		2025-06-04T08:56:05Z	
11.5.0		2025-03-06T16:50:33Z	
11.51.0		2025-06-04T19:27:53Z	
11.53.0		2025-06-05T13:49:21Z	
11.54.0		2025-06-06T14:24:16Z	
11.55.0		2025-06-10T17:15:54Z	
11.58.0		2025-06-16T12:31:18Z	
11.59.0		2025-06-20T13:11:22Z	
11.6.0		2025-03-06T22:05:11Z	
11.6.1		2025-03-11T08:32:08Z	
11.60.0		2025-06-20T17:14:00Z	
11.61.0		2025-06-26T09:36:33Z	
11.62.0		2025-06-27T10:10:42Z	
11.66.0		2025-07-03T09:21:53Z	
11.67.0		2025-07-07T20:10:15Z	
11.7.0		2025-03-13T08:38:17Z	
11.8.0		2025-03-18T08:26:21Z	
11.9.0		2025-03-20T08:36:54Z	
12.0.0		2025-07-11T12:37:55Z	
12.1.0		2025-07-17T11:55:42Z	
12.10.0		2025-08-12T14:38:41Z	
12.11.0		2025-08-19T13:54:33Z	
12.11.1		2025-08-21T14:14:17Z	
12.12.0		2025-08-22T09:30:11Z	
12.13.0		2025-08-26T15:16:48Z	
12.14.0		2025-08-28T13:44:47Z	
12.15.0		2025-09-19T09:24:40Z	
12.16.0		2025-09-19T11:38:26Z	
12.17.0		2025-09-19T12:36:09Z	
12.18.0		2025-09-23T08:47:01Z	
12.19.0		2025-10-04T13:09:59Z	
12.2.0		2025-07-23T12:06:56Z	
12.2.1		2025-07-24T09:04:07Z	
12.20.0		2025-10-05T22:26:46Z	
12.21.0		2025-10-07T15:30:32Z	
12.22.0		2025-10-10T15:37:16Z	
12.23.0		2025-10-16T11:34:36Z	
12.24.0		2025-10-17T04:22:33Z	
12.28.0		2025-10-20T10:29:49Z	
12.29.0		2025-10-20T11:58:14Z	
12.3.0		2025-07-30T12:27:11Z	
12.30.0		2025-10-20T12:57:08Z	
12.31.0		2025-10-21T20:45:36Z	
12.32.0		2025-10-29T12:23:35Z	
12.33.0		2025-10-29T21:15:28Z	
12.35.0		2025-10-31T09:28:30Z	
12.36.0		2025-10-31T18:27:00Z	
12.4.0		2025-08-04T14:40:17Z	
12.4.1		2025-08-05T15:31:47Z	
12.40.0		2025-11-06T15:01:33Z	
12.41.0		2025-11-06T15:41:06Z	
12.42.0		2025-11-12T15:40:30Z	
12.43.0		2025-11-14T11:55:01Z	
12.44.0		2025-11-14T12:41:11Z	
12.45.0		2025-11-16T16:02:34Z	
12.46.0		2025-11-18T10:21:52Z	
12.47.0		2025-11-21T16:17:02Z	
12.48.0		2025-12-04T22:23:46Z	
12.49.0		2025-12-10T10:32:50Z	
12.5.0		2025-08-06T10:16:37Z	
12.50.0		2025-12-11T16:30:34Z	
12.51.0		2025-12-12T10:24:01Z	
12.52.0		2025-12-12T14:52:11Z	
12.53.0		2025-12-16T11:44:10Z	
12.53.1		2025-12-16T15:30:15Z	
12.53.2		2025-12-17T11:42:59Z	
12.54.0		2025-12-17T18:27:48Z	
12.55.0		2025-12-18T11:53:58Z	
12.55.1		2025-12-18T14:04:31Z	
12.56.0		2026-01-05T17:05:34Z	
12.57.0		2026-01-15T17:08:58Z	
12.58.0		2026-01-17T16:22:51Z	
12.59.0		2026-01-19T09:23:27Z	
12.6.0		2025-08-07T10:20:23Z	
12.60.0		2026-01-21T12:06:12Z	
12.61.0		2026-01-21T15:18:40Z	
12.62.0		2026-01-23T13:09:34Z	
12.63.0		2026-01-26T07:57:37Z	
12.64.0		2026-01-27T10:06:03Z	
12.65.0		2026-01-28T09:31:40Z	
12.66.0		2026-01-28T19:36:20Z	
12.67.0		2026-01-29T11:24:37Z	
12.68.0		2026-02-06T11:38:01Z	
12.69.0		2026-02-19T11:14:35Z	
12.7.0		2025-08-07T21:19:45Z	
12.70.0		2026-03-05T15:45:06Z	
12.71.0		2026-03-06T21:48:49Z	
12.72.0		2026-03-08T17:23:13Z	
12.73.0		2026-03-09T06:54:56Z	
12.74.0		2026-03-11T15:49:34Z	
12.75.0		2026-03-16T09:08:26Z	
12.76.0		2026-03-17T17:36:11Z	
12.77.0		2026-03-19T12:58:24Z	
12.78.0		2026-03-20T17:28:19Z	
12.79.0		2026-03-25T20:09:58Z	
12.8.0		2025-08-07T22:28:51Z	
12.80.0		2026-03-26T12:04:42Z	
12.81.0		2026-03-30T09:28:12Z	
12.82.0		2026-04-01T10:52:13Z	
12.83.0		2026-04-02T06:58:55Z	
12.85.0		2026-04-03T10:19:25Z	
12.86.0		2026-04-06T21:34:49Z	
12.87.0		2026-04-07T15:50:13Z	
12.88.0		2026-04-09T11:48:25Z	
12.89.0		2026-04-21T17:01:57Z	
12.9.0		2025-08-12T09:53:43Z	
12.90.0		2026-04-25T05:42:41Z	
12.91.0		2026-05-11T13:21:03Z	
12.94.0		2026-06-01T07:41:29Z	
12.95.0		2026-06-04T11:37:21Z	
13.0.0		2026-06-04T21:40:36Z	
13.1.0		2026-06-05T12:01:27Z	
13.10.0		2026-06-22T17:36:58Z	
13.11.0		2026-06-25T17:36:11Z	
13.12.0		2026-06-30T19:45:44Z	
13.13.0		2026-07-01T12:14:29Z	
13.14.0			
13.15.0			
13.17.0			
13.18.0			
13.19.0			
13.2.0		2026-06-05T19:45:43Z	
13.4.0		2026-06-11T15:10:07Z	
13.5.0		2026-06-11T19:02:19Z	
13.6.0		2026-06-16T11:03:17Z	
13.7.0		2026-06-19T11:42:32Z	
13.8.0		2026-06-21T06:41:51Z	
13.9.0		2026-06-22T15:13:27Z	
14.0.0			
14.1.0			
14.1.1			
14.10.0			
14.11.0			
14.12.0		2026-08-04T15:39:12Z	
14.13.0		2026-08-04T17:55:02Z	
14.14.0		2026-08-05T14:00:40Z	
14.15.0		2026-08-07T10:08:03Z	
14.16.0		2026-08-07T19:44:52Z	
14.17.0		2026-08-08T04:20:24Z	
14.18.0		2026-08-08T06:49:49Z	
14.19.0		2026-08-09T15:03:45Z	
14.2.0			
14.20.0		2026-08-10T13:42:19Z	
14.21.0		2026-08-10T14:16:24Z	
14.22.0		2026-08-11T07:46:12Z	
14.23.0		2026-08-11T19:45:46Z	
14.24.0		2026-08-12T07:38:17Z	
14.25.0		2026-08-13T12:34:49Z	
14.26.0		2026-08-13T17:49:43Z	
14.27.0		2026-08-16T07:03:01Z	
14.28.0		2026-08-16T11:26:14Z	
14.29.0		2026-08-18T09:29:55Z	
14.3.0			
14.30.0		2026-08-19T05:42:52Z	
14.31.0		2026-08-20T16:33:47Z	
14.32.0		2026-08-21T19:54:07Z	
14.33.0		2026-08-22T08:00:38Z	
14.34.0		2026-08-24T19:31:06Z	
14.35.0		2026-08-25T11:21:01Z	
14.36.0		2026-08-27T07:54:51Z	
14.37.0		2026-08-27T17:03:43Z	
14.38.0		2026-08-27T17:45:19Z	
14.39.0		2026-08-28T06:50:47Z	
14.4.0			
14.40.0			
14.41.0			
14.42.0			
14.43.0			
14.44.0			
14.45.0			
14.46.0			
14.47.0			
14.48.0			
14.49.0			
14.5.0			
14.50.0			
14.51.0			
14.52.0			
14.53.0			
14.54.0			
14.55.0			
14.56.0			
14.57.0			
14.58.0			
14.59.0			
14.6.0			
14.60.0			
14.61.0			
14.62.0			
14.63.0			
14.64.0			
14.65.0			
14.66.0			
14.67.0			
14.68.0			
14.69.0			
14.70.0			
14.71.0			
14.72.0			
14.73.0			
14.74.0			
14.8.0			
14.9.0			
