1.0.0	automatic	io.github.lemon-ant	glob-path-finder	2026-04-21T16:50:41Z	
1.1.0	automatic	io.github.lemon-ant	glob-path-finder	2026-05-06T16:00:43Z	
