2.4.2		2026-03-24T20:38:38Z	
2.4.3		2026-03-25T09:10:41Z	
