0.0.1		2020-09-03T11:49:54Z	
0.0.3		2020-09-15T11:49:24Z	
