2.0.0		2011-09-21T13:59:58Z	
2.0.1		2011-09-24T12:59:07Z	
2.0.2		2011-10-03T15:51:51Z	
2.0.3		2011-10-05T07:11:26Z	
2.0.4		2011-10-19T06:31:43Z	
2.1.0		2011-10-21T07:44:37Z	
2.1.1		2011-10-24T15:15:21Z	
2.1.2		2011-11-17T11:36:53Z	
2.2.0		2011-11-17T16:49:22Z	
2.2.1		2011-11-30T11:39:06Z	
2.2.2		2011-12-29T10:27:51Z	
2.3.0		2012-01-01T16:30:39Z	
2.3.1		2012-01-02T14:37:03Z	
2.3.2		2012-01-05T08:58:02Z	
2.4.0		2012-01-08T16:30:16Z	
2.4.1		2012-01-17T08:21:39Z	
2.4.2		2012-03-08T12:44:05Z	
2.4.3		2012-03-29T15:50:11Z	
2.4.4		2012-04-11T03:14:55Z	
2.4.5		2012-04-29T16:53:13Z	
2.5.0		2012-05-03T04:22:29Z	
2.5.1		2012-07-11T08:41:21Z	
3.0.0.M1		2014-05-29T14:48:34Z	
3.0.0.M2		2014-10-10T18:03:57Z	
