1.0		2022-08-10T02:13:34Z	
