1.10.0		2018-09-10T12:48:52Z	
1.8.0		2016-06-21T22:31:11Z	
1.9.0		2017-12-23T01:32:42Z	
1.9.1		2018-04-05T05:11:58Z	
1.9.2		2018-05-23T11:34:37Z	
1.9.3		2018-07-28T00:51:12Z	
