4.0.3		2014-03-22T07:22:38Z	
4.0.4		2014-03-31T05:51:26Z	
4.1.0		2014-10-27T06:37:39Z	
4.1.1		2014-11-09T14:38:04Z	
4.1.10		2015-03-01T09:09:18Z	
4.1.2		2014-11-24T12:38:11Z	
4.1.3		2014-11-25T14:18:01Z	
4.1.4		2014-11-27T14:23:29Z	
4.1.5		2014-12-07T13:12:22Z	
4.1.6		2014-12-08T05:00:14Z	
4.1.7		2014-12-21T08:24:57Z	
4.1.8		2014-12-30T02:41:29Z	
4.1.9		2015-03-01T08:42:51Z	
4.2.1		2015-04-08T08:19:39Z	
4.2.2		2015-06-01T14:20:00Z	
