4.0.0		2026-08-29T06:50:58Z	
4.0.0-rc02		2026-06-14T10:10:01Z	
4.0.0-rc03		2026-06-29T11:55:08Z	
