0.1.0		2015-12-21T22:00:26Z	
