3.4.0		2025-01-06T08:47:02Z	
3.4.1		2025-01-07T05:44:33Z	
3.4.1-M1		2025-01-07T09:15:22Z	
