3.1.0-M1		2019-08-23T06:32:03Z	
3.1.0-M2		2019-08-31T05:03:07Z	
3.2.0-M1		2019-09-13T02:40:32Z	
3.2.0-M2		2019-11-29T15:10:22Z	
