1.0.0		2023-04-01T05:36:05Z	
1.0.0-RC-1		2023-03-09T17:57:36Z	
1.0.0-RC-2		2023-03-12T16:08:05Z	
1.0.1		2023-04-02T03:57:26Z	
