0.11.0		2023-08-30T15:02:40Z	
0.12.0		2023-09-28T16:28:29Z	
0.13.0		2023-11-16T11:54:38Z	
0.14.0		2024-01-20T21:12:19Z	
0.15.0		2024-02-29T16:20:26Z	
0.16.0		2024-04-11T16:16:01Z	
0.17.0		2024-06-04T10:17:36Z	
0.18.0		2024-08-06T20:56:33Z	
0.19.0		2024-10-01T14:00:30Z	
0.20.0		2024-12-03T12:19:00Z	
0.21.0		2025-02-04T13:52:51Z	
0.22.0		2025-04-01T09:50:54Z	
0.23.0		2025-06-17T10:12:01Z	
0.24.0		2025-08-05T13:00:24Z	
1.0.0		2025-09-08T10:21:59Z	
1.1.0		2025-11-02T14:57:06Z	
1.1.1		2025-12-29T12:23:15Z	
1.1.2		2026-02-16T10:08:20Z	
1.1.3		2026-02-24T13:45:06Z	
1.1.4		2026-03-24T11:04:26Z	
1.1.5		2026-04-03T06:57:19Z	
1.2.0		2026-04-07T11:45:54Z	
1.2.1		2026-04-16T09:13:27Z	
1.3.0		2026-04-27T04:45:28Z	
1.3.1		2026-05-18T15:42:44Z	
1.3.2		2026-06-09T07:10:41Z	
1.4.0		2026-06-16T09:49:45Z	
1.4.1		2026-06-29T11:59:48Z	
1.4.2		2026-07-02T06:19:41Z	
1.4.3			
1.4.4			
1.4.5			
1.4.6			
1.4.7			
1.4.8			
