0.10.0		2015-05-15T20:57:25Z	
0.11.0		2015-07-29T16:43:13Z	
0.11.1		2016-02-02T20:51:13Z	
0.12.0		2017-01-18T00:06:38Z	
0.9.0		2015-01-27T00:50:17Z	
