0.0.2.1		2018-01-25T13:28:03Z	
