2.7		2018-04-13T19:52:59Z	
2.8		2021-10-26T17:18:57Z	
2.9		2026-02-13T20:06:14Z	
