0.58.0.21-RCTEST		2018-08-20T09:14:56Z	
0.59.0.14		2018-09-23T10:46:47Z	
