1.3.0		2023-04-20T02:54:13Z	
1.3.1		2023-12-17T08:56:35Z	
