0.1.0		2017-05-15T18:15:54Z	
0.2.0		2017-05-17T02:24:42Z	
0.3.0		2017-05-22T22:34:44Z	
0.4.0		2018-10-24T19:54:15Z	
0.5.0		2018-10-29T22:10:56Z	
0.6.0		2018-11-01T15:49:44Z	
0.7.0		2018-11-01T23:13:31Z	
0.9.0		2018-11-05T22:20:41Z	
1.0.0		2018-11-09T04:01:04Z	
1.0.1		2018-11-09T23:33:13Z	
1.1.0		2018-11-12T19:06:07Z	
1.1.1		2018-11-13T18:51:44Z	
1.1.10		2018-12-11T00:26:56Z	
1.1.11		2018-12-12T22:21:29Z	
1.1.12		2018-12-13T22:39:35Z	
1.1.13		2018-12-21T20:38:03Z	
1.1.2		2018-11-15T18:05:41Z	
1.1.3		2018-11-15T23:29:49Z	
1.1.4		2018-11-18T02:34:26Z	
1.1.5		2018-11-20T17:57:49Z	
1.1.6		2018-11-21T00:11:57Z	
1.1.7		2018-11-26T19:13:45Z	
1.1.8		2018-11-29T17:16:54Z	
1.1.9		2018-11-29T21:53:25Z	
1.2.0		2019-03-06T05:34:57Z	
1.2.1		2019-03-13T00:38:28Z	
1.3.0		2019-06-11T21:26:55Z	
1.3.0-RC1		2019-06-05T20:06:52Z	
1.3.0-RC2		2019-06-06T15:13:37Z	
1.3.0-RC3		2019-06-11T02:11:25Z	
1.4.0		2019-09-03T22:32:18Z	
1.4.0-RC1		2019-07-26T21:28:29Z	
1.4.0-RC2		2019-08-14T03:09:30Z	
1.4.0-RC3		2019-08-20T20:02:33Z	
1.4.1		2019-09-06T00:22:55Z	
1.4.2		2019-09-06T18:45:30Z	
1.5.0		2019-10-03T03:29:28Z	
1.5.1		2019-10-03T17:47:31Z	
1.5.2		2020-04-16T22:36:16Z	
2.0.0		2020-04-27T22:30:53Z	
2.1.0		2020-05-28T21:45:24Z	
2.2.0		2020-09-11T16:05:51Z	
2.2.1		2020-09-11T18:50:59Z	
2.2.2		2020-09-28T15:52:10Z	
2.3.0		2024-03-16T17:15:25Z	
