1.0.5-25-b3b801e8		2018-05-16T22:56:21Z	
