3.0.0-M0-58-9ccdff7c		2023-11-16T17:43:22Z	
3.0.0-M0-59-cdeaa580		2023-11-17T10:17:08Z	
3.0.0-M0-60-89836cd8		2023-11-26T22:50:35Z	
3.0.0-M0-62-e40dcc07		2024-02-21T10:39:14Z	
3.0.0-M0-63-18105caa		2024-02-21T10:50:25Z	
3.0.0-M0-64-1010b536		2024-02-22T09:09:32Z	
3.0.0-M0-65-d93dec88		2024-03-01T07:51:01Z	
3.0.0-M0-66-a7c0365c		2024-03-04T12:42:32Z	
3.0.0-M0-67-b3fea31f		2024-03-04T12:45:23Z	
3.0.0-M0-68-50d39ec4		2024-03-04T16:26:03Z	
3.0.0-M0-69-8d1e4600		2024-03-04T18:37:41Z	
3.0.0-M0-70-45c2ae79		2024-03-04T18:42:05Z	
3.0.0-M0-71-1e75159e		2024-03-04T23:16:58Z	
3.0.0-M0-72-21dc3ed9		2024-03-05T12:39:42Z	
3.0.0-M0-73-3e75635d		2024-03-05T15:55:48Z	
3.0.0-M0-74-c58df82f		2024-03-05T16:05:55Z	
3.0.0-M0-75-95b58dcd		2024-03-05T16:14:31Z	
3.0.0-M0-78-a38fbac7		2024-03-05T20:37:28Z	
3.0.0-M0-79-25cb55d6		2024-03-05T21:12:26Z	
3.0.0-M0-80-0c6cb10c		2024-03-05T20:50:14Z	
3.0.0-M0-81-8d9ea548		2024-03-06T00:34:50Z	
3.0.0-M0-82-3e0b9472		2024-03-06T00:41:27Z	
3.0.0-M0-83-c70bfdfb		2024-03-06T00:47:20Z	
3.0.0-M0-84-0b53d8cc		2024-03-06T12:21:14Z	
3.0.0-M0-87-0ba1ece4		2024-03-06T14:56:41Z	
3.0.0-M0-92-0b2ae1a1		2024-03-06T20:44:14Z	
3.0.0-M1		2024-03-07T12:26:33Z	
3.0.0-M1-2-7b5c3954		2024-03-07T15:56:17Z	
3.0.0-M1-3-47512ee8		2024-03-07T23:05:42Z	
3.0.0-M1-4-9b5bf77a		2024-03-08T00:26:34Z	
3.0.0-M1-7-43812d49		2024-03-08T18:27:09Z	
