2.5.1-6-5fce97fb		2022-01-24T11:02:25Z	
2.5.1-7-cd989427		2022-01-27T15:21:25Z	
2.5.11		2023-09-28T05:05:15Z	
2.5.2		2022-02-01T14:07:33Z	
2.5.2-1-fcc95af4		2022-03-06T23:33:14Z	
2.5.2-2-23bcacbd		2022-04-12T05:57:06Z	
2.5.2-3-9345be7d		2022-04-14T08:55:18Z	
2.5.2-7-31b8504d		2022-04-15T14:14:21Z	
2.5.2-8-43f5564e		2022-04-15T14:25:12Z	
2.5.3		2022-04-15T14:39:35Z	
2.5.3-1-b7b4900a		2022-05-06T00:46:27Z	
2.5.3-5-e41aa313		2022-05-12T08:48:08Z	
2.5.4		2022-05-21T04:29:12Z	
2.5.4-11-4f5bf2aa		2022-06-23T08:14:19Z	
2.5.4-12-80e9cb33		2022-07-27T15:33:00Z	
2.5.4-13-1ebd00a6		2022-07-27T15:40:15Z	
2.5.4-14-dc4c47bc		2022-08-16T10:38:26Z	
2.5.4-15-f4a8969b		2022-08-18T09:42:47Z	
2.5.4-16-7317286d		2022-08-24T09:37:26Z	
2.5.4-19-cd76521f		2022-08-25T09:31:27Z	
2.5.4-2-71d100df		2022-05-21T11:40:45Z	
2.5.4-20-4c4fabc9		2022-09-05T18:48:48Z	
2.5.4-21-f7e4c22e		2022-09-07T14:04:09Z	
2.5.4-22-4a9e6989		2022-09-08T08:24:56Z	
2.5.4-26-9cd15abe		2022-09-15T12:05:43Z	
2.5.4-29-871e6900		2022-09-20T08:48:11Z	
2.5.4-33-0af04a5b		2022-09-20T09:36:04Z	
2.5.4-34-1c7b3c38		2022-09-30T11:48:40Z	
2.5.4-35-ebdeebe4		2022-10-10T11:08:08Z	
2.5.4-7-b48f40d3		2022-06-09T11:50:12Z	
2.5.4-8-30448e49		2022-06-09T11:54:27Z	
2.5.5		2022-10-10T12:05:04Z	
2.5.5-10-82727958		2022-10-17T10:33:48Z	
2.5.5-11-626c15b0		2022-10-18T14:08:14Z	
2.5.5-12-e1748830		2022-10-20T07:58:10Z	
2.5.5-15-277624cf		2022-10-30T14:19:20Z	
2.5.5-16-8d71f4bb		2022-11-14T21:20:23Z	
2.5.5-17-df243e14		2022-11-15T16:10:34Z	
2.5.5-8-5a062268		2022-10-16T19:28:29Z	
2.5.6		2023-01-10T22:39:14Z	
2.5.6-1-f8bff243		2023-01-13T10:37:07Z	
2.5.6-3-279104dc		2023-02-06T10:11:58Z	
2.5.6-4-4a07420b		2023-02-06T10:21:26Z	
2.5.7-1-cf178c31		2023-02-08T15:12:02Z	
2.5.8		2023-02-08T15:24:41Z	
2.5.8-1-837c3adb		2023-06-12T05:37:47Z	
2.5.8-2-159ff8f6		2023-06-12T11:04:57Z	
2.5.9		2023-06-16T10:46:10Z	
2.5.9-1-6321610a		2023-09-16T07:11:17Z	
2.5.9-2-7633e640		2023-09-16T08:43:30Z	
3.0.0-M0		2023-02-08T15:33:31Z	
