2.2.3		2020-01-12T15:51:03Z	
