0.13.0-M2-105-fcee7a		2025-05-12T11:45:24Z	
0.13.0-M2-51-773072		2025-05-05T04:00:06Z	
0.13.0-M2-56-51ca83		2025-05-06T05:00:50Z	
0.13.0-M2-57-7578c2		2025-05-06T07:48:54Z	
0.13.0-M2-59-17fa7b		2025-05-06T15:24:07Z	
0.13.0-M2-74-132761		2025-05-09T03:21:14Z	
0.13.0-M2-87-61b346		2025-05-12T01:50:39Z	
0.13.0-M2-88-a35e3f		2025-05-12T04:01:41Z	
0.13.0-M2-89-4fe6af		2025-05-12T04:29:04Z	
1.0.0		2025-07-10T05:58:56Z	
1.0.0-13-69124b		2025-07-11T05:43:20Z	
1.0.0-22-ce6899		2025-07-14T07:19:00Z	
1.0.0-38-9bceb6		2025-07-16T09:51:51Z	
1.0.0-57-ab200e		2025-07-21T13:22:03Z	
1.0.0-6-f3dee7		2025-07-10T09:44:48Z	
1.0.0-M1		2025-05-12T12:39:19Z	
1.0.0-M1-13-54815e		2025-05-16T11:50:15Z	
1.0.0-M1-30-aa7125		2025-05-19T15:12:21Z	
1.0.0-M1-34-d4c9a4		2025-05-20T03:24:39Z	
1.0.0-M1-47-d9f97d		2025-05-24T21:32:07Z	
1.0.0-M1-49-919d29		2025-05-25T11:28:51Z	
1.0.0-M1-51-eb0851		2025-05-25T17:35:46Z	
1.0.0-RC1		2025-05-25T20:57:05Z	
1.0.0-RC1-24-d74b52		2025-05-29T15:03:29Z	
1.0.0-RC1-30-613539		2025-06-02T07:07:27Z	
1.0.0-RC1-53-8781d1		2025-06-11T17:04:11Z	
1.0.0-RC2		2025-06-11T21:57:22Z	
1.0.0-RC2-4-784a1c		2025-06-12T13:11:42Z	
1.0.0-RC2-49-2ee59e		2025-06-25T01:01:33Z	
1.0.0-RC2-55-6bd3a9		2025-06-26T02:53:46Z	
1.0.0-RC2-59-b87389		2025-06-26T09:50:47Z	
1.0.0-RC2-60-f1d494		2025-06-26T13:01:44Z	
1.0.0-RC2-68-43069c		2025-06-30T04:59:01Z	
1.0.0-RC2-84-ac14db		2025-07-02T05:35:16Z	
1.0.0-RC2-90-4540af		2025-07-02T15:24:56Z	
1.0.0-RC3		2025-07-02T08:37:36Z	
1.0.0-RC3-10-2e07f5		2025-07-04T01:27:55Z	
1.0.0-RC3-13-c691ec		2025-07-04T08:09:02Z	
1.0.0-RC3-25-664912		2025-07-06T02:14:25Z	
1.0.0-RC3-26-c3ea9b		2025-07-06T03:59:21Z	
1.0.0-RC3-28-3ea414		2025-07-06T05:52:58Z	
1.0.0-RC3-31-eb2d11		2025-07-07T01:11:05Z	
1.0.0-RC3-43-eee39e		2025-07-09T00:19:01Z	
1.0.0-RC3-45-5a63c3		2025-07-09T07:21:12Z	
1.0.0-RC3-56-3ba698		2025-07-10T01:06:25Z	
1.0.0-RC3-58-254214		2025-07-10T04:43:01Z	
1.0.0-RC3-59-61974e		2025-07-10T05:20:13Z	
1.0.1		2025-07-21T14:48:36Z	
1.0.1-14-4693c8		2025-07-23T11:06:59Z	
1.0.1-17-ad8e66		2025-07-23T14:54:27Z	
1.0.1-22-3ffc87		2025-07-25T10:07:43Z	
1.0.1-25-ee7483		2025-07-28T11:02:03Z	
1.0.1-5-23fcc9		2025-07-22T04:31:21Z	
1.0.1-8-3f52cf		2025-07-22T12:37:19Z	
1.0.2		2025-07-29T07:05:32Z	
1.0.2-15-ec8f45		2025-08-02T01:34:41Z	
1.0.2-19-fe3d72		2025-08-03T01:07:09Z	
1.0.2-23-d3f2ba		2025-08-04T16:49:56Z	
1.0.2-24-4cc427		2025-08-05T02:50:40Z	
1.0.2-3-e42a40		2025-07-29T12:14:32Z	
1.0.3		2025-08-05T09:18:10Z	
1.0.3-43-56843c		2025-08-18T11:52:03Z	
1.0.3-44-c2d57a		2025-08-19T09:55:42Z	
1.0.3-55-dde808		2025-08-25T05:31:22Z	
1.0.3-57-9d2561		2025-08-25T15:26:23Z	
1.0.4		2025-08-27T05:23:57Z	
1.0.4-22-bcbf85		2025-08-31T09:34:56Z	
1.0.4-26-a6e4c1		2025-09-02T10:41:33Z	
1.0.4-28-f16413		2025-09-02T12:49:52Z	
1.0.4-38-cbb9e8		2025-09-08T04:57:08Z	
1.0.4-43-76d532		2025-09-10T00:58:27Z	
1.0.4-44-ebee0f		2025-09-10T03:26:43Z	
1.0.4-49-c3605e		2025-09-12T19:00:46Z	
1.0.4-51-8424a5		2025-09-14T20:45:48Z	
1.0.4-53-a211b4		2025-09-15T06:06:49Z	
1.0.4-60-acc377		2025-09-16T16:13:46Z	
1.0.4-8-28c1bd		2025-08-27T17:47:01Z	
1.0.5		2025-09-17T00:18:23Z	
1.0.5-15-2cc69d		2025-09-22T23:03:58Z	
1.0.5-25-001228		2025-09-24T22:04:30Z	
1.0.5-31-2f0796		2025-09-30T17:58:59Z	
1.0.6		2025-10-01T17:37:03Z	
1.0.6-114-ed0e74		2025-11-04T01:06:23Z	
1.0.6-14-28f1ba		2025-10-12T10:49:09Z	
1.0.6-18-01285d		2025-10-14T10:10:10Z	
1.0.6-44-58e70f		2025-10-21T02:17:47Z	
1.0.6-45-903c62		2025-10-21T09:36:04Z	
1.0.6-46-c0a7df		2025-10-21T13:26:06Z	
1.0.6-48-995c96		2025-10-22T11:09:36Z	
1.0.6-78-ec7e18		2025-10-30T06:33:09Z	
1.0.6-81-9337cb		2025-10-30T11:43:43Z	
1.0.6-83-daa5d4		2025-10-30T14:05:16Z	
1.0.6-88-54d201		2025-10-30T23:27:05Z	
1.0.6-95-b08901		2025-11-01T06:30:11Z	
1.1.0		2026-01-27T09:18:51Z	
1.1.0-10-fec938		2026-01-28T07:53:21Z	
1.1.0-28-6e5003		2026-02-01T09:21:07Z	
1.1.0-29-96e4de		2026-02-01T12:45:59Z	
1.1.0-31-e03997		2026-02-02T01:48:40Z	
1.1.0-47-acdf63		2026-02-03T12:27:20Z	
1.1.0-RC1		2025-11-04T13:57:22Z	
1.1.0-RC1-62-864778		2025-11-16T17:20:29Z	
1.1.0-RC2		2025-11-17T16:09:38Z	
1.1.0-RC2-20-a8a699		2025-11-20T10:57:28Z	
1.1.0-RC2-34-12421d		2025-11-25T13:58:45Z	
1.1.0-RC2-40-0576e4		2025-11-26T15:28:25Z	
1.1.0-RC2-61-ddb191		2025-12-02T14:17:06Z	
1.1.0-RC2-72-c5e504		2025-12-02T07:45:21Z	
1.1.0-RC2-76-2e15c7		2025-12-02T11:35:51Z	
1.1.0-RC2-78-d9bc9a		2025-12-03T00:54:57Z	
1.1.0-RC2-79-66b078		2025-12-03T04:01:25Z	
1.1.0-RC2-82-c17265		2025-12-03T08:27:31Z	
1.1.0-RC3		2025-12-03T14:53:01Z	
1.1.0-RC3-101-27088a		2025-12-26T01:50:38Z	
1.1.0-RC3-103-e37ba3		2025-12-26T07:08:57Z	
1.1.0-RC3-105-78712f		2025-12-26T11:52:05Z	
1.1.0-RC3-112-5d4ddf		2025-12-29T01:57:53Z	
1.1.0-RC3-114-3caee8		2025-12-29T08:25:06Z	
1.1.0-RC3-118-9dc2c3		2025-12-30T02:04:41Z	
1.1.0-RC3-122-0af08c		2025-12-31T01:16:41Z	
1.1.0-RC3-155-de97ed		2026-01-06T06:30:45Z	
1.1.0-RC3-156-47444a		2026-01-06T09:03:43Z	
1.1.0-RC3-173-d2f08f		2026-01-08T03:09:53Z	
1.1.0-RC3-19-3730cf		2025-12-06T07:30:57Z	
1.1.0-RC3-191-d3de77		2026-01-14T03:11:33Z	
1.1.0-RC3-30-8575ac		2025-12-08T08:52:40Z	
1.1.0-RC3-52-0be9f6		2025-12-12T07:47:33Z	
1.1.0-RC3-53-ff7b4d		2025-12-12T08:52:09Z	
1.1.0-RC3-56-9cb653		2025-12-13T03:27:00Z	
1.1.0-RC3-84-467ebf		2025-12-18T16:01:52Z	
1.1.0-RC3-95-bb42d4		2025-12-21T17:46:24Z	
1.1.0-RC4		2026-01-14T10:41:53Z	
1.1.0-RC4-18-0577b3		2026-01-17T10:01:47Z	
1.1.0-RC4-30-8c053f		2026-01-20T04:28:55Z	
1.1.0-RC4-42-f57e33		2026-01-21T09:30:36Z	
1.1.0-RC4-59-be1b21		2026-01-23T16:51:37Z	
1.1.0-RC4-63-a21604		2026-01-24T10:34:56Z	
1.1.0-RC4-71-47295a		2026-01-25T10:56:31Z	
1.1.0-RC4-74-aafaaf		2026-01-26T01:37:27Z	
1.1.0-RC4-81-de3ea9		2026-01-27T00:06:00Z	
1.1.0-RC4-85-726bd3		2026-01-27T03:01:03Z	
1.1.1		2026-02-03T16:06:44Z	
1.1.1-16-8f959f		2026-02-07T14:35:49Z	
1.1.1-6-480a23		2026-02-04T07:03:47Z	
1.1.10		2026-09-21T20:02:21Z	
1.1.2		2026-02-07T16:01:17Z	
1.1.2-13-fe778e		2026-02-16T02:47:50Z	
1.1.2-28-0db1ac		2026-02-21T03:13:18Z	
1.1.2-59-fe15bb		2026-03-08T04:16:51Z	
1.1.2-60-984677		2026-03-08T05:40:45Z	
1.1.3		2026-03-08T09:00:11Z	
1.1.3-8-524103		2026-03-13T14:44:55Z	
1.1.4		2026-03-23T06:06:01Z	
1.1.5		2026-03-25T07:15:59Z	
1.1.5-14-3574a3		2026-04-05T06:56:10Z	
1.1.5-18-e69f7b		2026-04-12T05:23:57Z	
1.1.5-19-9a2039		2026-04-13T02:33:24Z	
1.1.5-21-53d1ba		2026-04-13T09:46:18Z	
1.1.5-25-21a88e		2026-04-14T13:31:33Z	
1.1.5-271-1a2289		2026-05-03T03:46:36Z	
1.1.5-274-8a195b		2026-05-03T16:08:10Z	
1.1.5-44-d4c442		2026-04-29T02:38:07Z	
1.1.5-5-511b2c		2026-03-29T10:16:54Z	
1.1.6		2026-05-03T10:38:36Z	
1.1.6-104-5bbe1e		2026-06-06T07:57:52Z	
1.1.6-112-232e14		2026-06-15T01:25:18Z	
1.1.6-20-5bb57d		2026-05-07T22:53:52Z	
1.1.6-25-31e8cb		2026-05-13T12:50:57Z	
1.1.6-27-78a439		2026-05-15T02:56:29Z	
1.1.6-29-55543e		2026-05-15T05:21:00Z	
1.1.6-33-43d8dd		2026-05-15T12:37:24Z	
1.1.6-4-b91b8b		2026-05-04T08:29:26Z	
1.1.6-40-3e2d76		2026-05-19T18:02:55Z	
1.1.6-46-41ce6c		2026-05-21T06:25:23Z	
1.1.6-50-755b7a		2026-05-25T08:43:34Z	
1.1.6-66-216115		2026-05-29T05:19:10Z	
1.1.6-7-15943a		2026-05-04T12:47:40Z	
1.1.6-76-8984a7		2026-05-30T00:40:47Z	
1.1.6-87-50fc6f		2026-05-31T23:17:04Z	
1.1.6-88-655739		2026-06-01T01:54:03Z	
1.1.6-89-71e900		2026-06-01T02:06:12Z	
1.1.7		2026-06-21T13:04:27Z	
1.1.8		2026-08-07T14:50:44Z	
1.1.8-2-e9791c		2026-08-20T09:19:33Z	
1.1.8-3-a05083		2026-08-26T12:47:45Z	
1.1.9			
1.1.9-2-100947			
1.2.0-RC1		2026-06-17T09:55:03Z	
1.2.0-RC1-16-21730c		2026-06-23T02:55:50Z	
1.2.0-RC1-24-042146		2026-06-24T13:40:04Z	
1.2.0-RC1-42-dc1f60		2026-07-03T16:05:06Z	
1.2.0-RC1-46-16168f			
1.3.0-M0			
1.3.0-M1			
1.3.0-M1-14-65ce5c			
2.0.0-M2			
