0.1.0		2020-04-23T09:32:05Z	
0.10.0		2021-05-23T11:05:12Z	
0.10.1		2021-06-17T00:36:46Z	
0.11.0		2021-09-21T20:31:55Z	
0.11.5		2022-02-23T16:29:18Z	
0.2.0		2020-05-17T21:12:58Z	
0.3.0		2020-06-17T10:20:19Z	
0.4.0		2020-07-30T00:12:16Z	
0.4.4		2020-10-11T00:28:14Z	
0.5.0		2020-09-09T11:00:02Z	
0.6.0		2020-10-24T22:13:55Z	
0.6.1		2020-11-27T14:25:27Z	
0.7.0		2020-12-21T16:29:13Z	
0.7.1		2021-01-24T23:38:17Z	
0.7.2		2021-02-15T00:49:02Z	
0.7.3		2021-03-13T10:30:55Z	
0.8.0		2021-02-23T01:07:14Z	
0.9.0		2021-03-30T19:02:47Z	
