2.6.1		2018-03-15T05:50:37Z	
2.6.10		2021-05-17T05:16:34Z	
2.6.10.1		2021-05-29T16:55:57Z	
2.6.11		2021-09-14T13:02:31Z	
2.6.12		2021-12-29T11:17:10Z	
2.6.2		2018-06-05T09:31:49Z	
2.6.3		2018-08-05T12:52:39Z	
2.6.4		2018-10-08T04:01:56Z	
2.6.5		2018-11-13T12:19:37Z	
2.6.6		2019-02-28T08:52:23Z	
2.6.7		2019-07-15T03:19:18Z	
2.6.8		2020-03-09T17:24:20Z	
2.6.9		2020-07-27T03:01:50Z	
