0.1.0		2026-07-17T08:27:32Z	
0.2.0		2026-07-17T18:10:48Z	
