2017.03.19-020435		2017-03-19T02:05:20Z	
2017.03.19-094538		2017-03-19T09:46:38Z	
2017.03.19-102611		2017-03-19T10:27:06Z	
2017.03.19-115321		2017-03-19T11:54:14Z	
2017.03.19-132433		2017-03-19T13:25:28Z	
2017.03.19-134127		2017-03-19T13:42:12Z	
2017.03.19-165043		2017-03-19T16:51:37Z	
2017.03.19-185842		2017-03-19T19:02:38Z	
