0.0.1		2017-01-18T23:32:25Z	
0.0.2		2017-02-02T22:11:00Z	
