0.0.1-RC2		2012-10-16T13:49:59Z	
0.1.0		2012-10-20T13:12:47Z	
