4.0.0.10		2026-03-26T15:30:05Z	
4.0.0.11		2026-05-09T20:09:19Z	
