1.10.0		2024-01-01T15:51:42Z	
1.11.1		2024-04-06T08:59:36Z	
2.0.0		2024-04-06T09:28:46Z	
2.1.0		2024-07-27T08:25:51Z	
2.2.0		2024-09-24T07:45:12Z	
2.3.0		2025-01-11T02:54:54Z	
2.3.1		2025-01-12T07:38:26Z	
2.4.0		2025-06-12T01:32:46Z	
2.4.1		2025-07-26T02:28:13Z	
2.5.0		2025-09-28T05:58:58Z	
