4.0.0	automatic	org.locationtech.geomesa	geomesa-hbase-jobs_2.12	2023-03-03T15:56:41Z	
4.0.0	automatic	org.locationtech.geomesa	geomesa-hbase-jobs_2.13	2023-03-03T16:17:42Z	
4.0.1	automatic	org.locationtech.geomesa	geomesa-hbase-jobs_2.12	2023-04-04T18:11:16Z	
4.0.1	automatic	org.locationtech.geomesa	geomesa-hbase-jobs_2.13	2023-04-04T18:30:31Z	
4.0.2	automatic	org.locationtech.geomesa	geomesa-hbase-jobs_2.12	2023-07-28T11:59:18Z	
4.0.2	automatic	org.locationtech.geomesa	geomesa-hbase-jobs_2.13	2023-07-28T12:25:00Z	
4.0.3	automatic	org.locationtech.geomesa	geomesa-hbase-jobs_2.12	2023-09-19T20:54:26Z	
4.0.3	automatic	org.locationtech.geomesa	geomesa-hbase-jobs_2.13	2023-09-19T21:16:00Z	
4.0.4	automatic	org.locationtech.geomesa	geomesa-hbase-jobs_2.12	2023-10-02T19:29:34Z	
4.0.4	automatic	org.locationtech.geomesa	geomesa-hbase-jobs_2.13	2023-10-02T20:19:53Z	
4.0.5	automatic	org.locationtech.geomesa	geomesa-hbase-jobs_2.12	2024-02-09T21:39:59Z	
4.0.5	automatic	org.locationtech.geomesa	geomesa-hbase-jobs_2.13	2024-02-09T22:01:28Z	
5.0.0	automatic	org.locationtech.geomesa	geomesa-hbase-jobs_2.12	2024-05-03T01:13:05Z	
5.0.0	automatic	org.locationtech.geomesa	geomesa-hbase-jobs_2.13	2024-05-03T01:34:07Z	
5.0.1	automatic	org.locationtech.geomesa	geomesa-hbase-jobs_2.12	2024-07-12T13:34:29Z	
5.0.1	automatic	org.locationtech.geomesa	geomesa-hbase-jobs_2.13	2024-07-12T13:57:50Z	
5.1.0	automatic	org.locationtech.geomesa	geomesa-hbase-jobs_2.12	2024-10-11T12:54:51Z	
5.1.0	automatic	org.locationtech.geomesa	geomesa-hbase-jobs_2.13	2024-10-11T13:21:14Z	
5.2.0	automatic	org.locationtech.geomesa	geomesa-hbase-jobs_2.12	2025-01-21T17:00:45Z	
5.2.0	automatic	org.locationtech.geomesa	geomesa-hbase-jobs_2.13	2025-01-21T17:23:27Z	
5.2.1	automatic	org.locationtech.geomesa	geomesa-hbase-jobs_2.12	2025-03-11T13:29:28Z	
5.2.1	automatic	org.locationtech.geomesa	geomesa-hbase-jobs_2.13	2025-03-11T13:54:13Z	
5.2.2	automatic	org.locationtech.geomesa	geomesa-hbase-jobs_2.12	2025-03-26T19:56:39Z	
5.2.2	automatic	org.locationtech.geomesa	geomesa-hbase-jobs_2.13	2025-03-26T20:21:55Z	
5.3.0	automatic	org.locationtech.geomesa	geomesa-hbase-jobs_2.12	2025-05-21T23:44:23Z	
5.3.0	automatic	org.locationtech.geomesa	geomesa-hbase-jobs_2.13	2025-05-22T00:05:52Z	
5.4.0	automatic	org.locationtech.geomesa	geomesa-hbase-jobs_2.12	2025-10-08T16:46:56Z	
5.4.0	automatic	org.locationtech.geomesa	geomesa-hbase-jobs_2.13	2025-10-08T17:29:43Z	
