1.2		2013-11-02T08:39:08Z	
