9.4.16		2019-05-12T21:19:00Z	
9.4.18		2019-07-22T07:28:19Z	
9.4.19		2020-05-23T04:50:23Z	
