1.0.5		2012-06-11T21:28:46Z	
