3.0.0-M0-36-8856669f		2023-06-12T12:53:32Z	
3.0.0-M0-38-dd60a0b5		2023-06-12T14:14:46Z	
3.0.0-M0-39-72f519a6		2023-06-12T15:16:19Z	
3.0.0-M0-40-d95c3b3d		2023-06-19T16:24:59Z	
3.0.0-M0-41-26a93d9c		2023-06-20T22:09:24Z	
3.0.0-M0-42-a9b51919		2023-07-03T08:26:58Z	
3.0.0-M0-44-1f535bd1		2023-07-03T11:27:56Z	
3.0.0-M0-45-9c598c7c		2023-07-05T12:59:48Z	
3.0.0-M0-48-6c09dd71		2023-07-11T08:42:35Z	
3.0.0-M0-49-82b3e605		2023-07-12T12:46:27Z	
3.0.0-M0-50-9a35e1dd		2023-07-13T12:54:11Z	
3.0.0-M0-50-f03f2d82		2023-07-13T13:02:11Z	
3.0.0-M0-58-8d00463c		2023-07-18T09:42:33Z	
3.0.0-M0-67-83057fea		2023-07-18T14:23:31Z	
3.0.0-M0-67-fcfedca6		2023-07-18T13:26:34Z	
