0.6.10		2016-06-15T16:43:33Z	
0.6.9		2016-04-29T20:07:56Z	
