1.0.5	named	cloud.opencode.base	opencode-base-pdf
1.0.4	named	cloud.opencode.base	opencode-base-pdf
1.0.3	named	cloud.opencode.base	opencode-base-pdf
1.0.1	named	cloud.opencode.base	opencode-base-pdf
1.0.0	named	cloud.opencode.base	opencode-base-pdf
