5.14.5.0		2017-04-19T05:13:14Z	
