1.0		2012-02-10T00:57:28Z	
1.1		2012-02-27T22:49:56Z	
1.10		2013-02-11T15:48:24Z	
1.11		2013-02-28T15:44:25Z	
1.2		2012-03-20T08:54:33Z	
1.3		2012-04-10T12:39:34Z	
1.4		2012-04-18T20:59:22Z	
1.5		2012-08-22T11:39:25Z	
1.6		2012-09-04T14:50:57Z	
1.7		2012-10-22T14:34:50Z	
1.7.1		2014-10-31T09:56:27Z	
1.7.2		2014-11-03T21:34:59Z	
1.7.3		2016-03-05T21:49:46Z	
1.8		2012-11-29T20:19:25Z	
1.9		2013-01-05T21:06:43Z	
2.0		2013-03-03T21:55:07Z	
2.1		2013-04-02T11:13:50Z	
2.10		2014-04-18T14:46:41Z	
2.10.1		2014-04-30T21:22:11Z	
2.10.2		2014-05-02T06:23:54Z	
2.11		2014-05-21T20:40:05Z	
2.11.1		2014-05-29T21:45:06Z	
2.12		2014-07-04T09:51:11Z	
2.13		2014-09-10T21:38:14Z	
2.14		2014-09-16T20:34:17Z	
2.15		2014-11-02T21:21:14Z	
2.16		2015-01-11T13:11:38Z	
2.17		2015-03-07T22:52:16Z	
2.18		2015-04-29T19:18:11Z	
2.18.1		2015-05-14T22:10:25Z	
2.18.2		2015-05-24T11:28:02Z	
2.19		2015-06-20T22:36:29Z	
2.2		2013-05-31T16:08:45Z	
2.20		2015-07-26T23:05:19Z	
2.21		2015-08-02T22:27:53Z	
2.22		2015-08-28T21:46:21Z	
2.23		2015-09-14T22:39:23Z	
2.24		2015-11-07T21:55:41Z	
2.25		2015-11-29T21:58:24Z	
2.3		2013-07-09T18:33:05Z	
2.4		2013-09-16T14:15:19Z	
2.5		2013-11-10T21:34:14Z	
2.6		2013-11-26T21:55:09Z	
2.6.1		2013-11-28T22:16:52Z	
2.6.2		2013-12-10T07:39:43Z	
2.6.3		2013-12-11T22:30:59Z	
2.7		2013-12-31T10:25:09Z	
2.8		2014-02-15T21:05:55Z	
2.8.1		2014-02-24T19:18:59Z	
2.9		2014-03-14T22:23:08Z	
2.9.1		2014-03-20T22:25:37Z	
2.9.2		2014-03-29T21:27:41Z	
3.0		2015-12-24T21:22:55Z	
3.1		2016-01-16T00:11:01Z	
3.1.1		2016-01-18T14:52:27Z	
3.1.2		2016-01-19T15:34:41Z	
3.1.3		2016-01-22T11:35:56Z	
3.10		2016-09-26T09:13:18Z	
3.11		2016-10-14T21:07:12Z	
3.2		2016-01-28T21:43:55Z	
3.3		2016-02-10T21:43:56Z	
3.4		2016-03-03T21:45:23Z	
3.5		2016-03-31T08:56:12Z	
3.5.1		2016-04-04T07:29:19Z	
3.6		2016-05-30T21:58:19Z	
3.7		2016-07-07T11:26:58Z	
3.8		2016-08-05T22:11:37Z	
3.8.1		2016-08-09T21:30:21Z	
3.9		2016-08-21T23:33:09Z	
3.9.1		2016-08-27T04:47:37Z	
3.9.2		2016-09-02T19:44:33Z	
3.9.3		2016-09-08T21:54:31Z	
4.0		2016-10-15T03:57:25Z	
4.1		2016-11-30T22:07:34Z	
4.10		2018-01-11T22:20:13Z	
4.10.01		2018-01-19T15:13:00Z	
4.11.0		2018-04-02T15:33:00Z	
4.11.1		2018-04-03T20:44:55Z	
4.11.2		2018-04-25T07:00:48Z	
4.11.3		2018-05-07T21:00:25Z	
4.11.4		2018-05-09T20:40:16Z	
4.12.0		2018-05-29T21:45:34Z	
4.12.1		2018-06-02T13:26:25Z	
4.12.2		2018-06-27T06:47:44Z	
4.12.3		2018-07-17T20:40:53Z	
4.13.0		2018-08-19T21:10:51Z	
4.14.0		2018-08-28T21:22:29Z	
4.14.1		2018-09-06T16:13:02Z	
4.14.2		2018-09-22T07:35:58Z	
4.2		2016-12-13T14:43:24Z	
4.2.1		2017-01-25T22:08:37Z	
4.3		2017-02-09T20:07:27Z	
4.4		2017-03-26T21:46:22Z	
4.4.1		2017-03-28T20:13:55Z	
4.4.2		2017-03-31T13:46:53Z	
4.4.3		2017-04-25T17:48:23Z	
4.5		2017-06-24T22:24:49Z	
4.5.1		2017-06-27T19:32:46Z	
4.6		2017-08-31T11:58:56Z	
4.7		2017-09-29T20:23:38Z	
4.7.1		2017-10-04T21:50:11Z	
4.8		2017-10-07T21:36:45Z	
4.9		2017-12-19T22:51:20Z	
4.9.1		2017-12-31T19:50:50Z	
5.0.0		2018-10-10T20:58:01Z	
5.0.0-rc.1		2018-10-01T06:43:37Z	
5.0.0-rc.2		2018-10-03T19:20:39Z	
5.0.0-rc.3		2018-10-09T22:25:29Z	
5.0.1		2018-11-07T09:54:29Z	
5.1.0		2018-12-14T09:45:16Z	
5.10.0		2020-03-18T13:50:27Z	
5.11.0		2020-04-19T13:50:30Z	
5.11.1		2020-04-21T12:50:13Z	
5.12.0		2020-05-22T21:45:08Z	
5.12.1		2020-05-25T12:09:37Z	
5.12.2		2020-05-29T20:13:06Z	
5.13.0		2020-07-07T21:53:02Z	
5.13.1		2020-07-31T05:39:43Z	
5.14.0		2020-08-16T21:08:08Z	
5.14.1		2020-08-21T10:28:33Z	
5.14.2		2020-08-22T15:25:06Z	
5.15.0		2020-09-25T20:34:45Z	
5.15.1		2020-10-03T13:08:02Z	
5.16.0		2020-11-20T07:01:50Z	
5.16.1		2020-11-23T14:59:18Z	
5.16.2		2020-11-25T22:02:19Z	
5.17.0		2020-12-26T21:42:00Z	
5.17.1		2020-12-30T21:47:00Z	
5.17.2		2020-12-30T22:16:01Z	
5.17.3		2021-01-11T12:29:59Z	
5.17.4		2021-01-14T15:46:34Z	
5.18.0		2021-01-23T13:23:45Z	
5.18.1		2021-02-11T08:27:18Z	
5.19.0		2021-02-23T22:01:56Z	
5.2.0		2019-02-19T05:10:46Z	
5.2.1		2019-03-13T07:08:32Z	
5.2.2		2019-03-15T08:39:27Z	
5.2.3		2019-05-07T14:44:44Z	
5.2.4		2019-06-20T19:59:37Z	
5.2.5		2019-07-18T22:33:15Z	
5.2.6		2019-07-22T08:43:42Z	
5.2.7		2019-08-01T09:05:24Z	
5.2.8		2019-08-03T10:31:28Z	
5.20.0		2021-03-20T19:22:38Z	
5.20.1		2021-03-23T10:32:18Z	
5.20.2		2021-04-15T21:27:00Z	
5.20.3		2021-04-20T15:05:38Z	
5.20.4		2021-04-22T15:22:28Z	
5.21.0		2021-05-15T19:52:52Z	
5.22.0		2021-06-08T14:18:38Z	
5.22.1		2021-06-18T10:53:59Z	
5.22.2		2021-06-30T06:17:01Z	
5.22.3		2021-07-05T14:20:56Z	
5.23.0		2021-07-16T20:55:45Z	
5.23.1		2021-07-30T07:00:09Z	
5.23.2		2021-08-03T20:37:48Z	
5.23.3		2021-08-19T13:07:38Z	
5.24.0		2021-08-29T19:36:29Z	
5.24.1		2021-08-31T20:04:14Z	
5.24.2		2021-09-02T11:58:05Z	
5.24.3		2021-09-13T14:54:26Z	
5.24.3-selenium-4.0.0-rc-1		2021-09-14T18:01:09Z	
5.24.4		2021-09-21T20:27:27Z	
5.25.0		2021-09-28T06:36:18Z	
5.25.0-selenium-4.0.0		2021-10-13T15:16:20Z	
5.25.0-selenium-4.0.0-rc-1		2021-09-28T06:30:25Z	
5.25.0-selenium-4.0.0-rc-2		2021-09-30T20:35:00Z	
5.25.1		2021-10-30T11:21:14Z	
5.3.0		2019-09-02T19:48:54Z	
5.3.1		2019-09-08T20:54:58Z	
5.4.0		2019-10-16T14:38:37Z	
5.4.1		2019-10-17T18:10:52Z	
5.5.0		2019-10-31T15:29:52Z	
5.5.1		2019-11-29T21:09:08Z	
5.6.0		2019-12-25T23:14:23Z	
5.6.1		2020-01-14T21:11:25Z	
5.7.0		2020-02-07T19:42:20Z	
5.8.0		2020-02-28T12:24:40Z	
5.9.0		2020-03-10T20:29:42Z	
6.0.0		2021-10-25T09:04:45Z	
6.0.1		2021-10-25T16:58:20Z	
6.0.2		2021-10-26T08:52:19Z	
6.0.3		2021-10-27T07:17:22Z	
6.1.0		2021-11-23T22:47:12Z	
6.1.1		2021-11-24T15:25:10Z	
6.1.2		2021-12-22T08:38:58Z	
6.10.0		2022-11-21T21:11:40Z	
6.10.1		2022-11-23T21:31:29Z	
6.10.2		2022-12-08T11:29:58Z	
6.10.3		2022-12-14T21:37:47Z	
6.11.0		2023-01-03T17:43:32Z	
6.11.1		2023-01-20T07:31:02Z	
6.11.2		2023-01-23T22:23:45Z	
6.12.0		2023-02-24T19:32:36Z	
6.12.1		2023-03-06T22:14:54Z	
6.12.2		2023-03-09T08:57:04Z	
6.12.3		2023-03-14T07:31:47Z	
6.12.4		2023-03-22T09:07:30Z	
6.13.0		2023-04-04T13:06:13Z	
6.13.1		2023-04-21T08:21:55Z	
6.14.0		2023-05-08T20:03:20Z	
6.14.1		2023-05-14T20:03:37Z	
6.15.0		2023-05-29T06:35:53Z	
6.16.0		2023-07-02T18:04:45Z	
6.16.1		2023-07-24T11:05:36Z	
6.17.0		2023-08-02T16:11:43Z	
6.17.1		2023-08-20T12:19:04Z	
6.17.2		2023-08-24T17:26:16Z	
6.18.0		2023-09-06T06:28:09Z	
6.19.0		2023-09-28T05:45:14Z	
6.19.1		2023-10-18T05:56:28Z	
6.2.0		2022-01-10T10:06:34Z	
6.2.1		2022-01-19T16:15:17Z	
6.3.0		2022-02-07T13:06:29Z	
6.3.1		2022-02-09T07:33:15Z	
6.3.2		2022-02-16T07:12:06Z	
6.3.3		2022-02-20T08:52:42Z	
6.3.4		2022-03-06T21:50:22Z	
6.3.5		2022-03-17T09:31:31Z	
6.4.0		2022-04-07T06:06:08Z	
6.5.0		2022-05-17T19:26:02Z	
6.5.1		2022-05-24T16:05:11Z	
6.5.2		2022-06-06T18:41:22Z	
6.6.0		2022-06-08T16:46:04Z	
6.6.1		2022-06-09T15:40:56Z	
6.6.2		2022-06-10T07:30:59Z	
6.6.3		2022-06-12T16:48:44Z	
6.6.4		2022-06-20T06:37:14Z	
6.6.5		2022-06-24T08:20:26Z	
6.6.6		2022-06-30T22:25:42Z	
6.7.0		2022-08-03T20:47:48Z	
6.7.1		2022-08-07T21:31:23Z	
6.7.2		2022-08-14T14:46:42Z	
6.7.3		2022-08-27T07:58:55Z	
6.7.4		2022-09-05T06:06:30Z	
6.8.0		2022-09-25T11:53:51Z	
6.8.1		2022-09-27T06:50:05Z	
6.9.0		2022-10-07T06:12:58Z	
7.0.0		2023-10-25T11:58:21Z	
7.0.1		2023-10-26T16:54:21Z	
7.0.2		2023-11-01T22:05:42Z	
7.0.3		2023-11-28T16:42:21Z	
7.0.4		2023-12-07T19:06:55Z	
7.0.5		2024-01-25T21:15:34Z	
7.0.6		2024-01-27T21:22:37Z	
7.1.0		2024-02-07T07:34:54Z	
7.10.0		2025-08-20T18:39:09Z	
7.10.1		2025-09-16T13:57:49Z	
7.11.0		2025-10-03T12:35:22Z	
7.11.1		2025-10-04T06:42:17Z	
7.12.0		2025-10-29T16:32:50Z	
7.12.1		2025-11-17T22:17:37Z	
7.12.2		2025-12-01T09:22:46Z	
7.12.3		2025-12-02T16:28:42Z	
7.13.0		2025-12-14T14:28:49Z	
7.14.0		2026-01-21T16:24:51Z	
7.15.0		2026-03-11T20:07:53Z	
7.15.1		2026-04-01T05:53:19Z	
7.16.0		2026-04-10T11:33:44Z	
7.16.1		2026-05-05T20:03:08Z	
7.16.2		2026-05-27T06:02:48Z	
7.17.0			
7.18.0		2026-08-20T10:46:13Z	
7.18.1		2026-08-29T08:26:08Z	
7.18.2			
7.2.0		2024-02-27T11:58:46Z	
7.2.1		2024-03-07T10:31:48Z	
7.2.2		2024-03-21T20:07:40Z	
7.2.3		2024-03-30T17:10:53Z	
7.3.0		2024-04-28T18:06:45Z	
7.3.1		2024-04-28T19:08:57Z	
7.3.2		2024-05-17T14:15:17Z	
7.3.3		2024-06-21T09:40:55Z	
7.4.0		2024-07-25T21:53:41Z	
7.4.1		2024-07-30T11:04:04Z	
7.4.2		2024-08-13T13:42:17Z	
7.4.3		2024-09-05T16:20:41Z	
7.5.0		2024-09-15T19:51:02Z	
7.5.1		2024-09-21T06:25:20Z	
7.6.0		2024-11-24T21:55:40Z	
7.6.1		2024-12-02T21:24:38Z	
7.7.0		2025-01-06T22:31:35Z	
7.7.1		2025-01-22T11:17:44Z	
7.7.2		2025-02-13T11:25:03Z	
7.7.3		2025-02-23T22:34:29Z	
7.8.0		2025-04-02T18:04:53Z	
7.8.1		2025-04-03T21:04:43Z	
7.9.0		2025-04-18T22:01:44Z	
7.9.1		2025-04-22T18:55:03Z	
7.9.2		2025-05-08T18:21:50Z	
7.9.3		2025-05-27T10:42:02Z	
7.9.4		2025-07-05T12:08:01Z	
