1.1.0		2015-10-31T01:03:42Z	
