0.0.4		2025-02-01T19:48:46Z	
0.0.6		2025-02-14T11:17:10Z	
0.0.7		2025-04-03T17:15:38Z	
0.0.8		2025-05-13T10:28:18Z	
0.1.0		2026-01-27T22:52:27Z	
0.2.0		2026-01-28T16:35:55Z	
0.3		2026-03-04T14:46:16Z	
0.4		2026-03-17T17:17:16Z	
1.0		2026-06-19T12:23:30Z	
1.1		2026-06-30T09:06:26Z	
1.2			
