0.1.1	automatic	org.fntrix	r2dbc-lb
