0.0.1.M2		2023-07-13T09:17:00Z	
0.0.1.M3		2023-07-14T02:20:42Z	
0.0.1.M6		2023-12-08T06:51:27Z	
0.0.1.M7		2024-01-11T13:00:49Z	
