1.10.0		2026-03-10T04:10:09Z	
1.11.0		2026-04-16T00:14:56Z	
1.5.0		2026-02-20T12:10:05Z	
1.5.1		2026-02-22T14:38:20Z	
1.5.2		2026-02-22T15:17:30Z	
1.5.3		2026-02-24T09:07:01Z	
1.6.0		2026-02-24T14:40:48Z	
1.6.1		2026-02-25T12:17:44Z	
1.6.2		2026-02-26T15:08:26Z	
1.7.0		2026-02-27T08:46:46Z	
1.7.1		2026-02-28T06:05:19Z	
1.7.2		2026-03-01T07:38:27Z	
1.8.0		2026-03-03T11:44:51Z	
1.8.1		2026-03-03T13:58:57Z	
1.9.0		2026-03-05T01:55:22Z	
