1.0.0.M1		2018-07-19T07:31:05Z	
