1.4.0.1		2010-06-16T17:54:29Z	
