4.0.0		2015-01-30T16:51:13Z	
4.1.0		2015-06-25T05:17:01Z	
4.2.0		2016-03-10T21:22:25Z	
4.2.1		2016-05-03T22:40:49Z	
4.2.10		2017-12-12T00:29:52Z	
4.2.11		2018-01-12T02:13:05Z	
4.2.12		2018-06-30T05:55:00Z	
4.2.2		2016-06-15T06:29:18Z	
4.2.3		2016-06-28T18:08:26Z	
4.2.4		2016-07-29T22:21:59Z	
4.2.5		2016-12-07T19:42:18Z	
4.2.6		2017-02-18T02:53:02Z	
4.2.7		2017-03-08T00:50:16Z	
4.2.8		2017-07-06T21:53:34Z	
4.2.9		2017-10-19T18:42:27Z	
5.0.0		2018-03-24T00:16:19Z	
5.0.0-alpha1		2016-03-18T03:22:17Z	
5.0.0-alpha10		2017-06-16T17:07:48Z	
5.0.0-alpha11		2017-07-13T20:50:39Z	
5.0.0-alpha12		2017-07-16T21:35:18Z	
5.0.0-alpha13		2017-10-18T23:13:18Z	
5.0.0-alpha14		2018-01-31T22:12:50Z	
5.0.0-alpha15		2018-02-13T20:25:54Z	
5.0.0-alpha2		2016-03-24T02:59:17Z	
5.0.0-alpha3		2016-03-31T23:25:26Z	
5.0.0-alpha4		2016-06-15T17:13:27Z	
5.0.0-alpha6		2016-08-16T17:13:55Z	
5.0.0-alpha7		2017-03-20T21:10:56Z	
5.0.0-alpha8		2017-03-30T22:30:13Z	
5.0.0-alpha9		2017-06-16T00:32:42Z	
5.0.1		2018-05-11T18:07:49Z	
5.0.2		2018-05-22T23:12:05Z	
5.1.0		2018-08-29T23:52:08Z	
5.1.1		2018-09-28T23:12:54Z	
5.2.0		2019-01-03T21:23:11Z	
5.2.1		2019-02-05T19:02:36Z	
5.3.0		2019-09-06T19:34:54Z	
5.4.0		2020-06-29T05:39:27Z	
6.0.0		2021-10-29T23:13:55Z	
6.0.0-alpha1		2021-03-04T22:38:27Z	
6.0.0-alpha2		2021-03-05T06:10:44Z	
6.0.0-alpha3		2021-04-14T02:15:22Z	
6.0.0-alpha4		2021-06-25T17:50:51Z	
6.0.0-alpha5		2021-09-20T22:20:14Z	
6.0.0-alpha6		2021-09-29T23:42:00Z	
6.0.0-alpha7		2021-10-04T22:56:50Z	
6.0.0-alpha8		2021-10-15T22:12:01Z	
6.0.1		2021-11-19T05:08:32Z	
6.0.2		2021-12-13T23:54:35Z	
6.0.3		2021-12-14T23:52:04Z	
6.0.4		2022-01-05T05:35:55Z	
6.0.5		2022-02-01T17:49:32Z	
6.1.0		2022-10-27T00:29:35Z	
7.0.0		2023-01-31T22:13:42Z	
7.0.1		2023-04-06T20:37:03Z	
7.0.2		2023-06-02T21:15:19Z	
7.1.0		2024-02-23T19:43:47Z	
7.1.1		2024-03-06T18:28:36Z	
7.1.2		2024-08-09T18:05:27Z	
7.1.3		2024-09-06T22:08:47Z	
7.1.4		2025-01-08T23:25:21Z	
7.2.0		2025-02-27T18:30:32Z	
7.2.1		2025-03-05T20:10:05Z	
7.2.2		2025-03-20T20:21:09Z	
7.2.3		2025-11-13T01:13:55Z	
7.2.4		2025-12-10T22:07:04Z	
7.2.5		2026-05-05T22:25:56Z	
7.2.6			
7.3.0			
