0.10.18		2024-11-20T16:41:09Z	
0.10.18.2		2025-02-17T13:52:42Z	
