1.0.0		2026-08-11T13:36:59Z	
1.1.0		2026-08-11T17:58:09Z	
1.2.0		2026-08-16T13:33:58Z	
