2023.02.09		2023-02-09T16:19:36Z	
2023.02.10		2023-02-10T17:23:23Z	
2023.09.22		2023-09-22T14:50:18Z	
2023.14.24		2023-10-24T20:29:13Z	
2023.22.04		2023-12-04T12:38:04Z	
2023.22.13		2023-11-13T12:36:31Z	
2023.23.06		2023-11-06T12:39:34Z	
2023.23.30		2023-10-30T12:38:53Z	
2025.03.31		2025-03-31T15:10:49Z	
2025.04.08		2025-04-08T13:26:30Z	
