0.62.0.1		2018-11-18T14:58:05Z	
