1.0.0		2026-09-13T04:35:59Z	
1.1.0			
2.0.0			
