1.0-alpha-1		2007-12-22T09:45:07Z	
1.0-alpha-2		2009-02-18T17:35:13Z	
