9.4.12.v20180830.1	named	org.seleniumhq.selenium	jetty-repacked
