1.0.0-release		2025-10-23T07:57:18Z	
