0.1.0		2020-08-24T12:04:50Z	
0.2.0		2020-08-24T15:31:15Z	
0.2.1		2020-08-28T02:33:33Z	
0.2.2		2020-09-27T14:29:42Z	
0.3.0		2021-01-22T04:53:29Z	
0.3.1		2021-01-22T08:12:29Z	
0.3.2		2021-01-23T13:54:47Z	
0.3.3		2021-01-23T14:10:53Z	
0.3.4		2021-02-01T06:55:02Z	
0.4.0		2021-07-12T11:09:03Z	
