2.3.27.1		2018-03-20T01:07:44Z	
