0.1.6		2024-04-06T18:43:14Z	
0.1.7		2024-04-06T18:56:57Z	
