2.0.1		2023-03-07T15:10:47Z	
2.0.2		2023-03-08T16:57:57Z	
2.1.0		2023-03-09T01:01:42Z	
2.1.1		2023-03-09T13:00:35Z	
2.1.2		2023-03-09T17:29:33Z	
2.1.3		2023-03-09T18:01:30Z	
2.1.4		2023-03-11T22:14:40Z	
2.1.5		2023-03-11T22:55:25Z	
2.2.6		2023-03-15T17:05:08Z	
2.3.0		2023-03-18T10:14:15Z	
