1.0.0-alpha01		2024-02-29T05:03:33Z	
1.0.0-alpha02		2024-12-09T00:48:39Z	
1.0.0-alpha03		2025-07-28T22:29:15Z	
1.0.0-alpha04		2026-04-02T21:09:00Z	
1.0.0-alpha05		2026-06-07T22:26:52Z	
