1.0.0-BETA-12		2023-05-09T04:04:18Z	
