1.6.0		2016-06-24T22:45:17Z	
