1.1.0		2023-04-03T19:22:45Z	
1.1.1		2024-09-15T20:15:02Z	
