1.0.0		2021-01-25T09:49:32Z	
