1.0.0		2014-04-16T11:11:44Z	
1.0.1		2014-05-18T02:08:54Z	
1.0.2		2016-09-09T19:58:25Z	
