0.10.10-preview3		2020-12-28T05:59:23Z	
0.2.0		2021-01-21T23:06:14Z	
0.2.0-preview1		2020-12-28T02:21:19Z	
0.2.0-preview11		2021-01-18T17:50:43Z	
0.2.0-preview14		2021-01-20T22:41:14Z	
0.2.0-preview2		2020-12-28T02:37:11Z	
0.2.0-preview3		2020-12-28T06:22:21Z	
0.2.0-preview4		2021-01-08T07:08:14Z	
0.2.0-preview5		2021-01-11T03:38:42Z	
0.2.0-preview6		2021-01-12T09:16:59Z	
0.2.0-preview8		2021-01-16T05:33:22Z	
0.2.1		2021-02-01T16:47:34Z	
0.2.2		2021-02-16T16:28:04Z	
0.3.0		2021-03-25T04:17:08Z	
0.3.0-M1		2021-03-13T20:57:15Z	
0.3.1		2021-04-06T01:35:34Z	
0.3.2		2021-07-19T04:29:55Z	
0.3.3		2022-09-09T01:49:32Z	
0.3.4		2023-02-03T01:40:23Z	
0.3.5		2024-04-26T22:59:56Z	
0.3.6		2024-10-30T14:16:35Z	
