17.7.6-20260815		2026-08-15T01:57:24Z	
17.7.6-20260930			
8.6.1-20221001		2022-10-01T07:40:50Z	
8.6.1-20221002		2022-10-02T14:58:43Z	
8.6.1-20221008		2022-10-08T06:22:15Z	
8.6.1-20221009		2022-10-09T11:55:07Z	
8.6.1-20221010		2022-10-10T02:45:59Z	
8.6.1-20221011		2022-10-11T11:01:02Z	
8.6.1-20221015		2022-10-16T11:17:59Z	
8.6.1-20221017		2022-10-17T04:32:35Z	
8.6.1-20221018		2022-10-18T15:05:46Z	
8.6.1-20221019		2022-10-19T15:26:35Z	
8.6.1-20221020		2022-10-20T03:37:55Z	
8.6.1-20221025		2022-10-25T05:01:02Z	
8.6.1-20221026		2022-10-27T04:03:49Z	
8.6.1-20221027		2022-10-27T10:24:14Z	
8.6.1-20221028		2022-10-28T09:07:39Z	
8.6.1-20221105		2022-11-05T07:08:37Z	
8.6.1-20221109		2022-11-09T06:35:43Z	
8.6.1-20221110		2022-11-09T10:40:57Z	
8.6.1-20221111		2022-11-11T09:02:45Z	
8.6.1-20221116		2022-11-16T11:42:19Z	
8.6.1-20221122		2022-11-22T14:05:29Z	
8.6.1-20221123		2022-11-23T03:48:46Z	
8.6.1-20221129		2022-11-30T04:27:18Z	
8.6.1-20221201		2022-12-01T03:48:44Z	
8.6.1-20221202		2022-12-02T06:23:58Z	
8.6.1-20221205		2022-12-05T04:04:07Z	
8.6.1-20221207		2022-12-07T06:40:42Z	
8.6.1-20221209		2022-12-09T04:49:18Z	
8.6.1-20221211		2022-12-12T01:13:05Z	
8.6.1-20221212		2022-12-12T01:53:18Z	
8.6.1-20221215		2022-12-15T10:49:02Z	
8.6.1-20221216		2022-12-16T02:50:27Z	
8.6.1-20221223		2022-12-23T08:10:31Z	
8.6.1-20221226		2022-12-26T08:36:34Z	
8.6.1-20221229		2022-12-29T04:12:10Z	
8.6.1-20221230		2022-12-30T03:32:01Z	
8.6.1-20230103		2023-01-03T03:07:50Z	
8.6.2-20230106		2023-01-06T14:20:09Z	
8.6.2-20230107		2023-01-07T01:20:07Z	
8.6.2-20230108		2023-01-08T01:38:28Z	
8.6.2-20230109		2023-01-09T14:17:15Z	
8.6.2-20230112		2023-01-12T06:10:44Z	
8.6.2-20230115		2023-01-15T04:46:06Z	
8.6.2-20230116		2023-01-16T05:41:34Z	
8.6.2-20230117		2023-01-17T04:28:45Z	
8.6.2-20230118		2023-01-18T03:57:31Z	
8.6.2-20230119		2023-01-19T02:02:49Z	
8.6.3-20230119		2023-01-19T02:44:37Z	
8.6.3-20230120		2023-01-20T01:48:05Z	
8.6.3-20230128		2023-01-28T03:16:14Z	
8.6.3-20230131		2023-01-31T01:53:56Z	
8.6.3-20230203		2023-02-03T15:23:04Z	
8.6.3-20230207		2023-02-07T02:52:08Z	
8.6.3-20230208		2023-02-08T07:45:48Z	
8.6.3-20230209		2023-02-09T06:24:06Z	
8.6.3-20230215		2023-02-15T06:48:50Z	
8.6.3-20230222		2023-02-22T07:19:32Z	
8.6.3-20230308		2023-03-08T01:26:01Z	
8.6.3-20230315		2023-03-15T02:08:28Z	
8.6.3-20230320		2023-03-20T08:33:21Z	
8.6.3-20230325		2023-03-25T01:19:17Z	
8.6.3-20230327		2023-03-27T05:49:46Z	
8.6.3-20230331		2023-03-31T16:14:21Z	
8.6.3-20230404		2023-04-05T13:21:17Z	
8.6.3-20230406		2023-04-06T04:24:54Z	
8.6.3-20230503		2023-05-03T07:02:02Z	
8.6.3-20230504		2023-05-03T15:25:52Z	
8.6.3-20230505		2023-05-05T05:31:21Z	
8.6.3-20230506		2023-05-06T15:55:48Z	
8.6.3-20230508		2023-05-08T16:03:55Z	
8.6.3-20230510		2023-05-10T14:36:16Z	
8.6.3-20230511		2023-05-11T15:55:28Z	
8.6.3-20230515		2023-05-15T13:34:14Z	
8.6.3-20230520		2023-05-20T10:59:08Z	
8.6.3-20230526		2023-05-26T06:24:28Z	
8.6.3-20230527		2023-05-27T06:40:15Z	
8.6.3-20230528		2023-05-28T04:56:19Z	
8.6.3-20230529		2023-05-29T14:40:35Z	
8.6.3-20230601		2023-06-01T15:43:19Z	
8.6.3-20230603		2023-06-03T15:06:54Z	
8.6.3-20230606		2023-06-06T00:53:59Z	
8.6.3-20230611		2023-06-11T00:38:46Z	
8.6.3-20230615		2023-06-15T06:43:31Z	
8.6.3-20230616		2023-06-16T15:44:38Z	
8.6.3-20230619		2023-06-19T09:01:30Z	
8.6.3-20230621		2023-06-21T04:03:02Z	
8.6.3-20230625		2023-06-25T07:40:23Z	
8.6.3-20230627		2023-06-27T15:56:48Z	
8.6.3-20230628		2023-06-28T15:39:11Z	
8.6.3-20230630		2023-06-30T17:26:55Z	
8.6.5-20230703		2023-07-03T08:38:52Z	
8.6.5-20230705		2023-07-05T08:02:52Z	
8.6.5-20230707		2023-07-07T08:46:16Z	
8.6.5-20230708		2023-07-08T10:58:01Z	
8.6.5-20230710		2023-07-10T00:59:32Z	
8.6.5-20230715		2023-07-15T02:50:18Z	
8.6.5-20230717		2023-07-17T09:07:44Z	
8.6.5-20230719		2023-07-19T06:52:41Z	
8.6.5-20230720		2023-07-19T10:45:11Z	
8.6.5-20230721		2023-07-20T15:37:59Z	
8.6.5-20230725		2023-07-25T01:09:00Z	
8.6.5-20230729		2023-07-29T15:54:41Z	
8.6.5-20230812		2023-08-12T08:22:05Z	
8.6.5-20230815		2023-08-15T02:02:58Z	
8.6.5-20230818		2023-08-18T15:52:11Z	
8.6.5-20230825		2023-08-25T15:25:10Z	
8.6.5-20230903		2023-09-02T17:05:00Z	
8.6.5-20230905		2023-09-04T07:33:37Z	
8.6.5-20230916		2023-09-16T04:52:47Z	
8.6.5-20230917		2023-09-16T10:27:27Z	
8.6.5-20230918		2023-09-18T15:13:06Z	
8.6.5-20230919		2023-09-19T10:05:07Z	
8.6.5-20230920		2023-09-19T14:19:34Z	
8.6.5-20230922		2023-09-21T18:13:24Z	
8.6.5-20230927		2023-09-27T16:01:38Z	
8.6.5-20231001		2023-10-01T08:36:49Z	
8.6.5-20231010		2023-10-10T01:57:06Z	
8.6.5-20231011		2023-10-10T07:34:42Z	
8.6.5-20231013		2023-10-13T08:05:24Z	
8.6.5-20231020		2023-10-20T15:31:50Z	
8.6.5-20231021		2023-10-21T09:19:13Z	
8.6.5-20231023		2023-10-23T14:39:51Z	
8.6.5-jdk17-20230712		2023-07-13T07:46:35Z	
8.6.5-jdk17-20230718		2023-07-18T06:35:12Z	
8.6.5-jdk17-20230720		2023-07-19T12:01:59Z	
8.6.5-jdk17-20230721		2023-07-20T19:43:55Z	
8.6.5-jdk17-20230722		2023-07-22T09:17:21Z	
8.6.5-jdk17-20230723		2023-07-23T04:59:41Z	
8.6.5-jdk17-20230725		2023-07-25T02:52:23Z	
8.6.5-jdk17-20230812		2023-08-12T07:49:46Z	
8.6.5-jdk17-20230815		2023-08-15T03:48:01Z	
8.6.5-jdk17-20230818		2023-08-19T13:16:57Z	
8.6.5-jdk17-20230825		2023-08-26T02:59:15Z	
8.6.5-jdk17-20230903		2023-09-02T23:52:36Z	
8.6.5-jdk17-20230917		2023-09-16T11:30:53Z	
8.7.1-20231105		2023-11-05T13:13:38Z	
8.7.1-20231107		2023-11-07T13:16:56Z	
8.7.1-20231108		2023-11-08T01:12:30Z	
8.7.1-20231111		2023-11-11T14:41:44Z	
8.7.1-20231117		2023-11-16T15:04:56Z	
8.7.1-20231120		2023-11-20T06:54:20Z	
8.7.1-20231130		2023-11-30T12:24:07Z	
8.7.1-20231202		2023-12-02T13:59:33Z	
8.7.1-20231203		2023-12-02T14:03:05Z	
8.7.1-20231207		2023-12-07T08:03:28Z	
8.7.1-20231208		2023-12-06T13:35:44Z	
8.7.1-20231209		2023-12-08T15:58:35Z	
8.7.1-20231210		2023-12-09T08:18:50Z	
8.7.1-20231211		2023-12-11T11:30:29Z	
8.7.1-20231212		2023-12-12T11:31:07Z	
8.7.1-20231215		2023-12-15T04:57:19Z	
8.7.1-20231221		2023-12-21T05:15:47Z	
8.7.1-20231222		2023-12-22T01:43:44Z	
8.7.1-20231223		2023-12-22T13:51:13Z	
8.7.1-20240101		2024-01-01T06:16:04Z	
8.7.1-20240103		2024-01-03T05:59:55Z	
8.7.1-20240105		2024-01-05T08:04:11Z	
8.7.1-20240108		2024-01-08T10:35:36Z	
8.7.1-20240109		2024-01-09T01:27:03Z	
8.7.1-20240120		2024-01-20T08:36:36Z	
8.7.1-20240122		2024-01-22T05:27:58Z	
8.7.1-20240123		2024-01-22T13:07:40Z	
8.7.1-20240125		2024-01-25T10:23:51Z	
8.7.1-20240127		2024-01-27T04:39:54Z	
8.7.1-20240131		2024-01-31T15:06:53Z	
8.7.1-20240202		2024-02-02T08:23:56Z	
8.7.1-20240207		2024-02-07T12:31:13Z	
8.7.1-20240218		2024-02-18T10:43:28Z	
8.7.1-20240222		2024-02-22T11:58:12Z	
8.7.1-20240223		2024-02-23T09:08:56Z	
8.7.1-20240301		2024-03-01T05:03:27Z	
8.7.1-20240302		2024-03-02T13:02:11Z	
8.7.1-20240313		2024-03-13T02:36:21Z	
8.7.1-20240315		2024-03-15T04:42:29Z	
8.7.1-20240320		2024-03-20T05:14:08Z	
8.7.1-20240321		2024-03-21T04:59:50Z	
8.7.1-20240323		2024-03-23T13:58:00Z	
8.7.1-20240325		2024-03-25T14:51:58Z	
8.7.1-20240327		2024-03-27T01:45:18Z	
8.7.1-20240329		2024-03-29T05:13:59Z	
8.7.1-202404110		2024-04-11T04:35:57Z	
8.7.1-20240415		2024-04-15T02:30:07Z	
8.7.1-20240416		2024-04-16T15:26:01Z	
8.7.1-20240419		2024-04-19T05:01:47Z	
8.7.1-20240505		2024-05-06T01:57:14Z	
8.7.1-20240508		2024-05-08T04:42:51Z	
8.7.1-jdk17-20231108		2023-11-08T12:16:16Z	
8.7.1-jdk17-20231115		2023-11-15T05:49:52Z	
8.7.1-jdk17-20231130		2023-11-30T14:50:56Z	
8.7.1-jdk17-20231203		2023-12-02T14:48:38Z	
8.7.1-jdk17-20231209		2023-12-08T15:30:55Z	
8.7.1-jdk17-20231210		2023-12-09T10:36:33Z	
8.7.1-jdk17-20231215		2023-12-15T13:19:33Z	
8.7.1-jdk17-20231222		2023-12-22T06:30:45Z	
8.7.1-jdk17-20231223		2023-12-22T14:40:44Z	
8.7.1-jdk17-20232101		2023-11-30T15:57:18Z	
8.7.1-jdk17-20240101		2024-01-01T13:22:16Z	
8.7.1-jdk17-20240105		2024-01-05T08:44:13Z	
8.7.1-jdk17-20240109		2024-01-09T01:38:03Z	
8.7.1-jdk17-20240122		2024-01-22T07:03:20Z	
8.7.1-jdk17-20240123		2024-01-22T13:42:20Z	
8.7.1-jdk17-20240125		2024-01-25T13:09:43Z	
8.7.1-jdk17-20240220		2024-02-20T09:07:13Z	
8.7.1-jdk17-20240221		2024-02-21T01:27:18Z	
8.7.1-jdk17-20240301		2024-03-01T07:05:30Z	
8.7.1-jdk17-20240321		2024-03-21T03:16:20Z	
8.7.1-jdk17-20240329		2024-03-29T06:03:38Z	
8.7.1-jdk17-20240415		2024-04-15T03:00:13Z	
8.7.1-jdk17-20240416		2024-04-16T15:42:17Z	
8.7.1-jdk17-20240419		2024-04-19T05:21:32Z	
8.7.1-jdk17-20240505		2024-05-06T02:08:07Z	
8.7.1-jdk17-20240508		2024-05-08T03:55:33Z	
8.7.1-jdk21-20231215		2023-12-15T14:55:09Z	
8.7.1-jdk21-20231222		2023-12-22T08:41:42Z	
8.7.1-jdk21-20231223		2023-12-22T15:15:09Z	
8.7.1-jdk21-20240101		2024-01-01T14:27:46Z	
8.7.1-jdk21-20240105		2024-01-05T08:42:31Z	
8.7.1-jdk21-20240109		2024-01-09T01:28:26Z	
8.7.1-jdk21-20240122		2024-01-22T07:01:16Z	
8.7.1-jdk21-20240123		2024-01-22T13:41:32Z	
8.7.1-jdk21-20240125		2024-01-25T13:08:34Z	
8.7.1-jdk21-20240220		2024-02-20T07:40:26Z	
8.7.1-jdk21-20240221		2024-02-21T03:48:14Z	
8.7.1-jdk21-20240301		2024-03-01T07:08:00Z	
8.7.1-jdk21-20240321		2024-03-21T03:14:36Z	
8.7.1-jdk21-20240329		2024-03-29T06:24:31Z	
8.7.1-jdk21-20240412		2024-04-12T01:58:15Z	
8.7.1-jdk21-20240415		2024-04-15T03:00:50Z	
8.7.1-jdk21-20240416		2024-04-16T15:34:07Z	
8.7.1-jdk21-20240425		2024-04-25T08:57:05Z	
8.7.1-jdk21-20240426		2024-04-26T04:58:16Z	
8.7.1-jdk21-20240505		2024-05-06T02:21:19Z	
8.7.1-jdk21-20240508		2024-05-08T03:53:44Z	
8.7.2-20240411		2024-04-11T13:47:40Z	
8.7.2-20240415		2024-04-15T03:43:09Z	
8.7.2-20240416		2024-04-16T15:48:39Z	
8.7.2-20240423		2024-04-23T13:49:22Z	
8.7.2-20240430		2024-04-30T06:17:58Z	
8.7.2-20240501		2024-05-01T14:57:55Z	
8.7.2-20240505		2024-05-06T02:41:37Z	
8.7.2-20240506		2024-05-06T12:32:03Z	
8.7.2-20240507		2024-05-07T11:04:43Z	
8.7.2-20240508		2024-05-08T05:28:31Z	
8.7.2-20240509		2024-05-09T12:43:28Z	
8.7.2-20240511		2024-05-11T02:16:10Z	
8.7.2-20240515		2024-05-15T13:31:12Z	
8.7.2-20240516		2024-05-16T13:01:32Z	
8.7.2-20240518		2024-05-17T09:15:47Z	
8.7.2-20240520		2024-05-20T13:12:02Z	
8.7.2-20240521		2024-05-21T13:05:48Z	
8.7.2-20240522		2024-05-22T14:02:26Z	
8.7.2-20240523		2024-05-23T11:41:42Z	
8.7.2-20240528		2024-05-27T15:26:14Z	
8.7.2-20240529		2024-05-29T14:29:33Z	
8.7.2-20240530		2024-05-30T07:44:11Z	
8.7.2-20240606		2024-06-06T09:03:33Z	
8.7.2-20240607		2024-06-07T05:23:54Z	
8.7.2-20240611		2024-06-11T01:37:35Z	
8.7.2-20240612		2024-06-12T14:56:44Z	
8.7.2-20240613		2024-06-13T07:28:41Z	
8.7.2-20240616		2024-06-16T04:16:37Z	
8.7.2-20240617		2024-06-17T02:54:22Z	
8.7.2-20240618		2024-06-18T07:46:26Z	
8.7.2-20240619		2024-06-20T12:22:48Z	
8.7.2-20240620		2024-06-20T10:35:17Z	
8.7.2-20240621		2024-06-21T05:49:52Z	
8.7.2-20240622		2024-06-23T10:55:58Z	
8.7.2-20240623		2024-06-23T11:42:36Z	
8.7.2-20240626		2024-06-26T09:24:50Z	
8.7.2-20240627		2024-06-27T13:26:00Z	
8.7.2-20240628		2024-06-28T14:31:50Z	
8.7.2-20240701		2024-07-01T05:39:10Z	
8.7.2-20240702		2024-07-02T03:51:05Z	
8.7.2-20240703		2024-07-03T14:49:27Z	
8.7.2-20240705		2024-07-05T09:02:50Z	
8.7.2-20240706		2024-07-06T13:32:14Z	
8.7.2-20240707		2024-07-07T07:44:59Z	
8.7.2-20240708		2024-07-08T14:21:49Z	
8.7.2-20240709		2024-07-09T15:01:58Z	
8.7.2-20240710		2024-07-10T13:50:36Z	
8.7.2-20240711		2024-07-12T02:47:37Z	
8.7.2-20240712		2024-07-12T03:17:21Z	
8.7.2-20240715		2024-07-15T07:19:27Z	
8.7.2-20240716		2024-07-16T14:45:53Z	
8.7.2-20240717		2024-07-17T12:54:28Z	
8.7.2-20240718		2024-07-18T11:11:08Z	
8.7.2-20240719		2024-07-19T07:34:00Z	
8.7.2-20240720		2024-07-20T14:10:44Z	
8.7.2-20240722		2024-07-22T03:42:03Z	
8.7.2-20240726		2024-07-26T01:59:35Z	
8.7.2-20240727		2024-07-27T09:00:36Z	
8.7.2-20240728		2024-07-28T03:33:28Z	
8.7.2-20240730		2024-07-30T13:18:40Z	
8.7.2-20240801		2024-08-01T05:28:27Z	
8.7.2-20240803		2024-08-03T15:11:24Z	
8.7.2-20240805		2024-08-05T03:42:28Z	
8.7.2-20240807		2024-08-07T15:13:00Z	
8.7.2-20240808		2024-08-08T07:05:36Z	
8.7.2-20240809		2024-08-09T07:04:10Z	
8.7.2-20240810		2024-08-09T15:00:38Z	
8.7.2-20240815		2024-08-15T11:55:36Z	
8.7.2-20240819		2024-08-19T13:19:24Z	
8.7.2-20240823		2024-08-23T08:54:12Z	
8.7.2-20240825		2024-08-25T07:12:47Z	
8.7.2-20240830		2024-08-30T05:05:38Z	
8.7.2-20240831		2024-08-30T17:51:24Z	
8.7.2-20240901		2024-09-01T13:04:26Z	
8.7.2-20240905		2024-09-05T06:42:20Z	
8.7.2-20240909		2024-09-09T12:30:07Z	
8.7.2-20240911		2024-09-11T00:52:33Z	
8.7.2-20240912		2024-09-12T00:52:39Z	
8.7.2-20240916		2024-09-16T11:33:59Z	
8.7.2-20240922		2024-09-23T07:46:39Z	
8.7.2-20240923		2024-09-23T01:39:48Z	
8.7.2-20240925		2024-09-25T02:06:59Z	
8.7.2-20240930		2024-09-30T07:27:14Z	
8.7.2-20241011		2024-10-11T07:40:24Z	
8.7.2-20241012		2024-10-12T16:15:33Z	
8.7.2-20241016		2024-10-16T13:02:49Z	
8.7.2-20241018		2024-10-18T06:06:23Z	
8.7.2-20241022		2024-10-22T11:05:08Z	
8.7.2-20241025		2024-10-25T09:15:37Z	
8.7.2-20241107		2024-11-07T09:37:14Z	
8.7.2-20241120		2024-11-20T08:15:10Z	
8.7.2-20241125		2024-11-25T08:45:48Z	
8.7.2-20241231		2024-12-31T16:11:52Z	
8.7.2-20250101		2025-01-01T06:59:29Z	
8.7.2-20250102		2025-01-02T10:20:40Z	
8.7.2-20250107		2025-01-07T02:20:24Z	
8.7.2-20250108		2025-01-08T08:31:49Z	
8.7.2-20250109		2025-01-09T09:15:56Z	
8.7.2-20250110		2025-01-10T08:51:57Z	
8.7.2-20250125		2025-01-25T02:48:37Z	
8.7.2-20250212		2025-02-12T03:54:02Z	
8.7.2-20250225		2025-02-25T11:56:13Z	
8.7.2-20250312		2025-03-12T11:13:32Z	
8.7.2-20250401		2025-04-01T09:20:09Z	
8.7.2-20250404		2025-04-04T04:32:51Z	
8.7.2-20250502		2025-05-02T03:20:03Z	
8.7.2-20250509		2025-05-09T03:19:02Z	
8.7.2-20250518		2025-05-18T06:11:22Z	
8.7.2-20250520		2025-05-20T06:30:36Z	
8.7.2-20250603		2025-06-03T09:03:54Z	
8.7.2-20250630		2025-06-30T06:39:28Z	
8.7.2-20250715		2025-07-15T08:17:35Z	
8.7.2-20250717		2025-07-17T15:39:36Z	
8.7.2-20250719		2025-07-19T10:59:38Z	
8.7.2-20250721		2025-07-21T13:33:03Z	
8.7.2-20250722		2025-07-22T11:14:41Z	
8.7.2-20250801		2025-08-01T05:25:53Z	
8.7.2-20250805		2025-08-04T22:37:17Z	
8.7.2-20250806		2025-08-06T01:02:37Z	
8.7.2-20250817		2025-08-17T15:58:06Z	
8.7.2-20250818		2025-08-18T08:00:13Z	
8.7.2-20250826		2025-08-26T10:01:41Z	
8.7.2-20250827		2025-08-26T23:45:34Z	
8.7.2-20250903		2025-09-03T09:27:22Z	
8.7.2-20250916		2025-09-16T07:43:30Z	
8.7.2-20250918		2025-09-18T12:36:46Z	
8.7.2-20251010		2025-10-10T13:12:27Z	
8.7.2-20251011		2025-10-11T07:23:35Z	
8.7.2-20251111		2025-11-11T08:44:50Z	
8.7.2-20251120		2025-11-20T07:46:54Z	
8.7.2-jdk11-20240816		2024-08-16T08:28:57Z	
8.7.2-jdk11-20240819		2024-08-19T13:57:18Z	
8.7.2-jdk11-20240826		2024-08-26T02:39:40Z	
8.7.2-jdk11-20240827		2024-08-27T05:57:55Z	
8.7.2-jdk11-20240830		2024-08-30T09:13:03Z	
8.7.2-jdk11-20240911		2024-09-11T05:24:12Z	
8.7.2-jdk11-20240912		2024-09-12T08:33:16Z	
8.7.2-jdk11-20240919		2024-09-19T08:42:03Z	
8.7.2-jdk11-20241015		2024-10-15T06:42:29Z	
8.7.2-jdk11-20241022		2024-10-22T02:32:40Z	
8.7.2-jdk11-20241231		2024-12-31T06:40:01Z	
8.7.2-jdk11-20250101		2024-12-31T17:26:39Z	
8.7.2-jdk11-20250102		2025-01-02T06:57:24Z	
8.7.2-jdk11-20250108		2025-01-08T07:26:35Z	
8.7.2-jdk11-20250212		2025-02-12T06:45:36Z	
8.7.2-jdk11-20250312		2025-03-12T15:42:35Z	
8.7.2-jdk11-20250404		2025-04-04T08:25:48Z	
8.7.2-jdk11-20250502		2025-05-02T15:55:40Z	
8.7.2-jdk11-20250509		2025-05-09T06:29:39Z	
8.7.2-jdk11-20250515		2025-05-15T11:26:45Z	
8.7.2-jdk11-20250520		2025-05-20T06:18:33Z	
8.7.2-jdk11-20250603		2025-06-03T08:27:15Z	
8.7.2-jdk11-20250630		2025-06-30T07:02:56Z	
8.7.2-jdk11-20250715		2025-07-15T08:54:21Z	
8.7.2-jdk11-20250719		2025-07-19T10:18:11Z	
8.7.2-jdk11-20250722		2025-07-22T11:20:42Z	
8.7.2-jdk11-20250805		2025-08-04T23:14:54Z	
8.7.2-jdk11-20250806		2025-08-06T00:55:16Z	
8.7.2-jdk11-20250817		2025-08-17T13:20:49Z	
8.7.2-jdk11-20250818		2025-08-18T07:50:35Z	
8.7.2-jdk11-20250826		2025-08-26T10:19:50Z	
8.7.2-jdk11-20250827		2025-08-27T02:53:30Z	
8.7.2-jdk11-20250903		2025-09-03T09:33:25Z	
8.7.2-jdk11-20250916		2025-09-16T07:58:40Z	
8.7.2-jdk11-20250918		2025-09-18T14:40:04Z	
8.7.2-jdk17-20240501		2024-05-01T14:49:54Z	
8.7.2-jdk17-20240505		2024-05-06T04:12:39Z	
8.7.2-jdk17-20240506		2024-05-06T12:29:57Z	
8.7.2-jdk17-20240507		2024-05-07T11:52:33Z	
8.7.2-jdk17-20240508		2024-05-08T06:28:02Z	
8.7.2-jdk17-20240509		2024-05-09T13:17:53Z	
8.7.2-jdk17-20240511		2024-05-11T01:49:51Z	
8.7.2-jdk17-20240515		2024-05-15T13:16:20Z	
8.7.2-jdk17-20240516		2024-05-16T14:04:54Z	
8.7.2-jdk17-20240517		2024-05-17T02:03:10Z	
8.7.2-jdk17-20240518		2024-05-17T09:20:14Z	
8.7.2-jdk17-20240521		2024-05-21T13:33:51Z	
8.7.2-jdk17-20240522		2024-05-22T05:19:29Z	
8.7.2-jdk17-20240528		2024-05-28T06:04:38Z	
8.7.2-jdk17-20240530		2024-05-30T07:02:40Z	
8.7.2-jdk17-20240606		2024-06-06T11:44:47Z	
8.7.2-jdk17-20240607		2024-06-07T07:11:20Z	
8.7.2-jdk17-20240611		2024-06-11T02:05:43Z	
8.7.2-jdk17-20240612		2024-06-12T16:04:21Z	
8.7.2-jdk17-20240613		2024-06-13T09:26:34Z	
8.7.2-jdk17-20240616		2024-06-16T07:12:39Z	
8.7.2-jdk17-20240617		2024-06-17T03:56:45Z	
8.7.2-jdk17-20240618		2024-06-18T08:59:52Z	
8.7.2-jdk17-20240620		2024-06-20T05:41:20Z	
8.7.2-jdk17-20240621		2024-06-21T01:54:20Z	
8.7.2-jdk17-20240623		2024-06-23T11:33:51Z	
8.7.2-jdk17-20240626		2024-06-26T13:40:11Z	
8.7.2-jdk17-20240627		2024-06-27T14:42:57Z	
8.7.2-jdk17-20240701		2024-07-01T03:57:53Z	
8.7.2-jdk17-20240702		2024-07-02T05:04:23Z	
8.7.2-jdk17-20240705		2024-07-05T09:21:05Z	
8.7.2-jdk17-20240706		2024-07-06T16:34:13Z	
8.7.2-jdk17-20240707		2024-07-07T08:19:23Z	
8.7.2-jdk17-20240708		2024-07-08T14:34:23Z	
8.7.2-jdk17-20240709		2024-07-09T14:58:12Z	
8.7.2-jdk17-20240712		2024-07-12T03:56:34Z	
8.7.2-jdk17-20240715		2024-07-15T07:35:19Z	
8.7.2-jdk17-20240716		2024-07-16T12:27:38Z	
8.7.2-jdk17-20240717		2024-07-17T13:01:45Z	
8.7.2-jdk17-20240718		2024-07-18T11:05:24Z	
8.7.2-jdk17-20240719		2024-07-19T08:15:23Z	
8.7.2-jdk17-20240720		2024-07-20T14:51:52Z	
8.7.2-jdk17-20240722		2024-07-22T03:14:22Z	
8.7.2-jdk17-20240726		2024-07-26T02:39:55Z	
8.7.2-jdk17-20240727		2024-07-27T11:32:30Z	
8.7.2-jdk17-20240728		2024-07-28T03:53:03Z	
8.7.2-jdk17-20240730		2024-07-30T13:38:14Z	
8.7.2-jdk17-20240801		2024-08-01T05:52:42Z	
8.7.2-jdk17-20240805		2024-08-05T03:41:14Z	
8.7.2-jdk17-20240807		2024-08-08T01:11:08Z	
8.7.2-jdk17-20240808		2024-08-08T08:30:33Z	
8.7.2-jdk17-20240809		2024-08-09T06:45:47Z	
8.7.2-jdk17-20240815		2024-08-15T02:36:23Z	
8.7.2-jdk17-20240819		2024-08-19T13:45:12Z	
8.7.2-jdk17-20240827		2024-08-27T08:55:20Z	
8.7.2-jdk17-20240902		2024-09-02T11:29:10Z	
8.7.2-jdk17-20240911		2024-09-11T05:05:08Z	
8.7.2-jdk17-20240912		2024-09-12T06:33:03Z	
8.7.2-jdk17-20240919		2024-09-19T07:20:25Z	
8.7.2-jdk17-20240920		2024-09-20T03:40:02Z	
8.7.2-jdk17-20240925		2024-09-25T06:49:55Z	
8.7.2-jdk17-20240930		2024-09-30T07:56:26Z	
8.7.2-jdk17-20241015		2024-10-15T06:10:53Z	
8.7.2-jdk17-20241022		2024-10-22T03:45:30Z	
8.7.2-jdk17-20241125		2024-11-25T05:46:07Z	
8.7.2-jdk17-20241231		2024-12-31T09:25:29Z	
8.7.2-jdk17-20250101		2025-01-01T09:04:05Z	
8.7.2-jdk17-20250102		2025-01-02T06:29:38Z	
8.7.2-jdk17-20250108		2025-01-08T06:04:24Z	
8.7.2-jdk17-20250109		2025-01-09T06:03:24Z	
8.7.2-jdk17-20250212		2025-02-12T02:44:20Z	
8.7.2-jdk17-20250312		2025-03-12T15:22:14Z	
8.7.2-jdk17-20250404		2025-04-04T07:51:57Z	
8.7.2-jdk17-20250502		2025-05-02T14:49:12Z	
8.7.2-jdk17-20250509		2025-05-09T05:55:04Z	
8.7.2-jdk17-20250515		2025-05-15T11:16:55Z	
8.7.2-jdk17-20250520		2025-05-20T05:58:03Z	
8.7.2-jdk17-20250603		2025-06-03T06:43:52Z	
8.7.2-jdk17-20250630		2025-06-30T07:25:36Z	
8.7.2-jdk17-20250715		2025-07-15T08:48:03Z	
8.7.2-jdk17-20250719		2025-07-19T09:08:42Z	
8.7.2-jdk17-20250722		2025-07-22T11:21:06Z	
8.7.2-jdk17-20250805		2025-08-04T23:06:01Z	
8.7.2-jdk17-20250806		2025-08-06T01:00:25Z	
8.7.2-jdk17-20250817		2025-08-17T10:33:03Z	
8.7.2-jdk17-20250818		2025-08-18T07:49:24Z	
8.7.2-jdk17-20250826		2025-08-26T10:07:40Z	
8.7.2-jdk17-20250827		2025-08-27T01:13:06Z	
8.7.2-jdk17-20250903		2025-09-03T09:39:10Z	
8.7.2-jdk17-20250916		2025-09-16T08:06:27Z	
8.7.2-jdk17-20250918		2025-09-18T13:44:22Z	
8.7.2-jdk21-20240501		2024-05-01T14:50:23Z	
8.7.2-jdk21-20240505		2024-05-06T04:06:03Z	
8.7.2-jdk21-20240506		2024-05-06T10:36:20Z	
8.7.2-jdk21-20240507		2024-05-07T11:29:29Z	
8.7.2-jdk21-20240508		2024-05-08T06:00:31Z	
8.7.2-jdk21-20240509		2024-05-09T13:07:19Z	
8.7.2-jdk21-20240511		2024-05-11T01:33:49Z	
8.7.2-jdk21-20240515		2024-05-15T13:06:10Z	
8.7.2-jdk21-20240516		2024-05-16T13:36:26Z	
8.7.2-jdk21-20240517		2024-05-17T01:57:23Z	
8.7.2-jdk21-20240518		2024-05-17T08:09:52Z	
8.7.2-jdk21-20240520		2024-05-20T12:58:55Z	
8.7.2-jdk21-20240521		2024-05-21T13:26:04Z	
8.7.2-jdk21-20240522		2024-05-22T05:05:52Z	
8.7.2-jdk21-20240525		2024-05-24T05:15:24Z	
8.7.2-jdk21-20240528		2024-05-28T06:03:32Z	
8.7.2-jdk21-20240530		2024-05-30T06:00:03Z	
8.7.2-jdk21-20240606		2024-06-06T11:44:18Z	
8.7.2-jdk21-20240607		2024-06-07T06:31:55Z	
8.7.2-jdk21-20240611		2024-06-11T02:39:19Z	
8.7.2-jdk21-20240612		2024-06-12T15:49:35Z	
8.7.2-jdk21-20240613		2024-06-13T08:59:38Z	
8.7.2-jdk21-20240616		2024-06-16T05:36:28Z	
8.7.2-jdk21-20240617		2024-06-17T03:57:08Z	
8.7.2-jdk21-20240618		2024-06-18T09:01:50Z	
8.7.2-jdk21-20240619		2024-06-20T11:53:20Z	
8.7.2-jdk21-20240621		2024-06-21T03:38:20Z	
8.7.2-jdk21-20240623		2024-06-23T11:09:00Z	
8.7.2-jdk21-20240626		2024-06-26T12:27:39Z	
8.7.2-jdk21-20240627		2024-06-27T13:27:05Z	
8.7.2-jdk21-20240701		2024-07-01T05:23:06Z	
8.7.2-jdk21-20240702		2024-07-02T04:48:29Z	
8.7.2-jdk21-20240705		2024-07-05T09:09:08Z	
8.7.2-jdk21-20240706		2024-07-06T16:35:51Z	
8.7.2-jdk21-20240707		2024-07-07T08:43:03Z	
8.7.2-jdk21-20240708		2024-07-08T14:30:20Z	
8.7.2-jdk21-20240709		2024-07-09T15:02:36Z	
8.7.2-jdk21-20240712		2024-07-12T05:04:23Z	
8.7.2-jdk21-20240715		2024-07-15T07:29:51Z	
8.7.2-jdk21-20240716		2024-07-16T12:18:26Z	
8.7.2-jdk21-20240717		2024-07-17T12:50:58Z	
8.7.2-jdk21-20240718		2024-07-18T11:01:25Z	
8.7.2-jdk21-20240719		2024-07-19T08:40:21Z	
8.7.2-jdk21-20240720		2024-07-20T14:50:03Z	
8.7.2-jdk21-20240722		2024-07-22T02:55:30Z	
8.7.2-jdk21-20240725		2024-07-25T15:52:03Z	
8.7.2-jdk21-20240726		2024-07-26T03:06:55Z	
8.7.2-jdk21-20240727		2024-07-27T11:01:06Z	
8.7.2-jdk21-20240728		2024-07-28T02:56:44Z	
8.7.2-jdk21-20240730		2024-07-30T13:03:50Z	
8.7.2-jdk21-20240801		2024-08-01T06:07:34Z	
8.7.2-jdk21-20240805		2024-08-05T04:31:29Z	
8.7.2-jdk21-20240807		2024-08-07T15:05:57Z	
8.7.2-jdk21-20240808		2024-08-08T09:23:28Z	
8.7.2-jdk21-20240809		2024-08-09T06:30:25Z	
8.7.2-jdk21-20240815		2024-08-15T03:21:07Z	
8.7.2-jdk21-20240819		2024-08-19T13:37:20Z	
8.7.2-jdk21-20240827		2024-08-27T10:13:53Z	
8.7.2-jdk21-20240902		2024-09-02T13:16:16Z	
8.7.2-jdk21-20240911		2024-09-11T04:48:31Z	
8.7.2-jdk21-20240912		2024-09-12T05:51:01Z	
8.7.2-jdk21-20240916		2024-09-16T13:10:55Z	
8.7.2-jdk21-20240925		2024-09-25T08:00:45Z	
8.7.2-jdk21-20240930		2024-09-30T08:59:17Z	
8.7.2-jdk21-20241009		2024-10-09T06:35:06Z	
8.7.2-jdk21-20241010		2024-10-10T03:07:06Z	
8.7.2-jdk21-20241015		2024-10-15T02:55:29Z	
8.7.2-jdk21-20241016		2024-10-16T11:16:40Z	
8.7.2-jdk21-20241018		2024-10-18T05:32:58Z	
8.7.2-jdk21-20241022		2024-10-22T09:58:38Z	
8.7.2-jdk21-20241025		2024-10-25T06:40:52Z	
8.7.2-jdk21-20241125		2024-11-25T07:54:37Z	
8.7.2-jdk21-20241203		2024-12-03T08:32:43Z	
8.7.2-jdk21-20241231		2024-12-31T15:59:36Z	
8.7.2-jdk21-20250101		2025-01-01T10:13:10Z	
8.7.2-jdk21-20250102		2025-01-02T06:00:38Z	
8.7.2-jdk21-20250108		2025-01-08T01:44:01Z	
8.7.2-jdk21-20250109		2025-01-09T05:22:11Z	
8.7.2-jdk21-20250212		2025-02-12T00:46:38Z	
8.7.2-jdk21-20250312		2025-03-12T15:00:39Z	
8.7.2-jdk21-20250404		2025-04-04T05:52:50Z	
8.7.2-jdk21-20250502		2025-05-02T11:15:44Z	
8.7.2-jdk21-20250509		2025-05-09T03:37:42Z	
8.7.2-jdk21-20250520		2025-05-20T05:45:34Z	
8.7.2-jdk21-20250603		2025-06-03T03:21:23Z	
8.7.2-jdk21-20250630		2025-06-30T07:46:06Z	
8.7.2-jdk21-20250715		2025-07-15T08:25:54Z	
8.7.2-jdk21-20250719		2025-07-19T09:37:46Z	
8.7.2-jdk21-20250722		2025-07-22T11:20:31Z	
8.7.2-jdk21-20250805		2025-08-04T22:55:53Z	
8.7.2-jdk21-20250806		2025-08-06T00:58:31Z	
8.7.2-jdk21-20250817		2025-08-17T10:21:57Z	
8.7.2-jdk21-20250818		2025-08-18T00:47:54Z	
8.7.2-jdk21-20250826		2025-08-26T10:14:22Z	
8.7.2-jdk21-20250827		2025-08-27T00:12:31Z	
8.7.2-jdk21-20250903		2025-09-03T09:46:14Z	
8.7.2-jdk21-20250916		2025-09-16T08:11:36Z	
8.7.2-jdk21-20250918		2025-09-18T13:38:35Z	
8.7.3-20251011		2025-10-11T07:27:29Z	
8.7.3-20251022		2025-10-22T13:34:43Z	
8.7.3-20251115		2025-11-15T02:52:01Z	
8.7.3-20251120		2025-11-20T14:45:20Z	
8.7.3-20251206		2025-12-06T08:43:25Z	
8.7.3-20251210		2025-12-10T13:57:38Z	
8.7.3-20251225		2025-12-24T16:16:19Z	
8.7.3-20260101		2026-01-01T12:21:05Z	
8.7.3-20260202		2026-02-02T05:11:37Z	
8.7.3-20260306		2026-03-06T02:38:00Z	
8.7.3-20260319		2026-03-19T08:37:03Z	
8.7.3-20260501		2026-05-01T03:36:49Z	
8.7.3-jdk11-20251011		2025-10-11T07:46:30Z	
8.7.3-jdk11-20251022		2025-10-22T14:38:10Z	
8.7.3-jdk11-20251115		2025-11-15T04:04:12Z	
8.7.3-jdk11-20251120		2025-11-20T14:55:48Z	
8.7.3-jdk11-20251206		2025-12-06T13:29:46Z	
8.7.3-jdk11-20251210		2025-12-10T14:19:17Z	
8.7.3-jdk11-20251225		2025-12-24T17:04:13Z	
8.7.3-jdk11-20260202		2026-02-02T05:31:48Z	
8.7.3-jdk11-20260306		2026-03-06T02:44:46Z	
8.7.3-jdk11-20260319		2026-03-19T09:17:01Z	
8.7.3-jdk11-20260501		2026-05-01T03:36:53Z	
8.7.3-jdk17-20251011		2025-10-11T07:33:49Z	
8.7.3-jdk17-20251022		2025-10-22T14:37:01Z	
8.7.3-jdk17-20251115		2025-11-15T04:04:11Z	
8.7.3-jdk17-20251120		2025-11-20T14:52:23Z	
8.7.3-jdk17-20251206		2025-12-06T13:26:42Z	
8.7.3-jdk17-20251210		2025-12-10T14:11:11Z	
8.7.3-jdk17-20251225		2025-12-24T16:59:21Z	
8.7.3-jdk17-20260101		2026-01-01T12:15:48Z	
8.7.3-jdk17-20260202		2026-02-02T05:18:58Z	
8.7.3-jdk17-20260306		2026-03-06T03:05:40Z	
8.7.3-jdk17-20260319		2026-03-19T09:01:02Z	
8.7.3-jdk17-20260501		2026-05-01T02:30:15Z	
8.7.3-jdk21-20251011		2025-10-11T07:46:21Z	
8.7.3-jdk21-20251022		2025-10-22T14:24:17Z	
8.7.3-jdk21-20251115		2025-11-15T03:02:04Z	
8.7.3-jdk21-20251120		2025-11-20T14:49:40Z	
8.7.3-jdk21-20251206		2025-12-06T13:19:12Z	
8.7.3-jdk21-20251210		2025-12-10T14:05:34Z	
8.7.3-jdk21-20251225		2025-12-24T16:32:57Z	
8.7.3-jdk21-20260101		2026-01-01T12:09:03Z	
8.7.3-jdk21-20260202		2026-02-02T05:16:35Z	
8.7.3-jdk21-20260306		2026-03-06T02:50:09Z	
8.7.3-jdk21-20260319		2026-03-19T08:49:45Z	
8.7.3-jdk21-20260501		2026-05-01T02:53:41Z	
8.7.3-jdk21-boot4-20251225		2025-12-24T16:26:12Z	
8.7.3-jdk21-boot4-20260101		2026-01-01T12:03:08Z	
8.7.3-jdk21-boot4-20260202		2026-02-02T05:27:44Z	
8.7.3-jdk21-boot4-20260306		2026-03-06T02:58:15Z	
8.7.3-jdk21-boot4-20260318		2026-03-18T14:47:44Z	
8.7.3-jdk21-boot4-20260319		2026-03-19T08:43:13Z	
8.7.3-jdk21-boot4-20260501		2026-05-01T03:14:48Z	
8.7.5-20260507		2026-05-07T08:48:37Z	
8.7.5-20260601		2026-06-01T10:41:28Z	
8.7.5-20260605		2026-06-05T01:53:26Z	
8.7.5-20260611		2026-06-11T09:11:00Z	
8.7.5-20260618		2026-06-18T13:45:00Z	
8.7.5-20260703		2026-07-03T14:54:09Z	
8.7.5-20260707			
8.7.5-20260715			
8.7.5-20260730			
8.7.5-20260805		2026-08-05T04:31:13Z	
8.7.5-jdk11-20260507		2026-05-07T08:25:27Z	
8.7.5-jdk11-20260601		2026-06-01T11:06:45Z	
8.7.5-jdk11-20260605		2026-06-05T02:11:13Z	
8.7.5-jdk11-20260618		2026-06-18T14:24:48Z	
8.7.5-jdk11-20260707			
8.7.5-jdk11-20260715			
8.7.5-jdk11-20260730			
8.7.5-jdk11-20260805		2026-08-05T05:12:22Z	
8.7.5-jdk17-20260507		2026-05-07T08:14:06Z	
8.7.5-jdk17-20260601		2026-06-01T11:01:41Z	
8.7.5-jdk17-20260605		2026-06-05T02:12:28Z	
8.7.5-jdk17-20260618		2026-06-18T14:28:25Z	
8.7.5-jdk17-20260707			
8.7.5-jdk17-20260715			
8.7.5-jdk17-20260730			
8.7.5-jdk17-20260805		2026-08-05T04:54:30Z	
8.7.5-jdk21-20260507		2026-05-07T08:04:32Z	
8.7.5-jdk21-20260601		2026-06-01T10:55:04Z	
8.7.5-jdk21-20260605		2026-06-05T02:36:43Z	
8.7.5-jdk21-20260618		2026-06-18T14:16:16Z	
8.7.5-jdk21-20260707			
8.7.5-jdk21-20260715			
8.7.5-jdk21-20260730			
8.7.5-jdk21-20260805		2026-08-05T04:48:49Z	
8.7.5-jdk21-boot4-20260507		2026-05-07T07:57:19Z	
8.7.5-jdk21-boot4-20260601		2026-06-01T10:49:35Z	
8.7.5-jdk21-boot4-20260605		2026-06-05T02:03:32Z	
8.7.5-jdk21-boot4-20260607		2026-06-07T02:50:20Z	
8.7.5-jdk21-boot4-20260608		2026-06-07T05:46:05Z	
8.7.5-jdk21-boot4-20260609		2026-06-09T02:41:41Z	
8.7.5-jdk21-boot4-20260618		2026-06-18T14:59:18Z	
8.7.5-jdk21-boot4-20260707			
8.7.5-jdk21-boot4-20260715			
8.7.5-jdk21-boot4-20260730			
8.7.5-jdk21-boot4-20260805		2026-08-05T04:38:00Z	
8.7.5-jdk25-boot4-20260721			
8.7.5-jdk25-boot4-20260730			
8.7.5-jdk25-boot4-20260805		2026-08-05T05:21:07Z	
8.7.6-20260806		2026-08-06T03:11:57Z	
8.7.6-20260808		2026-08-09T03:15:19Z	
8.7.6-20260815		2026-08-15T01:48:32Z	
8.7.6-20260930			
9.7.6-20260806		2026-08-06T03:19:03Z	
