5.0.0		2023-05-19T17:35:44Z	
5.0.0-M1		2023-03-14T21:45:28Z	
5.0.0-M2		2023-04-14T17:43:52Z	
5.0.0-RC1		2023-04-14T23:37:58Z	
5.0.0-RC2		2023-05-05T05:53:46Z	
5.1.0		2023-11-16T07:07:42Z	
5.2.0		2024-04-19T15:18:52Z	
5.3.0		2024-05-31T19:52:19Z	
6.0.0		2024-01-18T19:03:19Z	
6.0.0-M1		2023-05-10T01:26:54Z	
6.0.0-M2		2023-06-16T18:09:50Z	
6.0.0-M3		2023-08-25T06:00:04Z	
6.0.0-RC1		2023-12-12T20:13:35Z	
6.0.0-RC2		2024-01-14T05:04:26Z	
6.1.0		2024-02-23T19:59:27Z	
6.2.0		2024-03-07T18:32:19Z	
6.3.0		2024-04-19T15:07:03Z	
6.4.0		2024-05-31T19:43:54Z	
6.5.0		2024-07-15T23:30:44Z	
6.6.0		2024-11-26T18:01:08Z	
6.7.0		2025-03-07T23:31:31Z	
7.0.0		2025-09-08T21:18:36Z	
7.0.0-M1		2024-02-23T19:44:44Z	
7.0.0-M2		2024-07-15T23:25:32Z	
7.0.0-RC1		2025-04-25T18:21:42Z	
7.0.0-RC2		2025-07-03T23:17:14Z	
7.0.0-RC3		2025-07-11T23:32:24Z	
7.0.0-RC4		2025-08-29T18:24:41Z	
7.1.0		2025-09-22T22:52:33Z	
7.1.1		2025-09-28T00:23:18Z	
7.10.0		2026-03-25T20:04:56Z	
7.11.0		2026-04-17T19:51:38Z	
7.12.0		2026-05-18T17:50:03Z	
7.13.0		2026-06-01T21:18:01Z	
7.14.0		2026-08-13T04:27:35Z	
7.15.0			
7.16.0			
7.2.0		2025-10-17T18:29:04Z	
7.3.0		2025-10-29T22:51:39Z	
7.4.0		2025-11-26T17:42:06Z	
7.5.0		2025-12-09T20:05:45Z	
7.6.0		2025-12-20T22:45:03Z	
7.7.0		2026-01-12T21:57:23Z	
7.8.0		2026-02-03T02:36:08Z	
7.9.0		2026-02-12T23:56:57Z	
