1.1.0		2022-05-03T19:20:42Z	
2.0.0-f7c174410e		2024-02-16T00:56:39Z	
2.1.0		2024-08-12T00:23:15Z	
