0.3.2		2013-04-23T16:03:58Z	
