0.0.4		2023-03-29T18:15:29Z	
0.0.5		2023-05-01T13:17:52Z	
0.0.6		2023-05-11T07:57:06Z	
0.0.7		2023-06-08T15:18:46Z	
0.0.8		2023-06-27T07:26:58Z	
0.0.9		2023-06-27T11:48:36Z	
0.1.0		2023-08-01T09:13:02Z	
0.1.1		2023-08-03T11:36:44Z	
0.1.2		2023-08-30T07:33:10Z	
0.1.3		2023-09-05T07:28:05Z	
0.2.1		2023-09-20T13:03:47Z	
0.2.10		2024-03-25T12:36:56Z	
0.2.11		2024-05-22T14:07:30Z	
0.2.2		2023-09-21T11:26:59Z	
0.2.3		2023-09-27T12:17:43Z	
0.2.4		2023-10-18T08:02:17Z	
0.2.5		2024-01-10T13:04:03Z	
0.2.6		2024-01-10T14:58:26Z	
0.2.7		2024-01-11T09:55:49Z	
0.2.8		2024-03-25T08:20:30Z	
0.3.0		2024-07-10T13:25:24Z	
0.3.1		2024-07-11T12:00:40Z	
0.4.0		2024-08-17T13:18:59Z	
0.5.0		2024-08-28T08:19:30Z	
0.5.1		2024-08-28T08:52:30Z	
0.6.0		2024-09-02T12:00:50Z	
0.6.1		2024-11-28T10:42:49Z	
0.6.3			
