2.1.1	named	net.dongliu	xhttp-json-jackson
2.1.0	named	net.dongliu	xhttp-json-jackson
2.0.0	named	net.dongliu	xhttp-json-jackson
