22.0.0.1			IOException: Tail request on https://maven-central.storage-download.googleapis.com/maven2/io/openliberty/features/io.openliberty.messaging.internal-3.0/22.0.0.1/io.openliberty.messaging.internal-3.0-22.0.0.1.jar returned status 404
22.0.0.10			IOException: Tail request on https://maven-central.storage-download.googleapis.com/maven2/io/openliberty/features/io.openliberty.messaging.internal-3.0/22.0.0.10/io.openliberty.messaging.internal-3.0-22.0.0.10.jar returned status 404
22.0.0.11			IOException: Tail request on https://maven-central.storage-download.googleapis.com/maven2/io/openliberty/features/io.openliberty.messaging.internal-3.0/22.0.0.11/io.openliberty.messaging.internal-3.0-22.0.0.11.jar returned status 404
22.0.0.12			IOException: Tail request on https://maven-central.storage-download.googleapis.com/maven2/io/openliberty/features/io.openliberty.messaging.internal-3.0/22.0.0.12/io.openliberty.messaging.internal-3.0-22.0.0.12.jar returned status 404
22.0.0.13			IOException: Tail request on https://maven-central.storage-download.googleapis.com/maven2/io/openliberty/features/io.openliberty.messaging.internal-3.0/22.0.0.13/io.openliberty.messaging.internal-3.0-22.0.0.13.jar returned status 404
22.0.0.2			IOException: Tail request on https://maven-central.storage-download.googleapis.com/maven2/io/openliberty/features/io.openliberty.messaging.internal-3.0/22.0.0.2/io.openliberty.messaging.internal-3.0-22.0.0.2.jar returned status 404
22.0.0.3			IOException: Tail request on https://maven-central.storage-download.googleapis.com/maven2/io/openliberty/features/io.openliberty.messaging.internal-3.0/22.0.0.3/io.openliberty.messaging.internal-3.0-22.0.0.3.jar returned status 404
22.0.0.4			IOException: Tail request on https://maven-central.storage-download.googleapis.com/maven2/io/openliberty/features/io.openliberty.messaging.internal-3.0/22.0.0.4/io.openliberty.messaging.internal-3.0-22.0.0.4.jar returned status 404
22.0.0.5			IOException: Tail request on https://maven-central.storage-download.googleapis.com/maven2/io/openliberty/features/io.openliberty.messaging.internal-3.0/22.0.0.5/io.openliberty.messaging.internal-3.0-22.0.0.5.jar returned status 404
22.0.0.6			IOException: Tail request on https://maven-central.storage-download.googleapis.com/maven2/io/openliberty/features/io.openliberty.messaging.internal-3.0/22.0.0.6/io.openliberty.messaging.internal-3.0-22.0.0.6.jar returned status 404
22.0.0.7			IOException: Tail request on https://maven-central.storage-download.googleapis.com/maven2/io/openliberty/features/io.openliberty.messaging.internal-3.0/22.0.0.7/io.openliberty.messaging.internal-3.0-22.0.0.7.jar returned status 404
22.0.0.8			IOException: Tail request on https://maven-central.storage-download.googleapis.com/maven2/io/openliberty/features/io.openliberty.messaging.internal-3.0/22.0.0.8/io.openliberty.messaging.internal-3.0-22.0.0.8.jar returned status 404
22.0.0.9			IOException: Tail request on https://maven-central.storage-download.googleapis.com/maven2/io/openliberty/features/io.openliberty.messaging.internal-3.0/22.0.0.9/io.openliberty.messaging.internal-3.0-22.0.0.9.jar returned status 404
23.0.0.1			IOException: Tail request on https://maven-central.storage-download.googleapis.com/maven2/io/openliberty/features/io.openliberty.messaging.internal-3.0/23.0.0.1/io.openliberty.messaging.internal-3.0-23.0.0.1.jar returned status 404
23.0.0.10			IOException: Tail request on https://maven-central.storage-download.googleapis.com/maven2/io/openliberty/features/io.openliberty.messaging.internal-3.0/23.0.0.10/io.openliberty.messaging.internal-3.0-23.0.0.10.jar returned status 404
23.0.0.11			IOException: Tail request on https://maven-central.storage-download.googleapis.com/maven2/io/openliberty/features/io.openliberty.messaging.internal-3.0/23.0.0.11/io.openliberty.messaging.internal-3.0-23.0.0.11.jar returned status 404
23.0.0.12			IOException: Tail request on https://maven-central.storage-download.googleapis.com/maven2/io/openliberty/features/io.openliberty.messaging.internal-3.0/23.0.0.12/io.openliberty.messaging.internal-3.0-23.0.0.12.jar returned status 404
23.0.0.2			IOException: Tail request on https://maven-central.storage-download.googleapis.com/maven2/io/openliberty/features/io.openliberty.messaging.internal-3.0/23.0.0.2/io.openliberty.messaging.internal-3.0-23.0.0.2.jar returned status 404
23.0.0.3			IOException: Tail request on https://maven-central.storage-download.googleapis.com/maven2/io/openliberty/features/io.openliberty.messaging.internal-3.0/23.0.0.3/io.openliberty.messaging.internal-3.0-23.0.0.3.jar returned status 404
23.0.0.4			IOException: Tail request on https://maven-central.storage-download.googleapis.com/maven2/io/openliberty/features/io.openliberty.messaging.internal-3.0/23.0.0.4/io.openliberty.messaging.internal-3.0-23.0.0.4.jar returned status 404
23.0.0.5			IOException: Tail request on https://maven-central.storage-download.googleapis.com/maven2/io/openliberty/features/io.openliberty.messaging.internal-3.0/23.0.0.5/io.openliberty.messaging.internal-3.0-23.0.0.5.jar returned status 404
23.0.0.6			IOException: Tail request on https://maven-central.storage-download.googleapis.com/maven2/io/openliberty/features/io.openliberty.messaging.internal-3.0/23.0.0.6/io.openliberty.messaging.internal-3.0-23.0.0.6.jar returned status 404
23.0.0.7			IOException: Tail request on https://maven-central.storage-download.googleapis.com/maven2/io/openliberty/features/io.openliberty.messaging.internal-3.0/23.0.0.7/io.openliberty.messaging.internal-3.0-23.0.0.7.jar returned status 404
23.0.0.8			IOException: Tail request on https://maven-central.storage-download.googleapis.com/maven2/io/openliberty/features/io.openliberty.messaging.internal-3.0/23.0.0.8/io.openliberty.messaging.internal-3.0-23.0.0.8.jar returned status 404
23.0.0.9			IOException: Tail request on https://maven-central.storage-download.googleapis.com/maven2/io/openliberty/features/io.openliberty.messaging.internal-3.0/23.0.0.9/io.openliberty.messaging.internal-3.0-23.0.0.9.jar returned status 404
24.0.0.1			IOException: Tail request on https://maven-central.storage-download.googleapis.com/maven2/io/openliberty/features/io.openliberty.messaging.internal-3.0/24.0.0.1/io.openliberty.messaging.internal-3.0-24.0.0.1.jar returned status 404
24.0.0.10			IOException: Tail request on https://maven-central.storage-download.googleapis.com/maven2/io/openliberty/features/io.openliberty.messaging.internal-3.0/24.0.0.10/io.openliberty.messaging.internal-3.0-24.0.0.10.jar returned status 404
24.0.0.11			IOException: Tail request on https://maven-central.storage-download.googleapis.com/maven2/io/openliberty/features/io.openliberty.messaging.internal-3.0/24.0.0.11/io.openliberty.messaging.internal-3.0-24.0.0.11.jar returned status 404
24.0.0.12			IOException: Tail request on https://maven-central.storage-download.googleapis.com/maven2/io/openliberty/features/io.openliberty.messaging.internal-3.0/24.0.0.12/io.openliberty.messaging.internal-3.0-24.0.0.12.jar returned status 404
24.0.0.2			IOException: Tail request on https://maven-central.storage-download.googleapis.com/maven2/io/openliberty/features/io.openliberty.messaging.internal-3.0/24.0.0.2/io.openliberty.messaging.internal-3.0-24.0.0.2.jar returned status 404
24.0.0.3			IOException: Tail request on https://maven-central.storage-download.googleapis.com/maven2/io/openliberty/features/io.openliberty.messaging.internal-3.0/24.0.0.3/io.openliberty.messaging.internal-3.0-24.0.0.3.jar returned status 404
24.0.0.4			IOException: Tail request on https://maven-central.storage-download.googleapis.com/maven2/io/openliberty/features/io.openliberty.messaging.internal-3.0/24.0.0.4/io.openliberty.messaging.internal-3.0-24.0.0.4.jar returned status 404
24.0.0.5			IOException: Tail request on https://maven-central.storage-download.googleapis.com/maven2/io/openliberty/features/io.openliberty.messaging.internal-3.0/24.0.0.5/io.openliberty.messaging.internal-3.0-24.0.0.5.jar returned status 404
24.0.0.6			IOException: Tail request on https://maven-central.storage-download.googleapis.com/maven2/io/openliberty/features/io.openliberty.messaging.internal-3.0/24.0.0.6/io.openliberty.messaging.internal-3.0-24.0.0.6.jar returned status 404
24.0.0.7			IOException: Tail request on https://maven-central.storage-download.googleapis.com/maven2/io/openliberty/features/io.openliberty.messaging.internal-3.0/24.0.0.7/io.openliberty.messaging.internal-3.0-24.0.0.7.jar returned status 404
24.0.0.8			IOException: Tail request on https://maven-central.storage-download.googleapis.com/maven2/io/openliberty/features/io.openliberty.messaging.internal-3.0/24.0.0.8/io.openliberty.messaging.internal-3.0-24.0.0.8.jar returned status 404
24.0.0.9			IOException: Tail request on https://maven-central.storage-download.googleapis.com/maven2/io/openliberty/features/io.openliberty.messaging.internal-3.0/24.0.0.9/io.openliberty.messaging.internal-3.0-24.0.0.9.jar returned status 404
25.0.0.1			IOException: Tail request on https://maven-central.storage-download.googleapis.com/maven2/io/openliberty/features/io.openliberty.messaging.internal-3.0/25.0.0.1/io.openliberty.messaging.internal-3.0-25.0.0.1.jar returned status 404
25.0.0.10			IOException: Tail request on https://maven-central.storage-download.googleapis.com/maven2/io/openliberty/features/io.openliberty.messaging.internal-3.0/25.0.0.10/io.openliberty.messaging.internal-3.0-25.0.0.10.jar returned status 404
25.0.0.11			IOException: Tail request on https://maven-central.storage-download.googleapis.com/maven2/io/openliberty/features/io.openliberty.messaging.internal-3.0/25.0.0.11/io.openliberty.messaging.internal-3.0-25.0.0.11.jar returned status 404
25.0.0.12			IOException: Tail request on https://maven-central.storage-download.googleapis.com/maven2/io/openliberty/features/io.openliberty.messaging.internal-3.0/25.0.0.12/io.openliberty.messaging.internal-3.0-25.0.0.12.jar returned status 404
25.0.0.2			IOException: Tail request on https://maven-central.storage-download.googleapis.com/maven2/io/openliberty/features/io.openliberty.messaging.internal-3.0/25.0.0.2/io.openliberty.messaging.internal-3.0-25.0.0.2.jar returned status 404
25.0.0.3			IOException: Tail request on https://maven-central.storage-download.googleapis.com/maven2/io/openliberty/features/io.openliberty.messaging.internal-3.0/25.0.0.3/io.openliberty.messaging.internal-3.0-25.0.0.3.jar returned status 404
25.0.0.4			IOException: Tail request on https://maven-central.storage-download.googleapis.com/maven2/io/openliberty/features/io.openliberty.messaging.internal-3.0/25.0.0.4/io.openliberty.messaging.internal-3.0-25.0.0.4.jar returned status 404
25.0.0.5			IOException: Tail request on https://maven-central.storage-download.googleapis.com/maven2/io/openliberty/features/io.openliberty.messaging.internal-3.0/25.0.0.5/io.openliberty.messaging.internal-3.0-25.0.0.5.jar returned status 404
25.0.0.6			IOException: Tail request on https://maven-central.storage-download.googleapis.com/maven2/io/openliberty/features/io.openliberty.messaging.internal-3.0/25.0.0.6/io.openliberty.messaging.internal-3.0-25.0.0.6.jar returned status 404
25.0.0.7			IOException: Tail request on https://maven-central.storage-download.googleapis.com/maven2/io/openliberty/features/io.openliberty.messaging.internal-3.0/25.0.0.7/io.openliberty.messaging.internal-3.0-25.0.0.7.jar returned status 404
25.0.0.8			IOException: Tail request on https://maven-central.storage-download.googleapis.com/maven2/io/openliberty/features/io.openliberty.messaging.internal-3.0/25.0.0.8/io.openliberty.messaging.internal-3.0-25.0.0.8.jar returned status 404
25.0.0.9			IOException: Tail request on https://maven-central.storage-download.googleapis.com/maven2/io/openliberty/features/io.openliberty.messaging.internal-3.0/25.0.0.9/io.openliberty.messaging.internal-3.0-25.0.0.9.jar returned status 404
26.0.0.1			IOException: Tail request on https://maven-central.storage-download.googleapis.com/maven2/io/openliberty/features/io.openliberty.messaging.internal-3.0/26.0.0.1/io.openliberty.messaging.internal-3.0-26.0.0.1.jar returned status 404
26.0.0.2			IOException: Tail request on https://maven-central.storage-download.googleapis.com/maven2/io/openliberty/features/io.openliberty.messaging.internal-3.0/26.0.0.2/io.openliberty.messaging.internal-3.0-26.0.0.2.jar returned status 404
26.0.0.3			IOException: Tail request on https://maven-central.storage-download.googleapis.com/maven2/io/openliberty/features/io.openliberty.messaging.internal-3.0/26.0.0.3/io.openliberty.messaging.internal-3.0-26.0.0.3.jar returned status 404
26.0.0.4			IOException: Tail request on https://maven-central.storage-download.googleapis.com/maven2/io/openliberty/features/io.openliberty.messaging.internal-3.0/26.0.0.4/io.openliberty.messaging.internal-3.0-26.0.0.4.jar returned status 404
26.0.0.5		2026-05-13T20:27:38Z	IOException: Tail request on https://maven-central.storage-download.googleapis.com/maven2/io/openliberty/features/io.openliberty.messaging.internal-3.0/26.0.0.5/io.openliberty.messaging.internal-3.0-26.0.0.5.jar returned status 404
26.0.0.6		2026-06-09T11:45:07Z	IOException: Tail request on https://maven-central.storage-download.googleapis.com/maven2/io/openliberty/features/io.openliberty.messaging.internal-3.0/26.0.0.6/io.openliberty.messaging.internal-3.0-26.0.0.6.jar returned status 404
26.0.0.7			IOException: Tail request on https://maven-central.storage-download.googleapis.com/maven2/io/openliberty/features/io.openliberty.messaging.internal-3.0/26.0.0.7/io.openliberty.messaging.internal-3.0-26.0.0.7.jar returned status 404
26.0.0.8		2026-08-05T12:04:23Z	IOException: Tail request on https://maven-central.storage-download.googleapis.com/maven2/io/openliberty/features/io.openliberty.messaging.internal-3.0/26.0.0.8/io.openliberty.messaging.internal-3.0-26.0.0.8.jar returned status 404
26.0.0.9			IOException: Tail request on https://maven-central.storage-download.googleapis.com/maven2/io/openliberty/features/io.openliberty.messaging.internal-3.0/26.0.0.9/io.openliberty.messaging.internal-3.0-26.0.0.9.jar returned status 404
