1.0.0.FINAL		2012-04-24T22:47:33Z	
2.0.0.BETA1		2012-06-06T15:14:39Z	
2.0.0.BETA2		2012-09-07T23:29:09Z	
2.0.0.BETA3		2012-11-19T23:02:55Z	
2.0.0.BETA4		2013-01-13T07:54:19Z	
2.0.0.CR1		2013-03-26T20:21:04Z	
2.0.0.CR2		2013-05-01T17:36:50Z	
2.0.0.FINAL		2013-06-20T06:56:56Z	
3.0.1306		2015-12-03T10:37:01Z	
3.0.1307		2015-12-03T11:39:07Z	
3.0.1310		2015-12-03T17:54:21Z	
3.0.1311		2015-12-03T21:03:19Z	
3.0.1312		2015-12-04T08:49:08Z	
3.0.1313		2015-12-04T09:51:41Z	
3.0.1314		2015-12-04T10:49:58Z	
3.0.1315		2015-12-09T03:50:15Z	
3.0.1316		2015-12-23T15:23:23Z	
3.0.1317		2016-01-05T16:13:53Z	
3.0.1318		2016-01-07T16:20:42Z	
3.0.1321		2016-01-08T13:52:18Z	
3.0.1322		2016-01-13T03:52:06Z	
3.0.1323		2016-01-19T20:28:01Z	
3.0.1324		2016-01-21T16:33:31Z	
3.0.1325		2016-01-25T16:37:28Z	
3.0.1326		2016-01-25T18:49:48Z	
3.0.1327		2016-01-25T20:50:19Z	
3.0.1328		2016-01-29T03:51:04Z	
3.0.1329		2016-01-29T19:58:29Z	
