1.0-alpha3		2007-11-14T22:56:38Z	
