1.10.0		2017-05-02T12:27:04Z	
1.10.1		2017-06-19T07:45:39Z	
1.10.2		2019-06-04T06:13:43Z	
1.10.3		2019-07-25T09:30:33Z	
1.7.4		2014-09-03T08:39:13Z	
1.8.0		2014-10-14T13:15:54Z	
1.8.1		2014-11-05T16:22:53Z	
1.8.2		2015-03-04T09:45:17Z	
1.8.4		2015-09-29T09:22:49Z	
1.8.5		2015-12-29T06:06:04Z	
1.8.6		2016-09-06T14:58:57Z	
1.8.7		2016-09-29T11:58:37Z	
1.9.0		2016-09-29T14:46:42Z	
1.9.1		2016-10-20T14:16:32Z	
