1.0		2013-03-08T18:32:53Z	
1.01		2013-07-11T23:17:33Z	
1.2		2014-04-16T20:57:34Z	
1.5		2014-09-16T01:32:51Z	
1.5.2		2015-08-12T17:51:38Z	
1.6.0		2017-11-18T00:22:51Z	
1.6.1		2022-02-15T22:27:42Z	
1.6.2		2022-02-15T22:56:57Z	
1.6.3		2022-07-07T16:56:33Z	
