0.1		2012-06-21T04:22:25Z	
