0.0.1		2025-05-05T16:42:47Z	
0.0.2		2025-05-14T01:22:02Z	
0.1.0		2025-05-12T05:09:01Z	
0.2.1		2025-05-20T20:37:20Z	
0.2.2		2025-05-29T16:31:23Z	
0.3.0		2025-06-24T08:44:01Z	
0.4.0		2025-07-18T00:51:05Z	
0.4.1		2025-07-18T16:36:01Z	
0.4.2		2026-05-12T18:42:32Z	
0.4.3		2026-08-26T14:12:38Z	
0.4.4			
