2.10.0			IOException: Tail request on https://maven-central.storage-download.googleapis.com/maven2/com/fasterxml/jackson/jaxrs/jackson-jaxrs-providers/2.10.0/jackson-jaxrs-providers-2.10.0.jar returned status 404
2.10.0.pr1			IOException: Tail request on https://maven-central.storage-download.googleapis.com/maven2/com/fasterxml/jackson/jaxrs/jackson-jaxrs-providers/2.10.0.pr1/jackson-jaxrs-providers-2.10.0.pr1.jar returned status 404
2.10.0.pr2			IOException: Tail request on https://maven-central.storage-download.googleapis.com/maven2/com/fasterxml/jackson/jaxrs/jackson-jaxrs-providers/2.10.0.pr2/jackson-jaxrs-providers-2.10.0.pr2.jar returned status 404
2.10.0.pr3			IOException: Tail request on https://maven-central.storage-download.googleapis.com/maven2/com/fasterxml/jackson/jaxrs/jackson-jaxrs-providers/2.10.0.pr3/jackson-jaxrs-providers-2.10.0.pr3.jar returned status 404
2.10.1			IOException: Tail request on https://maven-central.storage-download.googleapis.com/maven2/com/fasterxml/jackson/jaxrs/jackson-jaxrs-providers/2.10.1/jackson-jaxrs-providers-2.10.1.jar returned status 404
2.10.2			IOException: Tail request on https://maven-central.storage-download.googleapis.com/maven2/com/fasterxml/jackson/jaxrs/jackson-jaxrs-providers/2.10.2/jackson-jaxrs-providers-2.10.2.jar returned status 404
2.10.2.1			IOException: Tail request on https://maven-central.storage-download.googleapis.com/maven2/com/fasterxml/jackson/jaxrs/jackson-jaxrs-providers/2.10.2.1/jackson-jaxrs-providers-2.10.2.1.jar returned status 404
2.10.3			IOException: Tail request on https://maven-central.storage-download.googleapis.com/maven2/com/fasterxml/jackson/jaxrs/jackson-jaxrs-providers/2.10.3/jackson-jaxrs-providers-2.10.3.jar returned status 404
2.10.4			IOException: Tail request on https://maven-central.storage-download.googleapis.com/maven2/com/fasterxml/jackson/jaxrs/jackson-jaxrs-providers/2.10.4/jackson-jaxrs-providers-2.10.4.jar returned status 404
2.10.5			IOException: Tail request on https://maven-central.storage-download.googleapis.com/maven2/com/fasterxml/jackson/jaxrs/jackson-jaxrs-providers/2.10.5/jackson-jaxrs-providers-2.10.5.jar returned status 404
2.11.0			IOException: Tail request on https://maven-central.storage-download.googleapis.com/maven2/com/fasterxml/jackson/jaxrs/jackson-jaxrs-providers/2.11.0/jackson-jaxrs-providers-2.11.0.jar returned status 404
2.11.0.rc1			IOException: Tail request on https://maven-central.storage-download.googleapis.com/maven2/com/fasterxml/jackson/jaxrs/jackson-jaxrs-providers/2.11.0.rc1/jackson-jaxrs-providers-2.11.0.rc1.jar returned status 404
2.11.1			IOException: Tail request on https://maven-central.storage-download.googleapis.com/maven2/com/fasterxml/jackson/jaxrs/jackson-jaxrs-providers/2.11.1/jackson-jaxrs-providers-2.11.1.jar returned status 404
2.11.2			IOException: Tail request on https://maven-central.storage-download.googleapis.com/maven2/com/fasterxml/jackson/jaxrs/jackson-jaxrs-providers/2.11.2/jackson-jaxrs-providers-2.11.2.jar returned status 404
2.11.3			IOException: Tail request on https://maven-central.storage-download.googleapis.com/maven2/com/fasterxml/jackson/jaxrs/jackson-jaxrs-providers/2.11.3/jackson-jaxrs-providers-2.11.3.jar returned status 404
2.11.4			IOException: Tail request on https://maven-central.storage-download.googleapis.com/maven2/com/fasterxml/jackson/jaxrs/jackson-jaxrs-providers/2.11.4/jackson-jaxrs-providers-2.11.4.jar returned status 404
2.12.0			IOException: Tail request on https://maven-central.storage-download.googleapis.com/maven2/com/fasterxml/jackson/jaxrs/jackson-jaxrs-providers/2.12.0/jackson-jaxrs-providers-2.12.0.jar returned status 404
2.12.0-rc1			IOException: Tail request on https://maven-central.storage-download.googleapis.com/maven2/com/fasterxml/jackson/jaxrs/jackson-jaxrs-providers/2.12.0-rc1/jackson-jaxrs-providers-2.12.0-rc1.jar returned status 404
2.12.0-rc2			IOException: Tail request on https://maven-central.storage-download.googleapis.com/maven2/com/fasterxml/jackson/jaxrs/jackson-jaxrs-providers/2.12.0-rc2/jackson-jaxrs-providers-2.12.0-rc2.jar returned status 404
2.12.1			IOException: Tail request on https://maven-central.storage-download.googleapis.com/maven2/com/fasterxml/jackson/jaxrs/jackson-jaxrs-providers/2.12.1/jackson-jaxrs-providers-2.12.1.jar returned status 404
2.12.2			IOException: Tail request on https://maven-central.storage-download.googleapis.com/maven2/com/fasterxml/jackson/jaxrs/jackson-jaxrs-providers/2.12.2/jackson-jaxrs-providers-2.12.2.jar returned status 404
2.12.3			IOException: Tail request on https://maven-central.storage-download.googleapis.com/maven2/com/fasterxml/jackson/jaxrs/jackson-jaxrs-providers/2.12.3/jackson-jaxrs-providers-2.12.3.jar returned status 404
2.12.4			IOException: Tail request on https://maven-central.storage-download.googleapis.com/maven2/com/fasterxml/jackson/jaxrs/jackson-jaxrs-providers/2.12.4/jackson-jaxrs-providers-2.12.4.jar returned status 404
2.12.5			IOException: Tail request on https://maven-central.storage-download.googleapis.com/maven2/com/fasterxml/jackson/jaxrs/jackson-jaxrs-providers/2.12.5/jackson-jaxrs-providers-2.12.5.jar returned status 404
2.12.6			IOException: Tail request on https://maven-central.storage-download.googleapis.com/maven2/com/fasterxml/jackson/jaxrs/jackson-jaxrs-providers/2.12.6/jackson-jaxrs-providers-2.12.6.jar returned status 404
2.12.7			IOException: Tail request on https://maven-central.storage-download.googleapis.com/maven2/com/fasterxml/jackson/jaxrs/jackson-jaxrs-providers/2.12.7/jackson-jaxrs-providers-2.12.7.jar returned status 404
2.13.0			IOException: Tail request on https://maven-central.storage-download.googleapis.com/maven2/com/fasterxml/jackson/jaxrs/jackson-jaxrs-providers/2.13.0/jackson-jaxrs-providers-2.13.0.jar returned status 404
2.13.0-rc1			IOException: Tail request on https://maven-central.storage-download.googleapis.com/maven2/com/fasterxml/jackson/jaxrs/jackson-jaxrs-providers/2.13.0-rc1/jackson-jaxrs-providers-2.13.0-rc1.jar returned status 404
2.13.0-rc2			IOException: Tail request on https://maven-central.storage-download.googleapis.com/maven2/com/fasterxml/jackson/jaxrs/jackson-jaxrs-providers/2.13.0-rc2/jackson-jaxrs-providers-2.13.0-rc2.jar returned status 404
2.13.1			IOException: Tail request on https://maven-central.storage-download.googleapis.com/maven2/com/fasterxml/jackson/jaxrs/jackson-jaxrs-providers/2.13.1/jackson-jaxrs-providers-2.13.1.jar returned status 404
2.13.2			IOException: Tail request on https://maven-central.storage-download.googleapis.com/maven2/com/fasterxml/jackson/jaxrs/jackson-jaxrs-providers/2.13.2/jackson-jaxrs-providers-2.13.2.jar returned status 404
2.13.3			IOException: Tail request on https://maven-central.storage-download.googleapis.com/maven2/com/fasterxml/jackson/jaxrs/jackson-jaxrs-providers/2.13.3/jackson-jaxrs-providers-2.13.3.jar returned status 404
2.13.4			IOException: Tail request on https://maven-central.storage-download.googleapis.com/maven2/com/fasterxml/jackson/jaxrs/jackson-jaxrs-providers/2.13.4/jackson-jaxrs-providers-2.13.4.jar returned status 404
2.13.5			IOException: Tail request on https://maven-central.storage-download.googleapis.com/maven2/com/fasterxml/jackson/jaxrs/jackson-jaxrs-providers/2.13.5/jackson-jaxrs-providers-2.13.5.jar returned status 404
2.14.0			IOException: Tail request on https://maven-central.storage-download.googleapis.com/maven2/com/fasterxml/jackson/jaxrs/jackson-jaxrs-providers/2.14.0/jackson-jaxrs-providers-2.14.0.jar returned status 404
2.14.0-rc1			IOException: Tail request on https://maven-central.storage-download.googleapis.com/maven2/com/fasterxml/jackson/jaxrs/jackson-jaxrs-providers/2.14.0-rc1/jackson-jaxrs-providers-2.14.0-rc1.jar returned status 404
2.14.0-rc2			IOException: Tail request on https://maven-central.storage-download.googleapis.com/maven2/com/fasterxml/jackson/jaxrs/jackson-jaxrs-providers/2.14.0-rc2/jackson-jaxrs-providers-2.14.0-rc2.jar returned status 404
2.14.0-rc3			IOException: Tail request on https://maven-central.storage-download.googleapis.com/maven2/com/fasterxml/jackson/jaxrs/jackson-jaxrs-providers/2.14.0-rc3/jackson-jaxrs-providers-2.14.0-rc3.jar returned status 404
2.14.1			IOException: Tail request on https://maven-central.storage-download.googleapis.com/maven2/com/fasterxml/jackson/jaxrs/jackson-jaxrs-providers/2.14.1/jackson-jaxrs-providers-2.14.1.jar returned status 404
2.14.2			IOException: Tail request on https://maven-central.storage-download.googleapis.com/maven2/com/fasterxml/jackson/jaxrs/jackson-jaxrs-providers/2.14.2/jackson-jaxrs-providers-2.14.2.jar returned status 404
2.14.3			IOException: Tail request on https://maven-central.storage-download.googleapis.com/maven2/com/fasterxml/jackson/jaxrs/jackson-jaxrs-providers/2.14.3/jackson-jaxrs-providers-2.14.3.jar returned status 404
2.15.0			IOException: Tail request on https://maven-central.storage-download.googleapis.com/maven2/com/fasterxml/jackson/jaxrs/jackson-jaxrs-providers/2.15.0/jackson-jaxrs-providers-2.15.0.jar returned status 404
2.15.0-rc1			IOException: Tail request on https://maven-central.storage-download.googleapis.com/maven2/com/fasterxml/jackson/jaxrs/jackson-jaxrs-providers/2.15.0-rc1/jackson-jaxrs-providers-2.15.0-rc1.jar returned status 404
2.15.0-rc2			IOException: Tail request on https://maven-central.storage-download.googleapis.com/maven2/com/fasterxml/jackson/jaxrs/jackson-jaxrs-providers/2.15.0-rc2/jackson-jaxrs-providers-2.15.0-rc2.jar returned status 404
2.15.0-rc3			IOException: Tail request on https://maven-central.storage-download.googleapis.com/maven2/com/fasterxml/jackson/jaxrs/jackson-jaxrs-providers/2.15.0-rc3/jackson-jaxrs-providers-2.15.0-rc3.jar returned status 404
2.15.1			IOException: Tail request on https://maven-central.storage-download.googleapis.com/maven2/com/fasterxml/jackson/jaxrs/jackson-jaxrs-providers/2.15.1/jackson-jaxrs-providers-2.15.1.jar returned status 404
2.15.2			IOException: Tail request on https://maven-central.storage-download.googleapis.com/maven2/com/fasterxml/jackson/jaxrs/jackson-jaxrs-providers/2.15.2/jackson-jaxrs-providers-2.15.2.jar returned status 404
2.15.3			IOException: Tail request on https://maven-central.storage-download.googleapis.com/maven2/com/fasterxml/jackson/jaxrs/jackson-jaxrs-providers/2.15.3/jackson-jaxrs-providers-2.15.3.jar returned status 404
2.15.4			IOException: Tail request on https://maven-central.storage-download.googleapis.com/maven2/com/fasterxml/jackson/jaxrs/jackson-jaxrs-providers/2.15.4/jackson-jaxrs-providers-2.15.4.jar returned status 404
2.16.0			IOException: Tail request on https://maven-central.storage-download.googleapis.com/maven2/com/fasterxml/jackson/jaxrs/jackson-jaxrs-providers/2.16.0/jackson-jaxrs-providers-2.16.0.jar returned status 404
2.16.0-rc1			IOException: Tail request on https://maven-central.storage-download.googleapis.com/maven2/com/fasterxml/jackson/jaxrs/jackson-jaxrs-providers/2.16.0-rc1/jackson-jaxrs-providers-2.16.0-rc1.jar returned status 404
2.16.1			IOException: Tail request on https://maven-central.storage-download.googleapis.com/maven2/com/fasterxml/jackson/jaxrs/jackson-jaxrs-providers/2.16.1/jackson-jaxrs-providers-2.16.1.jar returned status 404
2.16.2			IOException: Tail request on https://maven-central.storage-download.googleapis.com/maven2/com/fasterxml/jackson/jaxrs/jackson-jaxrs-providers/2.16.2/jackson-jaxrs-providers-2.16.2.jar returned status 404
2.17.0			IOException: Tail request on https://maven-central.storage-download.googleapis.com/maven2/com/fasterxml/jackson/jaxrs/jackson-jaxrs-providers/2.17.0/jackson-jaxrs-providers-2.17.0.jar returned status 404
2.17.0-rc1			IOException: Tail request on https://maven-central.storage-download.googleapis.com/maven2/com/fasterxml/jackson/jaxrs/jackson-jaxrs-providers/2.17.0-rc1/jackson-jaxrs-providers-2.17.0-rc1.jar returned status 404
2.17.1			IOException: Tail request on https://maven-central.storage-download.googleapis.com/maven2/com/fasterxml/jackson/jaxrs/jackson-jaxrs-providers/2.17.1/jackson-jaxrs-providers-2.17.1.jar returned status 404
2.17.2			IOException: Tail request on https://maven-central.storage-download.googleapis.com/maven2/com/fasterxml/jackson/jaxrs/jackson-jaxrs-providers/2.17.2/jackson-jaxrs-providers-2.17.2.jar returned status 404
2.17.3			IOException: Tail request on https://maven-central.storage-download.googleapis.com/maven2/com/fasterxml/jackson/jaxrs/jackson-jaxrs-providers/2.17.3/jackson-jaxrs-providers-2.17.3.jar returned status 404
2.18.0			IOException: Tail request on https://maven-central.storage-download.googleapis.com/maven2/com/fasterxml/jackson/jaxrs/jackson-jaxrs-providers/2.18.0/jackson-jaxrs-providers-2.18.0.jar returned status 404
2.18.0-rc1			IOException: Tail request on https://maven-central.storage-download.googleapis.com/maven2/com/fasterxml/jackson/jaxrs/jackson-jaxrs-providers/2.18.0-rc1/jackson-jaxrs-providers-2.18.0-rc1.jar returned status 404
2.18.1			IOException: Tail request on https://maven-central.storage-download.googleapis.com/maven2/com/fasterxml/jackson/jaxrs/jackson-jaxrs-providers/2.18.1/jackson-jaxrs-providers-2.18.1.jar returned status 404
2.18.10		2026-08-16T03:56:36Z	IOException: Tail request on https://maven-central.storage-download.googleapis.com/maven2/com/fasterxml/jackson/jaxrs/jackson-jaxrs-providers/2.18.10/jackson-jaxrs-providers-2.18.10.jar returned status 404
2.18.11		2026-09-21T01:11:00Z	IOException: Tail request on https://maven-central.storage-download.googleapis.com/maven2/com/fasterxml/jackson/jaxrs/jackson-jaxrs-providers/2.18.11/jackson-jaxrs-providers-2.18.11.jar returned status 404
2.18.2			IOException: Tail request on https://maven-central.storage-download.googleapis.com/maven2/com/fasterxml/jackson/jaxrs/jackson-jaxrs-providers/2.18.2/jackson-jaxrs-providers-2.18.2.jar returned status 404
2.18.3			IOException: Tail request on https://maven-central.storage-download.googleapis.com/maven2/com/fasterxml/jackson/jaxrs/jackson-jaxrs-providers/2.18.3/jackson-jaxrs-providers-2.18.3.jar returned status 404
2.18.4			IOException: Tail request on https://maven-central.storage-download.googleapis.com/maven2/com/fasterxml/jackson/jaxrs/jackson-jaxrs-providers/2.18.4/jackson-jaxrs-providers-2.18.4.jar returned status 404
2.18.5			IOException: Tail request on https://maven-central.storage-download.googleapis.com/maven2/com/fasterxml/jackson/jaxrs/jackson-jaxrs-providers/2.18.5/jackson-jaxrs-providers-2.18.5.jar returned status 404
2.18.6			IOException: Tail request on https://maven-central.storage-download.googleapis.com/maven2/com/fasterxml/jackson/jaxrs/jackson-jaxrs-providers/2.18.6/jackson-jaxrs-providers-2.18.6.jar returned status 404
2.18.7			IOException: Tail request on https://maven-central.storage-download.googleapis.com/maven2/com/fasterxml/jackson/jaxrs/jackson-jaxrs-providers/2.18.7/jackson-jaxrs-providers-2.18.7.jar returned status 404
2.18.8		2026-05-29T01:17:42Z	IOException: Tail request on https://maven-central.storage-download.googleapis.com/maven2/com/fasterxml/jackson/jaxrs/jackson-jaxrs-providers/2.18.8/jackson-jaxrs-providers-2.18.8.jar returned status 404
2.18.9		2026-07-08T00:58:46Z	IOException: Tail request on https://maven-central.storage-download.googleapis.com/maven2/com/fasterxml/jackson/jaxrs/jackson-jaxrs-providers/2.18.9/jackson-jaxrs-providers-2.18.9.jar returned status 404
2.19.0			IOException: Tail request on https://maven-central.storage-download.googleapis.com/maven2/com/fasterxml/jackson/jaxrs/jackson-jaxrs-providers/2.19.0/jackson-jaxrs-providers-2.19.0.jar returned status 404
2.19.0-rc2			IOException: Tail request on https://maven-central.storage-download.googleapis.com/maven2/com/fasterxml/jackson/jaxrs/jackson-jaxrs-providers/2.19.0-rc2/jackson-jaxrs-providers-2.19.0-rc2.jar returned status 404
2.19.1			IOException: Tail request on https://maven-central.storage-download.googleapis.com/maven2/com/fasterxml/jackson/jaxrs/jackson-jaxrs-providers/2.19.1/jackson-jaxrs-providers-2.19.1.jar returned status 404
2.19.2			IOException: Tail request on https://maven-central.storage-download.googleapis.com/maven2/com/fasterxml/jackson/jaxrs/jackson-jaxrs-providers/2.19.2/jackson-jaxrs-providers-2.19.2.jar returned status 404
2.19.3			IOException: Tail request on https://maven-central.storage-download.googleapis.com/maven2/com/fasterxml/jackson/jaxrs/jackson-jaxrs-providers/2.19.3/jackson-jaxrs-providers-2.19.3.jar returned status 404
2.19.4			IOException: Tail request on https://maven-central.storage-download.googleapis.com/maven2/com/fasterxml/jackson/jaxrs/jackson-jaxrs-providers/2.19.4/jackson-jaxrs-providers-2.19.4.jar returned status 404
2.2.0			IOException: Tail request on https://maven-central.storage-download.googleapis.com/maven2/com/fasterxml/jackson/jaxrs/jackson-jaxrs-providers/2.2.0/jackson-jaxrs-providers-2.2.0.jar returned status 404
2.2.0-rc1			IOException: Tail request on https://maven-central.storage-download.googleapis.com/maven2/com/fasterxml/jackson/jaxrs/jackson-jaxrs-providers/2.2.0-rc1/jackson-jaxrs-providers-2.2.0-rc1.jar returned status 404
2.2.1			IOException: Tail request on https://maven-central.storage-download.googleapis.com/maven2/com/fasterxml/jackson/jaxrs/jackson-jaxrs-providers/2.2.1/jackson-jaxrs-providers-2.2.1.jar returned status 404
2.2.2			IOException: Tail request on https://maven-central.storage-download.googleapis.com/maven2/com/fasterxml/jackson/jaxrs/jackson-jaxrs-providers/2.2.2/jackson-jaxrs-providers-2.2.2.jar returned status 404
2.2.3			IOException: Tail request on https://maven-central.storage-download.googleapis.com/maven2/com/fasterxml/jackson/jaxrs/jackson-jaxrs-providers/2.2.3/jackson-jaxrs-providers-2.2.3.jar returned status 404
2.2.4			IOException: Tail request on https://maven-central.storage-download.googleapis.com/maven2/com/fasterxml/jackson/jaxrs/jackson-jaxrs-providers/2.2.4/jackson-jaxrs-providers-2.2.4.jar returned status 404
2.20.0			IOException: Tail request on https://maven-central.storage-download.googleapis.com/maven2/com/fasterxml/jackson/jaxrs/jackson-jaxrs-providers/2.20.0/jackson-jaxrs-providers-2.20.0.jar returned status 404
2.20.0-rc1			IOException: Tail request on https://maven-central.storage-download.googleapis.com/maven2/com/fasterxml/jackson/jaxrs/jackson-jaxrs-providers/2.20.0-rc1/jackson-jaxrs-providers-2.20.0-rc1.jar returned status 404
2.20.1			IOException: Tail request on https://maven-central.storage-download.googleapis.com/maven2/com/fasterxml/jackson/jaxrs/jackson-jaxrs-providers/2.20.1/jackson-jaxrs-providers-2.20.1.jar returned status 404
2.20.2			IOException: Tail request on https://maven-central.storage-download.googleapis.com/maven2/com/fasterxml/jackson/jaxrs/jackson-jaxrs-providers/2.20.2/jackson-jaxrs-providers-2.20.2.jar returned status 404
2.21.0			IOException: Tail request on https://maven-central.storage-download.googleapis.com/maven2/com/fasterxml/jackson/jaxrs/jackson-jaxrs-providers/2.21.0/jackson-jaxrs-providers-2.21.0.jar returned status 404
2.21.1			IOException: Tail request on https://maven-central.storage-download.googleapis.com/maven2/com/fasterxml/jackson/jaxrs/jackson-jaxrs-providers/2.21.1/jackson-jaxrs-providers-2.21.1.jar returned status 404
2.21.2			IOException: Tail request on https://maven-central.storage-download.googleapis.com/maven2/com/fasterxml/jackson/jaxrs/jackson-jaxrs-providers/2.21.2/jackson-jaxrs-providers-2.21.2.jar returned status 404
2.21.3			IOException: Tail request on https://maven-central.storage-download.googleapis.com/maven2/com/fasterxml/jackson/jaxrs/jackson-jaxrs-providers/2.21.3/jackson-jaxrs-providers-2.21.3.jar returned status 404
2.21.4		2026-05-29T05:03:03Z	IOException: Tail request on https://maven-central.storage-download.googleapis.com/maven2/com/fasterxml/jackson/jaxrs/jackson-jaxrs-providers/2.21.4/jackson-jaxrs-providers-2.21.4.jar returned status 404
2.21.5		2026-07-07T03:24:38Z	IOException: Tail request on https://maven-central.storage-download.googleapis.com/maven2/com/fasterxml/jackson/jaxrs/jackson-jaxrs-providers/2.21.5/jackson-jaxrs-providers-2.21.5.jar returned status 404
2.21.6		2026-08-15T00:13:41Z	IOException: Tail request on https://maven-central.storage-download.googleapis.com/maven2/com/fasterxml/jackson/jaxrs/jackson-jaxrs-providers/2.21.6/jackson-jaxrs-providers-2.21.6.jar returned status 404
2.21.7		2026-09-21T19:16:08Z	IOException: Tail request on https://maven-central.storage-download.googleapis.com/maven2/com/fasterxml/jackson/jaxrs/jackson-jaxrs-providers/2.21.7/jackson-jaxrs-providers-2.21.7.jar returned status 404
2.22.0		2026-06-01T05:46:52Z	IOException: Tail request on https://maven-central.storage-download.googleapis.com/maven2/com/fasterxml/jackson/jaxrs/jackson-jaxrs-providers/2.22.0/jackson-jaxrs-providers-2.22.0.jar returned status 404
2.22.1		2026-07-07T22:59:22Z	IOException: Tail request on https://maven-central.storage-download.googleapis.com/maven2/com/fasterxml/jackson/jaxrs/jackson-jaxrs-providers/2.22.1/jackson-jaxrs-providers-2.22.1.jar returned status 404
2.22.2		2026-08-16T17:14:10Z	IOException: Tail request on https://maven-central.storage-download.googleapis.com/maven2/com/fasterxml/jackson/jaxrs/jackson-jaxrs-providers/2.22.2/jackson-jaxrs-providers-2.22.2.jar returned status 404
2.22.3		2026-09-21T22:31:55Z	IOException: Tail request on https://maven-central.storage-download.googleapis.com/maven2/com/fasterxml/jackson/jaxrs/jackson-jaxrs-providers/2.22.3/jackson-jaxrs-providers-2.22.3.jar returned status 404
2.3.0			IOException: Tail request on https://maven-central.storage-download.googleapis.com/maven2/com/fasterxml/jackson/jaxrs/jackson-jaxrs-providers/2.3.0/jackson-jaxrs-providers-2.3.0.jar returned status 404
2.3.0-rc1			IOException: Tail request on https://maven-central.storage-download.googleapis.com/maven2/com/fasterxml/jackson/jaxrs/jackson-jaxrs-providers/2.3.0-rc1/jackson-jaxrs-providers-2.3.0-rc1.jar returned status 404
2.3.1			IOException: Tail request on https://maven-central.storage-download.googleapis.com/maven2/com/fasterxml/jackson/jaxrs/jackson-jaxrs-providers/2.3.1/jackson-jaxrs-providers-2.3.1.jar returned status 404
2.3.2			IOException: Tail request on https://maven-central.storage-download.googleapis.com/maven2/com/fasterxml/jackson/jaxrs/jackson-jaxrs-providers/2.3.2/jackson-jaxrs-providers-2.3.2.jar returned status 404
2.3.3			IOException: Tail request on https://maven-central.storage-download.googleapis.com/maven2/com/fasterxml/jackson/jaxrs/jackson-jaxrs-providers/2.3.3/jackson-jaxrs-providers-2.3.3.jar returned status 404
2.3.4			IOException: Tail request on https://maven-central.storage-download.googleapis.com/maven2/com/fasterxml/jackson/jaxrs/jackson-jaxrs-providers/2.3.4/jackson-jaxrs-providers-2.3.4.jar returned status 404
2.3.5			IOException: Tail request on https://maven-central.storage-download.googleapis.com/maven2/com/fasterxml/jackson/jaxrs/jackson-jaxrs-providers/2.3.5/jackson-jaxrs-providers-2.3.5.jar returned status 404
2.4.0			IOException: Tail request on https://maven-central.storage-download.googleapis.com/maven2/com/fasterxml/jackson/jaxrs/jackson-jaxrs-providers/2.4.0/jackson-jaxrs-providers-2.4.0.jar returned status 404
2.4.0-rc2			IOException: Tail request on https://maven-central.storage-download.googleapis.com/maven2/com/fasterxml/jackson/jaxrs/jackson-jaxrs-providers/2.4.0-rc2/jackson-jaxrs-providers-2.4.0-rc2.jar returned status 404
2.4.0-rc3			IOException: Tail request on https://maven-central.storage-download.googleapis.com/maven2/com/fasterxml/jackson/jaxrs/jackson-jaxrs-providers/2.4.0-rc3/jackson-jaxrs-providers-2.4.0-rc3.jar returned status 404
2.4.1			IOException: Tail request on https://maven-central.storage-download.googleapis.com/maven2/com/fasterxml/jackson/jaxrs/jackson-jaxrs-providers/2.4.1/jackson-jaxrs-providers-2.4.1.jar returned status 404
2.4.2			IOException: Tail request on https://maven-central.storage-download.googleapis.com/maven2/com/fasterxml/jackson/jaxrs/jackson-jaxrs-providers/2.4.2/jackson-jaxrs-providers-2.4.2.jar returned status 404
2.4.3			IOException: Tail request on https://maven-central.storage-download.googleapis.com/maven2/com/fasterxml/jackson/jaxrs/jackson-jaxrs-providers/2.4.3/jackson-jaxrs-providers-2.4.3.jar returned status 404
2.4.4			IOException: Tail request on https://maven-central.storage-download.googleapis.com/maven2/com/fasterxml/jackson/jaxrs/jackson-jaxrs-providers/2.4.4/jackson-jaxrs-providers-2.4.4.jar returned status 404
2.4.5			IOException: Tail request on https://maven-central.storage-download.googleapis.com/maven2/com/fasterxml/jackson/jaxrs/jackson-jaxrs-providers/2.4.5/jackson-jaxrs-providers-2.4.5.jar returned status 404
2.4.6			IOException: Tail request on https://maven-central.storage-download.googleapis.com/maven2/com/fasterxml/jackson/jaxrs/jackson-jaxrs-providers/2.4.6/jackson-jaxrs-providers-2.4.6.jar returned status 404
2.5.0			IOException: Tail request on https://maven-central.storage-download.googleapis.com/maven2/com/fasterxml/jackson/jaxrs/jackson-jaxrs-providers/2.5.0/jackson-jaxrs-providers-2.5.0.jar returned status 404
2.5.0-rc1			IOException: Tail request on https://maven-central.storage-download.googleapis.com/maven2/com/fasterxml/jackson/jaxrs/jackson-jaxrs-providers/2.5.0-rc1/jackson-jaxrs-providers-2.5.0-rc1.jar returned status 404
2.5.1			IOException: Tail request on https://maven-central.storage-download.googleapis.com/maven2/com/fasterxml/jackson/jaxrs/jackson-jaxrs-providers/2.5.1/jackson-jaxrs-providers-2.5.1.jar returned status 404
2.5.2			IOException: Tail request on https://maven-central.storage-download.googleapis.com/maven2/com/fasterxml/jackson/jaxrs/jackson-jaxrs-providers/2.5.2/jackson-jaxrs-providers-2.5.2.jar returned status 404
2.5.3			IOException: Tail request on https://maven-central.storage-download.googleapis.com/maven2/com/fasterxml/jackson/jaxrs/jackson-jaxrs-providers/2.5.3/jackson-jaxrs-providers-2.5.3.jar returned status 404
2.5.4			IOException: Tail request on https://maven-central.storage-download.googleapis.com/maven2/com/fasterxml/jackson/jaxrs/jackson-jaxrs-providers/2.5.4/jackson-jaxrs-providers-2.5.4.jar returned status 404
2.5.5			IOException: Tail request on https://maven-central.storage-download.googleapis.com/maven2/com/fasterxml/jackson/jaxrs/jackson-jaxrs-providers/2.5.5/jackson-jaxrs-providers-2.5.5.jar returned status 404
2.6.0			IOException: Tail request on https://maven-central.storage-download.googleapis.com/maven2/com/fasterxml/jackson/jaxrs/jackson-jaxrs-providers/2.6.0/jackson-jaxrs-providers-2.6.0.jar returned status 404
2.6.0-rc1			IOException: Tail request on https://maven-central.storage-download.googleapis.com/maven2/com/fasterxml/jackson/jaxrs/jackson-jaxrs-providers/2.6.0-rc1/jackson-jaxrs-providers-2.6.0-rc1.jar returned status 404
2.6.0-rc2			IOException: Tail request on https://maven-central.storage-download.googleapis.com/maven2/com/fasterxml/jackson/jaxrs/jackson-jaxrs-providers/2.6.0-rc2/jackson-jaxrs-providers-2.6.0-rc2.jar returned status 404
2.6.0-rc3			IOException: Tail request on https://maven-central.storage-download.googleapis.com/maven2/com/fasterxml/jackson/jaxrs/jackson-jaxrs-providers/2.6.0-rc3/jackson-jaxrs-providers-2.6.0-rc3.jar returned status 404
2.6.0-rc4			IOException: Tail request on https://maven-central.storage-download.googleapis.com/maven2/com/fasterxml/jackson/jaxrs/jackson-jaxrs-providers/2.6.0-rc4/jackson-jaxrs-providers-2.6.0-rc4.jar returned status 404
2.6.1			IOException: Tail request on https://maven-central.storage-download.googleapis.com/maven2/com/fasterxml/jackson/jaxrs/jackson-jaxrs-providers/2.6.1/jackson-jaxrs-providers-2.6.1.jar returned status 404
2.6.2			IOException: Tail request on https://maven-central.storage-download.googleapis.com/maven2/com/fasterxml/jackson/jaxrs/jackson-jaxrs-providers/2.6.2/jackson-jaxrs-providers-2.6.2.jar returned status 404
2.6.3			IOException: Tail request on https://maven-central.storage-download.googleapis.com/maven2/com/fasterxml/jackson/jaxrs/jackson-jaxrs-providers/2.6.3/jackson-jaxrs-providers-2.6.3.jar returned status 404
2.6.4			IOException: Tail request on https://maven-central.storage-download.googleapis.com/maven2/com/fasterxml/jackson/jaxrs/jackson-jaxrs-providers/2.6.4/jackson-jaxrs-providers-2.6.4.jar returned status 404
2.6.5			IOException: Tail request on https://maven-central.storage-download.googleapis.com/maven2/com/fasterxml/jackson/jaxrs/jackson-jaxrs-providers/2.6.5/jackson-jaxrs-providers-2.6.5.jar returned status 404
2.6.6			IOException: Tail request on https://maven-central.storage-download.googleapis.com/maven2/com/fasterxml/jackson/jaxrs/jackson-jaxrs-providers/2.6.6/jackson-jaxrs-providers-2.6.6.jar returned status 404
2.6.7			IOException: Tail request on https://maven-central.storage-download.googleapis.com/maven2/com/fasterxml/jackson/jaxrs/jackson-jaxrs-providers/2.6.7/jackson-jaxrs-providers-2.6.7.jar returned status 404
2.7.0			IOException: Tail request on https://maven-central.storage-download.googleapis.com/maven2/com/fasterxml/jackson/jaxrs/jackson-jaxrs-providers/2.7.0/jackson-jaxrs-providers-2.7.0.jar returned status 404
2.7.0-rc1			IOException: Tail request on https://maven-central.storage-download.googleapis.com/maven2/com/fasterxml/jackson/jaxrs/jackson-jaxrs-providers/2.7.0-rc1/jackson-jaxrs-providers-2.7.0-rc1.jar returned status 404
2.7.0-rc2			IOException: Tail request on https://maven-central.storage-download.googleapis.com/maven2/com/fasterxml/jackson/jaxrs/jackson-jaxrs-providers/2.7.0-rc2/jackson-jaxrs-providers-2.7.0-rc2.jar returned status 404
2.7.0-rc3			IOException: Tail request on https://maven-central.storage-download.googleapis.com/maven2/com/fasterxml/jackson/jaxrs/jackson-jaxrs-providers/2.7.0-rc3/jackson-jaxrs-providers-2.7.0-rc3.jar returned status 404
2.7.1			IOException: Tail request on https://maven-central.storage-download.googleapis.com/maven2/com/fasterxml/jackson/jaxrs/jackson-jaxrs-providers/2.7.1/jackson-jaxrs-providers-2.7.1.jar returned status 404
2.7.2			IOException: Tail request on https://maven-central.storage-download.googleapis.com/maven2/com/fasterxml/jackson/jaxrs/jackson-jaxrs-providers/2.7.2/jackson-jaxrs-providers-2.7.2.jar returned status 404
2.7.3			IOException: Tail request on https://maven-central.storage-download.googleapis.com/maven2/com/fasterxml/jackson/jaxrs/jackson-jaxrs-providers/2.7.3/jackson-jaxrs-providers-2.7.3.jar returned status 404
2.7.4			IOException: Tail request on https://maven-central.storage-download.googleapis.com/maven2/com/fasterxml/jackson/jaxrs/jackson-jaxrs-providers/2.7.4/jackson-jaxrs-providers-2.7.4.jar returned status 404
2.7.5			IOException: Tail request on https://maven-central.storage-download.googleapis.com/maven2/com/fasterxml/jackson/jaxrs/jackson-jaxrs-providers/2.7.5/jackson-jaxrs-providers-2.7.5.jar returned status 404
2.7.6			IOException: Tail request on https://maven-central.storage-download.googleapis.com/maven2/com/fasterxml/jackson/jaxrs/jackson-jaxrs-providers/2.7.6/jackson-jaxrs-providers-2.7.6.jar returned status 404
2.7.7			IOException: Tail request on https://maven-central.storage-download.googleapis.com/maven2/com/fasterxml/jackson/jaxrs/jackson-jaxrs-providers/2.7.7/jackson-jaxrs-providers-2.7.7.jar returned status 404
2.7.8			IOException: Tail request on https://maven-central.storage-download.googleapis.com/maven2/com/fasterxml/jackson/jaxrs/jackson-jaxrs-providers/2.7.8/jackson-jaxrs-providers-2.7.8.jar returned status 404
2.7.9			IOException: Tail request on https://maven-central.storage-download.googleapis.com/maven2/com/fasterxml/jackson/jaxrs/jackson-jaxrs-providers/2.7.9/jackson-jaxrs-providers-2.7.9.jar returned status 404
2.8.0			IOException: Tail request on https://maven-central.storage-download.googleapis.com/maven2/com/fasterxml/jackson/jaxrs/jackson-jaxrs-providers/2.8.0/jackson-jaxrs-providers-2.8.0.jar returned status 404
2.8.0.rc1			IOException: Tail request on https://maven-central.storage-download.googleapis.com/maven2/com/fasterxml/jackson/jaxrs/jackson-jaxrs-providers/2.8.0.rc1/jackson-jaxrs-providers-2.8.0.rc1.jar returned status 404
2.8.0.rc2			IOException: Tail request on https://maven-central.storage-download.googleapis.com/maven2/com/fasterxml/jackson/jaxrs/jackson-jaxrs-providers/2.8.0.rc2/jackson-jaxrs-providers-2.8.0.rc2.jar returned status 404
2.8.1			IOException: Tail request on https://maven-central.storage-download.googleapis.com/maven2/com/fasterxml/jackson/jaxrs/jackson-jaxrs-providers/2.8.1/jackson-jaxrs-providers-2.8.1.jar returned status 404
2.8.10			IOException: Tail request on https://maven-central.storage-download.googleapis.com/maven2/com/fasterxml/jackson/jaxrs/jackson-jaxrs-providers/2.8.10/jackson-jaxrs-providers-2.8.10.jar returned status 404
2.8.11			IOException: Tail request on https://maven-central.storage-download.googleapis.com/maven2/com/fasterxml/jackson/jaxrs/jackson-jaxrs-providers/2.8.11/jackson-jaxrs-providers-2.8.11.jar returned status 404
2.8.2			IOException: Tail request on https://maven-central.storage-download.googleapis.com/maven2/com/fasterxml/jackson/jaxrs/jackson-jaxrs-providers/2.8.2/jackson-jaxrs-providers-2.8.2.jar returned status 404
2.8.3			IOException: Tail request on https://maven-central.storage-download.googleapis.com/maven2/com/fasterxml/jackson/jaxrs/jackson-jaxrs-providers/2.8.3/jackson-jaxrs-providers-2.8.3.jar returned status 404
2.8.4			IOException: Tail request on https://maven-central.storage-download.googleapis.com/maven2/com/fasterxml/jackson/jaxrs/jackson-jaxrs-providers/2.8.4/jackson-jaxrs-providers-2.8.4.jar returned status 404
2.8.5			IOException: Tail request on https://maven-central.storage-download.googleapis.com/maven2/com/fasterxml/jackson/jaxrs/jackson-jaxrs-providers/2.8.5/jackson-jaxrs-providers-2.8.5.jar returned status 404
2.8.6			IOException: Tail request on https://maven-central.storage-download.googleapis.com/maven2/com/fasterxml/jackson/jaxrs/jackson-jaxrs-providers/2.8.6/jackson-jaxrs-providers-2.8.6.jar returned status 404
2.8.7			IOException: Tail request on https://maven-central.storage-download.googleapis.com/maven2/com/fasterxml/jackson/jaxrs/jackson-jaxrs-providers/2.8.7/jackson-jaxrs-providers-2.8.7.jar returned status 404
2.8.8			IOException: Tail request on https://maven-central.storage-download.googleapis.com/maven2/com/fasterxml/jackson/jaxrs/jackson-jaxrs-providers/2.8.8/jackson-jaxrs-providers-2.8.8.jar returned status 404
2.8.9			IOException: Tail request on https://maven-central.storage-download.googleapis.com/maven2/com/fasterxml/jackson/jaxrs/jackson-jaxrs-providers/2.8.9/jackson-jaxrs-providers-2.8.9.jar returned status 404
2.9.0			IOException: Tail request on https://maven-central.storage-download.googleapis.com/maven2/com/fasterxml/jackson/jaxrs/jackson-jaxrs-providers/2.9.0/jackson-jaxrs-providers-2.9.0.jar returned status 404
2.9.0.pr1			IOException: Tail request on https://maven-central.storage-download.googleapis.com/maven2/com/fasterxml/jackson/jaxrs/jackson-jaxrs-providers/2.9.0.pr1/jackson-jaxrs-providers-2.9.0.pr1.jar returned status 404
2.9.0.pr2			IOException: Tail request on https://maven-central.storage-download.googleapis.com/maven2/com/fasterxml/jackson/jaxrs/jackson-jaxrs-providers/2.9.0.pr2/jackson-jaxrs-providers-2.9.0.pr2.jar returned status 404
2.9.0.pr3			IOException: Tail request on https://maven-central.storage-download.googleapis.com/maven2/com/fasterxml/jackson/jaxrs/jackson-jaxrs-providers/2.9.0.pr3/jackson-jaxrs-providers-2.9.0.pr3.jar returned status 404
2.9.0.pr4			IOException: Tail request on https://maven-central.storage-download.googleapis.com/maven2/com/fasterxml/jackson/jaxrs/jackson-jaxrs-providers/2.9.0.pr4/jackson-jaxrs-providers-2.9.0.pr4.jar returned status 404
2.9.1			IOException: Tail request on https://maven-central.storage-download.googleapis.com/maven2/com/fasterxml/jackson/jaxrs/jackson-jaxrs-providers/2.9.1/jackson-jaxrs-providers-2.9.1.jar returned status 404
2.9.10			IOException: Tail request on https://maven-central.storage-download.googleapis.com/maven2/com/fasterxml/jackson/jaxrs/jackson-jaxrs-providers/2.9.10/jackson-jaxrs-providers-2.9.10.jar returned status 404
2.9.2			IOException: Tail request on https://maven-central.storage-download.googleapis.com/maven2/com/fasterxml/jackson/jaxrs/jackson-jaxrs-providers/2.9.2/jackson-jaxrs-providers-2.9.2.jar returned status 404
2.9.3			IOException: Tail request on https://maven-central.storage-download.googleapis.com/maven2/com/fasterxml/jackson/jaxrs/jackson-jaxrs-providers/2.9.3/jackson-jaxrs-providers-2.9.3.jar returned status 404
2.9.4			IOException: Tail request on https://maven-central.storage-download.googleapis.com/maven2/com/fasterxml/jackson/jaxrs/jackson-jaxrs-providers/2.9.4/jackson-jaxrs-providers-2.9.4.jar returned status 404
2.9.5			IOException: Tail request on https://maven-central.storage-download.googleapis.com/maven2/com/fasterxml/jackson/jaxrs/jackson-jaxrs-providers/2.9.5/jackson-jaxrs-providers-2.9.5.jar returned status 404
2.9.6			IOException: Tail request on https://maven-central.storage-download.googleapis.com/maven2/com/fasterxml/jackson/jaxrs/jackson-jaxrs-providers/2.9.6/jackson-jaxrs-providers-2.9.6.jar returned status 404
2.9.7			IOException: Tail request on https://maven-central.storage-download.googleapis.com/maven2/com/fasterxml/jackson/jaxrs/jackson-jaxrs-providers/2.9.7/jackson-jaxrs-providers-2.9.7.jar returned status 404
2.9.8			IOException: Tail request on https://maven-central.storage-download.googleapis.com/maven2/com/fasterxml/jackson/jaxrs/jackson-jaxrs-providers/2.9.8/jackson-jaxrs-providers-2.9.8.jar returned status 404
2.9.9			IOException: Tail request on https://maven-central.storage-download.googleapis.com/maven2/com/fasterxml/jackson/jaxrs/jackson-jaxrs-providers/2.9.9/jackson-jaxrs-providers-2.9.9.jar returned status 404
