2.2.100		2016-03-02T16:40:37Z	
2.2.101		2016-03-16T11:28:25Z	
2.2.102		2016-03-17T11:40:47Z	
2.2.103		2016-03-17T14:05:56Z	
2.2.104		2016-03-18T13:34:27Z	
2.2.105		2016-04-07T19:39:43Z	
2.2.106		2016-04-18T22:57:09Z	
2.2.109		2016-04-19T12:02:32Z	
2.2.112		2016-04-20T14:46:36Z	
2.2.113		2016-04-21T13:30:16Z	
2.2.114		2016-04-27T08:18:05Z	
2.2.123		2016-05-25T18:50:59Z	
2.2.125		2016-06-03T05:59:15Z	
2.2.126		2016-06-07T17:50:02Z	
2.2.127		2016-06-08T19:10:26Z	
2.2.130		2016-06-10T14:03:08Z	
2.2.131		2016-06-11T09:01:42Z	
2.2.132		2016-06-22T10:30:37Z	
2.2.133		2016-06-23T09:01:48Z	
2.2.134		2016-06-30T20:18:11Z	
2.2.135		2016-06-30T22:06:04Z	
2.2.136		2016-07-01T15:59:54Z	
2.2.138		2016-07-06T08:33:41Z	
2.2.140		2016-07-06T10:23:26Z	
2.2.141		2016-07-06T14:02:36Z	
2.2.142		2016-07-06T16:21:09Z	
2.2.144		2016-07-07T15:37:10Z	
2.2.145		2016-07-08T05:53:43Z	
2.2.148		2016-07-08T14:17:50Z	
2.2.149		2016-07-08T16:46:14Z	
2.2.151		2016-07-08T21:07:47Z	
2.2.152		2016-07-09T07:05:38Z	
2.2.159		2016-07-19T10:50:04Z	
2.2.160		2016-07-19T11:23:49Z	
2.2.161		2016-07-24T10:01:52Z	
2.2.162		2016-08-11T08:18:27Z	
2.2.163		2016-08-11T14:02:51Z	
2.2.164		2016-08-17T12:24:40Z	
2.2.166		2016-09-06T14:46:19Z	
2.2.167		2016-09-09T15:21:55Z	
2.2.168		2016-09-12T12:21:26Z	
2.2.169		2016-09-26T17:20:55Z	
2.2.170		2016-09-26T21:34:55Z	
2.2.171		2016-09-27T16:39:50Z	
2.2.172		2016-09-28T22:26:33Z	
2.2.173		2016-09-30T11:45:39Z	
2.2.174		2016-10-01T18:38:12Z	
2.2.175		2016-10-11T21:51:18Z	
2.2.176		2016-10-12T07:50:59Z	
2.2.177		2016-10-12T08:24:47Z	
2.2.179		2016-10-18T14:04:00Z	
2.2.180		2016-10-22T10:02:57Z	
2.2.181		2016-10-24T19:29:34Z	
2.2.182		2016-11-01T11:29:07Z	
2.2.184		2016-11-02T08:42:22Z	
2.2.185		2016-11-04T17:55:08Z	
2.2.187		2016-11-22T15:34:22Z	
2.2.189		2016-11-23T19:46:53Z	
2.2.190		2016-11-24T15:44:21Z	
2.2.191		2016-11-28T14:52:13Z	
2.2.192		2016-12-06T17:01:12Z	
2.2.193		2017-01-03T18:11:34Z	
2.2.194		2017-01-05T01:44:21Z	
2.2.195		2017-01-06T16:51:38Z	
2.2.196		2017-02-09T19:10:57Z	
2.2.197		2017-02-10T11:45:19Z	
2.2.94		2016-01-22T12:57:18Z	
2.2.95		2016-01-22T14:15:53Z	
2.2.96		2016-01-28T11:37:32Z	
2.2.97		2016-02-07T00:28:54Z	
2.2.98		2016-02-18T21:18:17Z	
2.2.99		2016-02-20T19:33:47Z	
