1.0.0		2013-01-29T22:18:29Z	
1.0.1		2013-02-06T18:00:20Z	
1.0.2		2013-05-07T18:16:17Z	
