0.10.0		2023-02-15T04:04:29Z	
0.5.0		2022-05-14T16:56:07Z	
0.6.0		2022-06-13T18:29:51Z	
0.7.0		2022-07-06T16:00:10Z	
0.8.0		2022-07-13T21:32:49Z	
0.9.0		2022-10-12T16:55:18Z	
