1.12.0		2021-04-14T08:59:39Z	
1.12.0-snapshot.20210316.6523.0.b382fc45		2021-03-17T07:49:04Z	
1.12.0-snapshot.20210317.6528.0.493e2154		2021-03-17T11:09:58Z	
1.12.0-snapshot.20210323.6567.0.90c5ce70		2021-03-24T13:28:12Z	
1.12.0-snapshot.20210330.6619.0.007b8674		2021-03-30T17:17:26Z	
1.12.0-snapshot.20210330.6622.0.eef158d6		2021-03-30T20:29:41Z	
1.12.0-snapshot.20210331.6626.0.29a68134		2021-03-31T07:52:06Z	
1.12.0-snapshot.20210331.6634.0.b98a3881		2021-03-31T13:36:25Z	
1.12.0-snapshot.20210331.6640.0.4b807899		2021-03-31T18:34:52Z	
1.12.0-snapshot.20210406.6646.0.631db446		2021-04-06T14:26:07Z	
1.13.0		2021-05-12T08:57:38Z	
1.13.0-snapshot.20210413.6706.0.2dc09ba2		2021-04-14T11:12:15Z	
1.13.0-snapshot.20210419.6730.0.8c3a8c04		2021-04-19T11:32:15Z	
1.13.0-snapshot.20210426.6770.0.ca66061b		2021-04-27T11:00:28Z	
1.13.0-snapshot.20210503.6809.0.ca012c3b		2021-05-03T11:48:14Z	
1.13.0-snapshot.20210504.6833.0.9ae787d0		2021-05-04T17:12:08Z	
1.13.1		2021-05-17T11:59:38Z	
1.13.1-snapshot.20210512.6834.0.5f532380		2021-05-13T00:09:02Z	
1.13.1-snapshot.20210512.6834.1.5f532380		2021-05-13T09:54:27Z	
1.14.0		2021-06-17T08:24:44Z	
1.14.0-snapshot.20210511.6892.0.ca9e89b3		2021-05-12T10:58:13Z	
1.14.0-snapshot.20210518.6953.0.a6c7b86a		2021-05-19T08:02:12Z	
1.14.0-snapshot.20210526.7024.0.aedb9a82		2021-05-26T12:09:48Z	
1.14.0-snapshot.20210601.7081.0.7d716e6d		2021-06-02T07:49:47Z	
1.14.0-snapshot.20210602.7086.0.f36f556b		2021-06-02T14:07:16Z	
1.14.0-snapshot.20210608.7123.0.3cb8d5c2		2021-06-09T08:02:10Z	
1.14.0-snapshot.20210615.7124.0.d1b54ff0		2021-06-15T13:50:18Z	
1.14.0-snapshot.20210615.7169.0.adeba206		2021-06-16T07:55:44Z	
1.14.1		2021-07-08T13:23:32Z	
1.14.1-snapshot.20210706.7133.0.8ec16e94		2021-07-06T16:26:42Z	
1.14.2		2021-07-09T10:27:30Z	
1.14.2-snapshot.20210708.7135.0.aa297840		2021-07-08T20:02:37Z	
1.15.0		2021-07-14T15:36:25Z	
1.15.0-snapshot.20210615.7169.0.adeba206		2021-06-16T11:43:58Z	
1.15.0-snapshot.20210623.7217.0.5b73813d		2021-06-23T12:45:22Z	
1.15.0-snapshot.20210630.7261.0.84e1f3a7		2021-06-30T08:37:31Z	
1.15.0-snapshot.20210705.7286.0.62aabcc4		2021-07-05T15:58:02Z	
1.16.0		2021-08-11T10:27:37Z	
1.16.0-snapshot.20210713.7343.0.1f35db17		2021-07-14T12:18:30Z	
1.16.0-snapshot.20210720.7404.0.b7cf42d1		2021-07-21T10:09:59Z	
1.16.0-snapshot.20210727.7476.0.b5e9d861		2021-07-28T08:07:36Z	
1.16.0-snapshot.20210802.7499.0.5157ad6d		2021-08-03T08:10:23Z	
1.16.0-snapshot.20210805.7501.0.48050ad7		2021-08-06T11:44:06Z	
1.17.0		2021-09-29T10:58:40Z	
1.17.0-snapshot.20210811.7565.0.f1a55aa4		2021-08-11T19:22:15Z	
1.17.0-snapshot.20210817.7604.0.0c187853		2021-08-18T09:35:22Z	
1.17.0-snapshot.20210824.7647.0.640fb683		2021-08-25T09:00:20Z	
1.17.0-snapshot.20210831.7702.0.f058c2f1		2021-09-01T09:14:13Z	
1.17.0-snapshot.20210907.7759.0.35a853fd		2021-09-08T08:47:25Z	
1.17.0-snapshot.20210910.7786.0.976ca400		2021-09-10T12:02:27Z	
1.17.0-snapshot.20210915.7841.0.b4328b3d		2021-09-16T07:25:57Z	
1.17.0-snapshot.20210922.7849.0.49a75801		2021-09-22T23:20:58Z	
1.17.1		2021-10-11T07:26:38Z	
1.17.1-snapshot.20211006.7852.0.fbc4bc00		2021-10-06T13:31:52Z	
1.17.1-snapshot.20211006.7853.0.e05be365		2021-10-06T18:27:46Z	
1.17.2-snapshot.20211124.7857.0.b33b94b8		2021-12-02T10:41:19Z	
1.18.0		2021-12-08T19:49:36Z	
1.18.0-snapshot.20210921.7889.0.1b473c2b		2021-09-22T09:06:03Z	
1.18.0-snapshot.20210921.7889.1.1b473c2b		2021-09-22T19:14:12Z	
1.18.0-snapshot.20210922.7908.0.ced4a272		2021-09-23T08:36:29Z	
1.18.0-snapshot.20210928.7948.0.b4d00317		2021-09-29T08:33:51Z	
1.18.0-snapshot.20211006.8003.0.cfcdc13c		2021-10-06T09:15:10Z	
1.18.0-snapshot.20211013.8071.0.514e8b50		2021-10-13T13:43:18Z	
1.18.0-snapshot.20211019.8113.0.8ff347d8		2021-10-20T12:16:13Z	
1.18.0-snapshot.20211026.8179.0.e474b2d1		2021-10-27T08:55:22Z	
1.18.0-snapshot.20211102.8257.0.7391a3cd		2021-11-03T11:10:19Z	
1.18.0-snapshot.20211109.8328.0.92181161		2021-11-10T09:52:36Z	
1.18.0-snapshot.20211110.8337.0.c5a1f0bb		2021-11-11T08:37:18Z	
1.18.0-snapshot.20211111.8349.0.d938a44c		2021-11-12T08:01:32Z	
1.18.0-snapshot.20211117.8399.0.a05a40ae		2021-11-17T15:48:28Z	
1.18.0-snapshot.20211124.8419.0.39d9afcd		2021-11-25T07:50:52Z	
1.18.0-snapshot.20211206.8423.0.2c945fcb		2021-12-06T13:02:06Z	
1.18.1		2022-01-17T09:07:52Z	
1.18.1-snapshot.20220106.8429.0.ea344666		2022-01-06T20:05:17Z	
1.18.1-snapshot.20220110.8433.0.e8e25a11		2022-01-11T08:29:21Z	
1.18.1-snapshot.20220113.8434.0.1724373f		2022-01-13T12:05:49Z	
1.18.1-snapshot.20220113.8434.1.1724373f		2022-01-13T15:48:30Z	
1.18.2		2022-03-31T14:33:03Z	
1.18.2-snapshot.20220310.8437.1.5221a5d1		2022-03-15T13:03:41Z	
1.18.2-snapshot.20220324.8440.0.5cfb1a21		2022-03-25T06:06:23Z	
1.18.3		2022-06-30T21:26:51Z	
1.18.3-snapshot.20220620.8442.0.c7424302		2022-06-20T11:51:42Z	
