1.0.0-alpha16		2025-07-26T05:07:34Z	
1.0.0-alpha17		2025-07-27T16:38:30Z	
1.0.0-alpha18		2025-07-28T11:44:48Z	
1.0.0-alpha19		2025-07-29T01:59:20Z	
1.0.0-alpha20		2025-07-29T18:09:50Z	
1.0.0-alpha21		2025-07-31T15:30:48Z	
1.0.0-alpha22		2025-08-03T15:45:34Z	
1.0.0-alpha23		2025-08-28T12:49:39Z	
