2.0.0		2025-08-03T08:40:38Z	
2.0.1		2025-08-03T09:12:36Z	
2.0.2		2025-08-04T06:56:31Z	
2.1.0		2025-08-04T09:32:24Z	
2.1.1		2025-12-25T15:21:51Z	
