2.1.5		2024-10-09T12:03:43Z	
