1.0.0		2011-07-01T04:25:13Z	
1.1.0		2011-07-17T05:31:38Z	
1.2.0		2011-09-08T00:43:39Z	
1.2.1		2011-09-16T02:14:04Z	
1.3.0		2011-12-14T04:18:28Z	
