1.1.0		2020-03-17T16:55:25Z	
