0.10.0-M10		2021-01-01T01:37:49Z	
0.18.12		2018-05-29T03:01:23Z	
0.18.13		2018-06-22T13:10:56Z	
0.18.14		2018-07-04T00:46:12Z	
0.18.15		2018-07-05T19:13:28Z	
0.18.16		2018-08-15T08:59:03Z	
0.18.17		2018-09-04T16:53:44Z	
0.18.18		2018-09-18T17:33:11Z	
0.18.19		2018-09-27T06:49:46Z	
0.18.20		2018-10-18T20:22:22Z	
0.18.21		2018-11-06T08:42:36Z	
0.18.22		2019-02-13T20:11:31Z	
0.18.23		2019-03-20T03:25:36Z	
0.18.24		2019-06-13T01:58:05Z	
0.18.25		2020-01-21T22:34:33Z	
0.18.26		2020-03-24T23:48:16Z	
0.19.0		2018-10-05T20:43:21Z	
0.19.0-M1		2018-07-05T13:28:28Z	
0.19.0-M2		2018-09-08T04:43:20Z	
0.19.0-M3		2018-09-27T11:42:17Z	
0.19.0-M4		2018-10-06T04:37:20Z	
0.20.0		2019-04-22T14:15:53Z	
0.20.0-M1		2018-10-27T16:15:10Z	
0.20.0-M2		2018-11-06T13:12:51Z	
0.20.0-M3		2018-11-13T23:46:09Z	
0.20.0-M4		2018-12-06T00:07:42Z	
0.20.0-M5		2019-01-13T04:33:05Z	
0.20.0-M6		2019-02-19T15:40:08Z	
0.20.0-M7		2019-03-20T20:29:40Z	
0.20.0-RC1		2019-04-04T11:12:05Z	
0.20.1		2019-05-17T00:08:07Z	
0.20.10		2019-08-14T19:26:06Z	
0.20.11		2019-09-19T21:27:29Z	
0.20.12		2019-10-31T04:38:06Z	
0.20.13		2019-11-05T18:26:19Z	
0.20.14		2019-11-26T14:43:17Z	
0.20.15		2019-11-28T18:07:11Z	
0.20.16		2020-01-21T16:19:41Z	
0.20.17		2020-01-26T04:13:38Z	
0.20.18		2020-02-13T17:55:03Z	
0.20.19		2020-02-14T03:27:54Z	
0.20.2		2019-06-12T15:22:05Z	
0.20.20		2020-03-25T01:16:11Z	
0.20.21		2020-04-02T03:18:19Z	
0.20.22		2020-04-28T03:24:49Z	
0.20.23		2020-04-28T18:08:27Z	
0.20.3		2019-06-13T03:46:53Z	
0.20.4		2019-07-06T15:48:53Z	
0.20.5		2019-07-09T19:04:29Z	
0.20.6		2019-07-09T22:34:50Z	
0.20.7		2019-07-30T21:16:34Z	
0.20.8		2019-08-02T18:17:09Z	
0.20.9		2019-08-07T13:30:59Z	
0.21.0		2020-02-09T20:14:06Z	
0.21.0-M1		2019-06-18T01:44:55Z	
0.21.0-M2		2019-07-09T19:03:37Z	
0.21.0-M3		2019-08-03T14:45:23Z	
0.21.0-M4		2019-08-15T01:23:54Z	
0.21.0-M5		2019-09-20T14:31:31Z	
0.21.0-M6		2019-11-29T06:36:12Z	
0.21.0-RC1		2020-01-21T23:00:28Z	
0.21.0-RC2		2020-01-27T21:07:12Z	
0.21.0-RC3		2020-02-04T00:42:55Z	
0.21.0-RC4		2020-02-05T13:27:33Z	
0.21.0-RC5		2020-02-08T21:34:30Z	
0.21.1		2020-02-14T03:29:02Z	
0.21.11		2020-11-20T19:49:15Z	
0.21.12		2020-11-25T05:52:39Z	
0.21.13		2020-11-26T01:56:54Z	
0.21.14		2020-12-12T05:27:36Z	
0.21.15		2021-01-01T01:41:57Z	
0.21.16		2021-01-24T16:27:03Z	
0.21.17		2021-02-02T14:30:00Z	
0.21.18		2021-02-03T14:31:09Z	
0.21.19		2021-02-13T22:30:21Z	
0.21.2		2020-03-25T01:08:14Z	
0.21.20		2021-03-02T15:04:42Z	
0.21.21		2021-03-29T05:18:03Z	
0.21.22		2021-04-07T03:28:09Z	
0.21.23		2021-05-17T05:04:47Z	
0.21.24		2021-05-26T23:56:31Z	
0.21.25		2021-07-18T22:04:58Z	
0.21.26		2021-08-12T21:57:55Z	
0.21.27		2021-09-01T16:26:59Z	
0.21.28		2021-09-02T19:35:18Z	
0.21.29		2021-09-21T01:27:13Z	
0.21.3		2020-04-02T04:50:52Z	
0.21.30		2021-10-06T12:30:11Z	
0.21.31		2021-10-12T15:31:32Z	
0.21.32		2022-02-09T19:13:46Z	
0.21.33		2022-03-18T22:25:44Z	
0.21.34		2023-01-04T14:00:10Z	
0.21.4		2020-04-28T18:28:38Z	
0.21.5		2020-06-25T02:05:38Z	
0.21.6		2020-06-28T02:48:08Z	
0.21.7		2020-08-09T04:04:39Z	
0.21.8		2020-10-16T05:01:10Z	
0.21.9		2020-11-11T17:42:40Z	
0.22-129-24d065b		2021-01-31T19:56:32Z	
0.22-143-49b5a8d		2021-02-01T23:16:40Z	
0.22-53-01128f5		2021-01-28T07:01:31Z	
0.22-96-55d3184		2021-01-30T17:13:50Z	
0.22.0		2021-07-20T18:59:38Z	
0.22.0-M1		2021-01-25T01:43:05Z	
0.22.0-M2		2021-02-02T14:45:12Z	
0.22.0-M3		2021-02-03T16:26:52Z	
0.22.0-M4		2021-03-02T16:07:48Z	
0.22.0-M5		2021-03-03T14:18:34Z	
0.22.0-M6		2021-03-29T14:30:57Z	
0.22.0-M7		2021-04-10T05:31:36Z	
0.22.0-M8		2021-05-21T18:19:56Z	
0.22.0-RC1		2021-05-26T23:52:30Z	
0.22.1		2021-07-30T17:15:51Z	
0.22.10		2022-01-28T22:14:45Z	
0.22.11		2022-02-03T01:25:37Z	
0.22.12		2022-03-14T13:49:21Z	
0.22.13		2022-05-20T14:56:31Z	
0.22.14		2022-06-23T05:14:20Z	
0.22.15		2023-01-04T14:00:10Z	
0.22.2		2021-08-06T20:08:32Z	
0.22.3		2021-09-01T16:41:47Z	
0.22.4		2021-09-02T20:42:59Z	
0.22.5		2021-09-21T02:20:33Z	
0.22.6		2021-10-06T13:18:52Z	
0.22.7		2021-10-12T17:19:07Z	
0.22.8		2021-12-08T04:56:33Z	
0.22.9		2022-01-24T15:50:37Z	
0.23.0		2021-07-30T21:39:46Z	
0.23.0-M1		2021-05-21T19:44:24Z	
0.23.0-RC1		2021-05-26T23:48:04Z	
0.23.1		2021-08-07T04:34:02Z	
0.23.10		2022-02-03T16:25:02Z	
0.23.11		2022-03-18T19:15:06Z	
0.23.2		2021-09-01T16:56:07Z	
0.23.3		2021-09-02T21:38:12Z	
0.23.4		2021-09-21T02:49:30Z	
0.23.5		2021-10-06T15:03:13Z	
0.23.6		2021-10-12T21:32:43Z	
0.23.7		2021-12-08T15:20:05Z	
0.23.8		2022-01-25T15:18:17Z	
0.23.9		2022-01-29T17:19:06Z	
1.0-10-df008e1		2020-12-18T00:41:59Z	
1.0-103-5f6e845		2020-12-12T06:03:18Z	
1.0-107-6676c1e		2020-12-12T06:13:17Z	
1.0-12-e6a1f1f		2021-01-02T02:44:34Z	
1.0-14-7c5ec00		2020-12-19T03:52:00Z	
1.0-14-cdeb1e3		2021-01-02T19:46:14Z	
1.0-16-b673b49		2021-01-02T23:56:22Z	
1.0-18-659c58b		2021-01-03T05:13:22Z	
1.0-18-a497d1a		2020-12-22T18:41:28Z	
1.0-2-1e49ccf		2021-01-01T04:02:08Z	
1.0-2-79831c5		2020-12-12T17:13:37Z	
1.0-21-a0087dd		2021-01-04T17:51:50Z	
1.0-23-f99b0af		2021-01-04T23:57:57Z	
1.0-232-85dadc2		2021-01-07T15:13:57Z	
1.0-234-d1a2b53		2021-01-07T17:23:25Z	
1.0-25-f1a4ab0		2021-01-06T06:30:34Z	
1.0-37-9661f07		2020-12-22T19:21:09Z	
1.0-39-5736fdc		2020-12-24T10:54:06Z	
1.0-4-a7fc4a9		2020-12-12T17:57:03Z	
1.0-57-0368053		2020-12-30T03:26:33Z	
1.0-6-e439945		2020-12-17T10:35:36Z	
1.0-81-ce14ddb		2020-12-30T15:45:50Z	
1.0.0-M10		2021-01-01T03:07:59Z	
1.0.0-M13		2021-01-25T14:34:44Z	
1.0.0-M14		2021-02-02T14:56:55Z	
1.0.0-M15		2021-02-02T23:47:52Z	
1.0.0-M16		2021-02-03T02:11:17Z	
1.0.0-M17		2021-03-02T18:27:31Z	
1.0.0-M18		2021-03-02T21:03:00Z	
1.0.0-M19		2021-03-03T18:56:03Z	
1.0.0-M2		2020-06-25T19:02:51Z	
1.0.0-M20		2021-03-29T20:56:49Z	
1.0.0-M21		2021-04-10T17:39:11Z	
1.0.0-M22		2021-05-21T23:20:57Z	
1.0.0-M23		2021-05-26T23:29:56Z	
1.0.0-M24		2021-08-07T17:37:55Z	
1.0.0-M25		2021-09-01T17:23:44Z	
1.0.0-M27		2021-09-21T03:11:15Z	
1.0.0-M28		2021-10-06T19:00:05Z	
1.0.0-M29		2021-10-13T02:13:25Z	
1.0.0-M3		2020-06-28T02:39:25Z	
1.0.0-M30		2021-12-08T21:18:05Z	
1.0.0-M4		2020-08-09T04:36:15Z	
1.0.0-M5		2020-10-16T05:27:25Z	
1.0.0-M6		2020-11-11T18:59:34Z	
1.0.0-M7		2020-11-20T19:51:40Z	
1.0.0-M8		2020-11-26T06:41:47Z	
1.0.0-M9		2020-12-12T06:29:10Z	
