1.0.0		2010-03-10T07:34:42Z	
1.0.1		2010-04-16T14:27:14Z	
