1.1.5		2018-02-03T20:12:04Z	
