1.0		2017-03-27T09:13:46Z	
