1.0.0		2025-04-07T10:13:12Z	
1.0.0-alpha.2		2024-03-07T08:05:02Z	
1.0.0-alpha.3		2024-03-17T13:54:42Z	
1.0.0-alpha.4		2024-03-22T02:00:46Z	
1.0.0-alpha.5		2024-04-18T11:10:05Z	
1.0.0-beta.0		2024-04-26T09:06:57Z	
1.0.0-beta.1		2024-04-29T10:43:00Z	
1.0.0-beta.10		2024-09-09T10:23:31Z	
1.0.0-beta.11		2024-09-18T03:40:40Z	
1.0.0-beta.12		2024-10-25T02:38:42Z	
1.0.0-beta.13		2024-10-26T07:22:38Z	
1.0.0-beta.2		2024-05-13T01:37:38Z	
1.0.0-beta.3		2024-05-16T09:41:58Z	
1.0.0-beta.4		2024-05-31T08:18:11Z	
1.0.0-beta.5		2024-06-18T01:35:51Z	
1.0.0-beta.6		2024-06-18T09:32:43Z	
1.0.0-beta.7		2024-07-05T01:02:59Z	
1.0.0-beta.8		2024-07-14T09:46:10Z	
1.0.0-beta.9		2024-08-13T06:36:00Z	
1.0.0-rc.0		2024-11-04T01:44:49Z	
1.0.0-rc.1		2024-11-06T10:26:13Z	
1.0.0-rc.10		2025-03-31T04:22:09Z	
1.0.0-rc.2		2024-11-18T07:44:41Z	
1.0.0-rc.3		2024-11-21T04:13:06Z	
1.0.0-rc.4		2024-12-30T02:18:48Z	
1.0.0-rc.5		2025-02-10T04:49:53Z	
1.0.0-rc.6		2025-02-20T07:17:13Z	
1.0.0-rc.7		2025-03-12T03:34:10Z	
1.0.0-rc.8		2025-03-18T02:29:30Z	
1.0.0-rc.9		2025-03-31T03:06:50Z	
1.0.1		2025-04-11T10:30:08Z	
1.0.2		2025-04-15T10:18:43Z	
1.0.3		2025-04-25T10:05:59Z	
1.0.4		2025-04-27T14:51:52Z	
1.0.5		2025-04-30T04:27:49Z	
1.0.6		2025-05-07T06:59:00Z	
1.0.7		2025-05-08T04:05:53Z	
1.0.8		2025-05-11T03:42:53Z	
1.0.9		2025-05-13T09:49:19Z	
1.1.0		2025-05-16T09:29:42Z	
1.1.1		2025-05-22T10:07:01Z	
1.1.2		2025-05-24T08:03:25Z	
1.1.3		2025-05-27T05:17:23Z	
1.1.4		2025-05-30T03:21:09Z	
1.1.5		2025-06-03T02:09:10Z	
1.1.6		2025-06-04T07:16:00Z	
1.1.7		2025-06-04T08:21:26Z	
1.1.8		2025-06-05T10:35:45Z	
1.1.9		2025-06-08T03:16:31Z	
1.2.0		2025-06-14T09:35:48Z	
1.2.2		2025-06-18T08:16:25Z	
1.2.3		2025-06-26T03:47:07Z	
1.2.4		2025-07-01T09:23:42Z	
1.2.5		2025-07-07T03:43:41Z	
1.2.6		2025-07-09T06:08:34Z	
1.2.7		2025-07-13T07:13:24Z	
1.2.8		2025-07-15T10:23:05Z	
1.2.9		2025-07-18T02:12:41Z	
1.3.0		2025-07-22T02:24:31Z	
1.3.1		2025-07-22T07:13:02Z	
1.3.2		2025-07-31T02:52:49Z	
1.3.3		2025-08-06T08:34:19Z	
1.3.4		2025-08-17T03:31:03Z	
1.3.5		2025-09-17T06:32:54Z	
1.3.6		2025-09-24T02:39:03Z	
1.3.7		2025-09-29T05:11:10Z	
1.3.8		2025-10-10T07:04:25Z	
1.3.9		2025-10-19T10:12:48Z	
1.4.0		2025-10-20T08:31:45Z	
1.4.1		2025-10-23T07:21:44Z	
1.4.2		2025-11-17T02:54:50Z	
2.0.5		2026-03-18T06:29:02Z	
2.0.6		2026-03-25T04:09:55Z	
2.0.7		2026-03-30T10:21:16Z	
2.0.8		2026-04-09T02:27:03Z	
2.0.9		2026-04-17T02:28:43Z	
2.1.0		2026-04-22T02:11:14Z	
2.1.1		2026-04-26T05:17:49Z	
2.1.2		2026-05-14T09:05:25Z	
2.1.3		2026-05-26T02:07:16Z	
2.1.4		2026-06-01T04:18:42Z	
2.1.5		2026-06-03T09:36:48Z	
2.1.6		2026-06-05T09:04:41Z	
2.1.7		2026-06-08T08:21:34Z	
2.1.8		2026-06-11T02:14:14Z	
2.1.9		2026-06-25T10:25:32Z	
2.2.0		2026-07-13T05:09:39Z	
2.2.1			
2.2.2			
2.2.3		2026-07-20T09:59:30Z	
2.2.4			
2.2.5			
2.2.6			
2.2.7		2026-08-10T03:31:31Z	
2.2.8		2026-08-17T08:08:02Z	
2.2.9			
2.3.0			
