r1-ALPHA-36		2025-10-05T14:09:41Z	
