2.0.0			IOException: Tail request on https://maven-central.storage-download.googleapis.com/maven2/com/composables/composeunstyled-separators-iosarm64/2.0.0/composeunstyled-separators-iosarm64-2.0.0.jar returned status 404
2.0.0	metadata	2026-05-11T15:15:07Z	
2.1.0			IOException: Tail request on https://maven-central.storage-download.googleapis.com/maven2/com/composables/composeunstyled-separators-iosarm64/2.1.0/composeunstyled-separators-iosarm64-2.1.0.jar returned status 404
2.1.0	metadata	2026-05-17T01:36:46Z	
2.10.0			IOException: Tail request on https://maven-central.storage-download.googleapis.com/maven2/com/composables/composeunstyled-separators-iosarm64/2.10.0/composeunstyled-separators-iosarm64-2.10.0.jar returned status 404
2.10.0	metadata	2026-09-18T07:51:33Z	
2.2.0			IOException: Tail request on https://maven-central.storage-download.googleapis.com/maven2/com/composables/composeunstyled-separators-iosarm64/2.2.0/composeunstyled-separators-iosarm64-2.2.0.jar returned status 404
2.2.0	metadata	2026-05-18T14:23:37Z	
2.3.0			IOException: Tail request on https://maven-central.storage-download.googleapis.com/maven2/com/composables/composeunstyled-separators-iosarm64/2.3.0/composeunstyled-separators-iosarm64-2.3.0.jar returned status 404
2.3.0	metadata	2026-05-19T10:42:21Z	
2.4.0		2026-05-23T02:36:34Z	IOException: Tail request on https://maven-central.storage-download.googleapis.com/maven2/com/composables/composeunstyled-separators-iosarm64/2.4.0/composeunstyled-separators-iosarm64-2.4.0.jar returned status 404
2.4.0	metadata	2026-05-23T02:36:43Z	
2.4.1		2026-05-31T06:37:58Z	IOException: Tail request on https://maven-central.storage-download.googleapis.com/maven2/com/composables/composeunstyled-separators-iosarm64/2.4.1/composeunstyled-separators-iosarm64-2.4.1.jar returned status 404
2.4.1	metadata	2026-05-31T06:37:53Z	
2.5.0		2026-06-01T06:39:00Z	IOException: Tail request on https://maven-central.storage-download.googleapis.com/maven2/com/composables/composeunstyled-separators-iosarm64/2.5.0/composeunstyled-separators-iosarm64-2.5.0.jar returned status 404
2.5.0	metadata	2026-06-01T06:39:06Z	
2.6.0		2026-06-11T08:35:29Z	IOException: Tail request on https://maven-central.storage-download.googleapis.com/maven2/com/composables/composeunstyled-separators-iosarm64/2.6.0/composeunstyled-separators-iosarm64-2.6.0.jar returned status 404
2.6.0	metadata	2026-06-11T08:35:23Z	
2.7.0		2026-06-15T04:50:43Z	IOException: Tail request on https://maven-central.storage-download.googleapis.com/maven2/com/composables/composeunstyled-separators-iosarm64/2.7.0/composeunstyled-separators-iosarm64-2.7.0.jar returned status 404
2.7.0	metadata	2026-06-15T04:50:35Z	
2.8.0		2026-06-25T19:20:00Z	IOException: Tail request on https://maven-central.storage-download.googleapis.com/maven2/com/composables/composeunstyled-separators-iosarm64/2.8.0/composeunstyled-separators-iosarm64-2.8.0.jar returned status 404
2.8.0	metadata	2026-06-25T19:20:04Z	
2.8.2			IOException: Tail request on https://maven-central.storage-download.googleapis.com/maven2/com/composables/composeunstyled-separators-iosarm64/2.8.2/composeunstyled-separators-iosarm64-2.8.2.jar returned status 404
2.8.2	metadata	2026-07-11T09:57:52Z	
2.9.0		2026-07-21T06:38:17Z	IOException: Tail request on https://maven-central.storage-download.googleapis.com/maven2/com/composables/composeunstyled-separators-iosarm64/2.9.0/composeunstyled-separators-iosarm64-2.9.0.jar returned status 404
2.9.0	metadata	2026-07-21T06:38:16Z	
2.9.2		2026-08-29T10:06:02Z	IOException: Tail request on https://maven-central.storage-download.googleapis.com/maven2/com/composables/composeunstyled-separators-iosarm64/2.9.2/composeunstyled-separators-iosarm64-2.9.2.jar returned status 404
2.9.2	metadata	2026-08-29T10:05:56Z	
