0.1.0		2013-10-22T22:36:30Z	
0.2.0		2014-04-16T19:42:34Z	
