2.0.1-RELEASE		2022-10-27T01:45:27Z	
2.0.2-RELEASE		2023-06-05T02:39:26Z	
