0.1		2021-04-11T00:22:46Z	
0.2		2021-04-12T20:44:59Z	
0.4		2021-05-15T17:33:49Z	
0.5		2021-05-16T21:23:31Z	
