1.0.1		2013-08-12T09:20:03Z	
1.0.2		2013-08-13T01:47:03Z	
