4.0.0		2019-10-31T21:05:27Z	
4.0.1		2019-12-05T01:36:16Z	
4.1.0		2020-01-08T05:58:09Z	
4.1.1		2020-03-26T02:12:15Z	
4.1.2		2020-04-08T01:44:12Z	
4.1.3		2020-05-08T00:46:22Z	
4.1.4		2020-06-10T21:44:22Z	
4.1.5		2020-07-11T00:51:24Z	
4.10.0		2025-06-14T03:09:18Z	
4.10.0-beta.1		2025-04-10T22:31:59Z	
4.10.1		2025-07-30T09:19:05Z	
4.10.2		2025-08-21T19:42:05Z	
4.10.3		2025-09-26T16:52:10Z	
4.10.4		2025-10-27T17:25:38Z	
4.10.5		2026-01-29T19:26:32Z	
4.10.6		2026-03-24T19:43:15Z	
4.10.7		2026-05-06T15:26:16Z	
4.11.0		2026-05-27T23:16:32Z	
4.11.0-beta.1		2026-04-08T23:01:38Z	
4.11.1		2026-07-02T02:13:36Z	
4.11.2		2026-08-18T23:12:40Z	
4.2.0		2020-08-13T00:43:21Z	
4.2.0-beta.1		2020-03-13T19:50:55Z	
4.2.0-beta.2		2020-04-09T20:02:23Z	
4.2.0-beta.3		2020-06-11T04:46:02Z	
4.2.0-beta.4		2020-07-16T00:26:00Z	
4.2.1		2020-09-10T20:23:17Z	
4.2.2		2020-10-09T05:45:37Z	
4.2.3		2020-11-16T22:28:23Z	
4.2.4		2021-01-20T02:12:53Z	
4.2.5		2021-02-12T03:14:59Z	
4.2.6		2021-03-12T04:51:45Z	
4.2.7		2021-04-09T21:22:59Z	
4.2.8		2021-05-14T07:19:40Z	
4.3.0		2021-06-18T23:40:22Z	
4.3.0-beta.1		2020-09-11T23:08:43Z	
4.3.0-beta.2		2020-10-09T20:39:03Z	
4.3.0-beta.3		2021-02-12T07:03:20Z	
4.3.0-beta.4		2021-03-13T00:12:39Z	
4.3.0-beta.5		2021-04-10T00:42:36Z	
4.3.0-beta.6		2021-05-14T12:13:32Z	
4.3.1		2021-07-09T16:01:41Z	
4.3.2		2021-08-13T21:45:47Z	
4.3.3		2021-09-10T22:16:30Z	
4.3.4		2021-10-07T02:58:54Z	
4.3.5		2021-11-15T19:58:23Z	
4.3.6		2022-01-14T02:14:51Z	
4.3.7		2022-02-12T05:02:54Z	
4.3.8		2022-03-18T00:31:04Z	
4.4.0		2022-03-31T19:26:14Z	
4.4.0-beta.1		2021-09-11T02:34:23Z	
4.4.0-beta.2		2021-10-07T17:45:21Z	
4.4.0-beta.3		2021-11-17T03:12:59Z	
4.4.0-beta.4		2022-01-14T09:36:12Z	
4.4.0-beta.5		2022-02-12T06:40:29Z	
4.4.1		2022-04-08T18:36:57Z	
4.4.2		2022-05-10T22:41:41Z	
4.4.3		2022-06-10T20:36:38Z	
4.4.4		2022-07-07T04:34:04Z	
4.4.5		2022-08-17T00:03:01Z	
4.4.6		2022-08-18T05:30:48Z	
4.5.0		2022-09-20T16:20:01Z	
4.5.1		2022-10-19T06:55:40Z	
4.5.2		2022-11-11T17:40:17Z	
4.5.3		2023-01-13T04:40:06Z	
4.5.4		2023-02-21T23:25:15Z	
4.6.0		2023-03-18T15:27:51Z	
4.6.1		2023-04-21T19:30:13Z	
4.6.2		2023-05-23T11:02:58Z	
4.6.3		2023-06-22T06:01:44Z	
4.6.4		2023-07-26T06:42:00Z	
4.6.5		2023-08-22T02:35:00Z	
4.7.0		2023-09-26T18:18:35Z	
4.7.1		2023-10-21T00:59:00Z	
4.7.2		2023-11-21T19:05:54Z	
4.7.3		2023-12-05T09:06:59Z	
4.8.0		2024-02-26T20:43:19Z	
4.8.0-beta.1		2023-11-10T00:29:01Z	
4.8.1		2024-03-22T07:10:44Z	
4.8.2		2024-04-24T00:31:07Z	
4.8.3		2024-05-14T00:37:50Z	
4.8.4		2024-07-01T22:02:23Z	
4.8.5		2024-07-29T23:01:47Z	
4.8.6		2024-08-25T06:55:23Z	
4.8.7		2024-09-28T01:43:35Z	
4.9.0		2024-10-16T21:18:34Z	
4.9.1		2024-12-04T04:31:49Z	
4.9.2		2025-01-23T02:42:08Z	
4.9.3		2025-03-04T20:34:41Z	
4.9.4		2025-03-25T06:22:01Z	
