2.2.1		2019-06-10T14:49:51Z	
2.3.0		2021-03-19T09:32:11Z	
2.3.1		2021-06-11T15:31:35Z	
2.3.2		2021-11-18T17:12:27Z	
2.3.3		2022-03-21T17:15:39Z	
2.3.4		2022-10-14T14:45:04Z	
2.3.5		2024-04-24T13:05:53Z	
