2.2.11		2015-08-02T04:44:47Z	
2.2.12		2015-08-09T07:13:57Z	
2.2.13		2015-08-29T05:20:45Z	
2.2.14		2015-09-07T10:06:42Z	
2.2.15		2015-09-17T10:05:06Z	
