3.5.10		2017-11-20T03:52:28Z	
3.5.11		2017-12-18T04:05:48Z	
3.5.12		2018-01-21T09:33:30Z	
3.5.13		2018-02-20T07:41:37Z	
3.5.14		2018-03-19T00:41:08Z	
3.5.15		2018-04-22T05:54:11Z	
3.5.16		2018-05-06T08:33:00Z	
3.5.17		2018-06-03T04:44:38Z	
3.5.18		2018-06-17T06:41:43Z	
3.5.19		2018-07-01T08:54:08Z	
3.5.20		2018-07-28T07:42:20Z	
3.5.21		2018-08-12T05:20:15Z	
3.5.22		2018-09-09T03:45:39Z	
3.5.23		2018-09-23T06:30:47Z	
3.5.24		2018-11-04T07:36:51Z	
3.5.25		2019-04-14T07:28:56Z	
3.5.4-rc.0		2017-08-30T02:50:19Z	
3.5.4-rc.1		2017-09-06T02:25:11Z	
3.5.5		2017-09-10T23:05:56Z	
3.5.6		2017-09-27T00:43:41Z	
3.5.7		2017-10-02T23:38:18Z	
3.5.8		2017-10-13T01:15:27Z	
3.5.9		2017-11-15T02:39:39Z	
3.6.0		2018-12-02T06:20:19Z	
3.6.0-rc.0		2018-09-22T07:12:04Z	
3.6.0-rc.1		2018-10-21T03:09:22Z	
3.6.1		2018-12-16T03:37:39Z	
3.6.10		2019-06-25T23:54:31Z	
3.6.11		2019-07-07T07:35:37Z	
3.6.12		2019-07-21T01:36:03Z	
3.6.13		2019-09-08T02:27:04Z	
3.6.14		2019-09-28T04:11:56Z	
3.6.15		2020-04-29T03:38:10Z	
3.6.2		2019-02-17T06:41:13Z	
3.6.3		2019-03-31T08:37:26Z	
3.6.4		2019-04-14T09:11:20Z	
3.6.5		2019-04-21T05:10:40Z	
3.6.6		2019-05-05T06:53:20Z	
3.6.7		2019-05-12T06:01:57Z	
3.6.8		2019-06-15T07:08:19Z	
3.6.9		2019-06-20T05:02:52Z	
