0.1.2-incubating		2011-07-03T16:54:10Z	
0.2.0-incubating		2012-02-10T11:44:42Z	
