0.1.0		2015-03-26T21:33:55Z	
0.1.1		2015-03-31T19:31:39Z	
