1.3		2014-09-18T21:44:37Z	
1.3.1		2014-09-24T22:35:09Z	
1.3.10		2020-02-09T15:14:11Z	
1.3.5		2016-07-01T16:06:24Z	
1.3.6		2017-09-07T10:08:05Z	
1.3.7		2018-10-14T22:52:16Z	
1.3.8		2018-10-16T08:49:04Z	
1.3.9		2019-09-29T18:03:14Z	
