1.0.0		2022-06-22T02:41:51Z	
1.0.1		2022-07-08T07:02:18Z	
1.1.0		2023-06-21T06:36:15Z	
1.1.1		2023-06-26T12:22:38Z	
1.2.0		2024-12-19T02:43:28Z	
1.3.0		2025-11-11T02:40:01Z	
1.3.1		2026-03-03T03:13:21Z	
