1.0.1		2026-07-21T05:52:46Z	
