0.1.6		2025-03-19T16:35:18Z	
