0.2.11		2025-03-14T18:05:53Z	
0.2.7		2025-03-14T18:50:55Z	
0.4.10			
0.4.11			
0.4.12			
0.4.13			
0.4.14			
0.4.15			
0.4.16			
0.4.17			
0.4.18			
0.4.19			
0.4.20			
0.4.21			
0.4.22			
0.4.23		2023-12-09T12:23:28Z	
0.4.24		2024-07-11T14:35:50Z	
0.4.3		2025-03-14T17:58:10Z	
0.4.4			
0.4.5			
0.4.6			
0.4.7			
0.4.8			
0.4.9			
0.6.0		2024-02-10T19:32:15Z	
0.6.1		2026-08-15T05:56:42Z	
0.6.2			
0.6.3		2024-02-10T18:48:14Z	
0.7.0		2025-09-04T04:15:59Z	
0.7.1		2026-06-08T09:57:37Z	
0.7.2		2026-01-14T11:06:21Z	
0.7.3		2026-07-04T11:35:35Z	
