0.5.0		2026-05-08T03:56:04Z	
