2.0.0		2023-12-09T06:44:39Z	
2.1.0		2023-12-09T06:43:48Z	
2.1.1		2023-12-09T06:42:40Z	
2.1.2		2023-12-09T06:41:38Z	
2.1.3		2023-12-09T06:39:38Z	
