1.0.0		2019-08-25T15:10:28Z	
1.0.2		2019-08-27T10:03:46Z	
1.0.3		2019-08-29T13:43:17Z	
1.0.4		2019-08-30T07:42:40Z	
1.0.5		2019-08-30T10:33:00Z	
1.0.6		2019-09-03T03:09:21Z	
1.0.7		2019-09-03T15:57:31Z	
1.0.8		2019-12-17T04:10:41Z	
