1.0.0		2022-09-16T07:29:22Z	
1.1.0		2023-07-21T05:04:20Z	
2.0.0		2024-09-01T08:34:59Z	
2.0.1		2024-10-14T11:06:36Z	
2.1.0		2026-01-31T06:24:00Z	
2.1.1			
