0.14.3		2019-07-31T06:27:25Z	
1.1.2		2018-06-08T11:42:17Z	
2.5.0		2018-03-21T11:29:34Z	
