4.100.0		2025-09-12T05:40:31Z	
4.100.1		2025-09-26T09:38:52Z	
4.101.0		2025-09-15T14:31:17Z	
4.101.1		2025-09-16T03:43:38Z	
4.101.2		2025-09-22T15:39:46Z	
4.101.3		2025-09-25T17:17:53Z	
4.101.4		2025-09-25T22:02:26Z	
4.102.0		2025-09-26T13:25:27Z	
4.103.0		2025-10-08T23:51:12Z	
4.103.1		2025-10-10T18:23:47Z	
4.103.2		2025-10-14T10:02:03Z	
4.103.3		2025-10-15T00:27:33Z	
4.104.0		2025-10-16T19:54:27Z	
4.105.0		2025-10-18T20:11:41Z	
4.106.0		2025-10-27T15:20:01Z	
4.107.0		2025-11-01T13:13:11Z	
4.107.1		2025-11-06T19:08:02Z	
4.108.0		2025-11-09T19:49:57Z	
4.109.0		2025-11-13T10:07:50Z	
4.110.0		2025-11-15T16:55:53Z	
4.110.1		2025-11-18T22:33:49Z	
4.111.0		2025-11-19T21:59:16Z	
4.112.0		2025-11-22T05:57:14Z	
4.113.1		2025-11-26T17:37:46Z	
4.114.1		2025-12-09T09:55:05Z	
4.114.2		2025-12-11T03:05:11Z	
4.115.0		2025-12-11T20:57:14Z	
4.116.0		2025-12-17T21:43:36Z	
4.116.1		2025-12-20T17:01:53Z	
4.117.0		2025-12-26T08:36:05Z	
4.118.0		2026-01-02T17:10:20Z	
4.118.6		2026-01-28T21:46:46Z	
4.118.7		2026-02-04T02:10:58Z	
4.120.1		2026-02-12T05:24:37Z	
4.121.0		2026-02-16T19:55:50Z	
4.121.2		2026-02-20T19:36:51Z	
4.121.3		2026-02-23T22:30:29Z	
4.121.4		2026-03-01T14:08:55Z	
4.121.5		2026-03-02T18:20:42Z	
4.121.6		2026-03-05T17:51:12Z	
4.123.0		2026-03-12T23:27:35Z	
4.123.1		2026-03-17T17:40:39Z	
4.123.2		2026-03-18T19:46:54Z	
4.123.3		2026-03-23T15:06:18Z	
4.124.0		2026-03-24T15:42:37Z	
4.124.1		2026-03-27T11:43:46Z	
4.124.3		2026-03-30T01:24:22Z	
4.124.4		2026-03-30T21:59:18Z	
4.124.5		2026-04-02T20:07:21Z	
4.125.0		2026-04-07T15:28:49Z	
4.126.4		2026-04-08T20:47:23Z	
4.127.0		2026-04-09T23:21:16Z	
4.127.1		2026-04-13T20:34:13Z	
4.127.2		2026-04-16T11:53:36Z	
4.127.3		2026-04-17T10:50:09Z	
4.127.4		2026-05-05T18:39:18Z	
4.128.0		2026-04-21T21:10:34Z	
4.128.1		2026-04-22T14:01:08Z	
4.128.2		2026-04-27T21:48:11Z	
4.128.3		2026-05-01T19:09:44Z	
4.128.5		2026-05-05T19:56:25Z	
4.128.6		2026-05-07T02:44:10Z	
4.128.7		2026-05-16T04:10:06Z	
4.129.1		2026-05-01T12:40:11Z	
4.129.10		2026-05-28T19:11:50Z	
4.129.11		2026-05-29T23:00:52Z	
4.129.12		2026-06-10T05:29:33Z	
4.129.13		2026-06-15T18:41:38Z	
4.129.15		2026-06-19T17:07:25Z	
4.129.5		2026-05-14T14:02:38Z	
4.129.7		2026-05-19T10:16:37Z	
4.129.8		2026-05-21T16:21:34Z	
4.130.0		2026-06-03T17:52:44Z	
4.130.1		2026-06-05T15:06:42Z	
4.131.0		2026-06-08T14:56:19Z	
4.131.8		2026-06-23T15:42:43Z	
4.131.9		2026-06-24T17:32:02Z	
4.132.0		2026-06-25T21:29:23Z	
4.132.1		2026-06-27T03:53:20Z	
4.132.2		2026-06-29T14:30:45Z	
4.132.3			
4.132.4			
4.132.5			
4.132.6			
4.132.7			
4.133.0			
4.134.0			
4.135.0			
4.135.1			
4.135.2			
4.135.5			
4.135.6			
4.136.0			
4.137.0			
4.138.0		2026-08-03T17:33:40Z	
4.138.1		2026-08-04T14:01:04Z	
4.138.2		2026-08-05T11:37:33Z	
4.138.3		2026-08-12T17:35:37Z	
4.138.4		2026-08-14T17:17:18Z	
4.138.5		2026-08-21T13:34:23Z	
4.139.2		2026-08-11T15:22:41Z	
4.140.0		2026-08-17T14:08:28Z	
4.140.1		2026-08-20T08:53:15Z	
4.140.2		2026-08-24T19:59:17Z	
4.140.3			
4.140.5			
4.140.6			
4.141.0		2026-08-20T20:51:09Z	
4.143.0			
4.143.1			
4.143.3			
4.143.4			
4.143.6			
4.143.7			
4.144.0			
4.145.0			
4.146.0			
4.147.0			
4.148.0			
4.149.0			
4.150.0			
4.42.0		2024-03-20T03:09:09Z	
4.42.1		2024-03-26T17:24:54Z	
4.42.2		2024-03-27T03:21:18Z	
4.42.3		2024-03-28T06:19:27Z	
4.42.4		2024-04-09T19:41:19Z	
4.42.5		2024-04-09T19:51:05Z	
4.42.6		2024-04-09T22:31:40Z	
4.43.0		2024-04-04T02:44:38Z	
4.43.1		2024-04-05T23:16:16Z	
4.43.2		2024-04-10T22:31:22Z	
4.43.3		2024-04-11T23:25:40Z	
4.43.4		2024-04-17T14:28:57Z	
4.44.0		2024-04-24T01:37:50Z	
4.44.1		2024-04-24T15:57:44Z	
4.44.2		2024-04-29T19:05:50Z	
4.44.3		2024-05-01T21:47:23Z	
4.45.0		2024-05-09T21:05:44Z	
4.45.1		2024-05-13T19:30:02Z	
4.45.2		2024-05-14T18:18:09Z	
4.46.0		2024-05-20T11:46:04Z	
4.46.1		2024-05-24T20:16:58Z	
4.46.2		2024-05-29T17:31:45Z	
4.47.0		2024-05-31T08:41:07Z	
4.47.1		2024-06-03T08:01:38Z	
4.47.2		2024-06-05T16:38:52Z	
4.47.3		2024-06-12T03:41:55Z	
4.48.0		2024-06-18T20:16:48Z	
4.48.1		2024-06-25T21:55:30Z	
4.48.2		2024-06-27T20:25:29Z	
4.49.0		2024-07-01T15:15:37Z	
4.49.1		2024-07-05T16:38:32Z	
4.50.0		2024-07-09T22:34:01Z	
4.50.1		2024-07-12T06:44:16Z	
4.51.1		2024-07-17T02:51:19Z	
4.52.0		2024-07-24T01:28:32Z	
4.52.1		2024-07-24T21:17:07Z	
4.53.0		2024-08-06T22:50:23Z	
4.53.3		2024-08-07T15:59:36Z	
4.53.5		2024-08-09T04:49:10Z	
4.53.8		2024-08-12T15:13:17Z	
4.54.0		2024-08-22T22:48:39Z	
4.54.1		2024-08-23T15:09:08Z	
4.55.0		2024-08-29T20:20:34Z	
4.55.1		2024-08-30T21:52:24Z	
4.55.2		2024-09-02T13:54:09Z	
4.55.3		2024-09-04T07:18:37Z	
4.55.4		2024-09-05T15:35:29Z	
4.56.0		2024-09-09T19:00:01Z	
4.57.0		2024-09-13T14:32:23Z	
4.57.1		2024-09-18T16:39:21Z	
4.58.0		2024-09-23T20:43:45Z	
4.58.1		2024-10-03T21:22:29Z	
4.59.0		2024-09-25T15:18:47Z	
4.60.0		2024-09-28T14:18:40Z	
4.61.0		2024-10-05T08:21:39Z	
4.62.0		2024-10-07T13:52:10Z	
4.62.1		2024-10-14T16:17:08Z	
4.63.0		2024-10-17T22:51:53Z	
4.63.1		2024-10-23T14:33:51Z	
4.63.2		2024-11-01T04:20:55Z	
4.64.0		2024-10-29T06:47:23Z	
4.64.1		2024-10-30T16:32:21Z	
4.65.0		2024-10-31T12:50:43Z	
4.65.2		2024-11-01T21:12:44Z	
4.65.3		2024-11-09T10:04:19Z	
4.66.0		2024-11-14T17:33:18Z	
4.66.1		2024-11-19T06:23:00Z	
4.67.0		2024-11-22T16:21:10Z	
4.67.1		2024-11-25T16:01:46Z	
4.67.10		2024-12-27T18:31:05Z	
4.67.11		2025-01-01T00:59:34Z	
4.67.12		2025-01-06T06:16:51Z	
4.67.2		2024-11-28T19:05:59Z	
4.67.3		2024-12-02T20:31:57Z	
4.67.4		2024-12-05T01:12:45Z	
4.67.5		2024-12-06T03:49:31Z	
4.67.7		2024-12-19T23:29:54Z	
4.67.8		2024-12-21T15:25:53Z	
4.67.9		2024-12-23T16:26:37Z	
4.68.0		2025-01-17T00:23:24Z	
4.69.0		2025-01-29T00:23:59Z	
4.69.1		2025-02-01T00:32:33Z	
4.69.2		2025-02-04T13:07:13Z	
4.69.3		2025-02-07T03:36:02Z	
4.69.4		2025-02-12T21:28:42Z	
4.70.0		2025-02-13T03:57:13Z	
4.70.1		2025-02-21T03:18:51Z	
4.71.1		2025-03-01T01:27:55Z	
4.72.0		2025-03-08T07:10:02Z	
4.73.0		2025-03-12T19:49:44Z	
4.73.1		2025-03-21T22:59:54Z	
4.74.0		2025-03-20T00:54:47Z	
4.75.0		2025-03-21T15:00:48Z	
4.75.1		2025-03-26T16:17:47Z	
4.75.3		2025-03-29T20:42:05Z	
4.76.0		2025-04-03T04:21:58Z	
4.77.0		2025-04-03T08:54:17Z	
4.77.1		2025-04-03T16:41:27Z	
4.78.0		2025-04-06T03:38:41Z	
4.78.1		2025-04-07T23:56:55Z	
4.78.2		2025-04-08T10:11:07Z	
4.78.3		2025-04-10T08:42:05Z	
4.78.6		2025-04-24T04:20:04Z	
4.79.0		2025-04-18T09:28:58Z	
4.80.0		2025-04-21T07:24:25Z	
4.81.0		2025-04-25T03:01:10Z	
4.82.0		2025-04-28T14:35:23Z	
4.82.1		2025-05-02T02:08:00Z	
4.83.0		2025-04-29T01:15:16Z	
4.83.1		2025-04-29T04:36:24Z	
4.83.2		2025-04-29T18:31:51Z	
4.83.3		2025-04-29T22:34:30Z	
4.84.0		2025-05-06T22:40:29Z	
4.84.1		2025-05-14T09:11:26Z	
4.85.0		2025-05-09T01:05:08Z	
4.85.1		2025-05-12T18:43:05Z	
4.85.2		2025-05-14T09:53:19Z	
4.85.3		2025-05-14T21:31:06Z	
4.85.4		2025-05-16T16:40:52Z	
4.86.0		2025-05-20T21:00:03Z	
4.86.1		2025-05-22T00:22:56Z	
4.86.2		2025-05-24T15:46:22Z	
4.86.3		2025-05-27T19:09:54Z	
4.87.0		2025-05-28T08:26:53Z	
4.87.1		2025-05-28T19:02:38Z	
4.87.3		2025-05-29T07:17:09Z	
4.87.4		2025-05-31T17:30:32Z	
4.88.0		2025-06-04T23:33:28Z	
4.88.1		2025-06-05T23:59:51Z	
4.88.11		2025-06-20T18:14:00Z	
4.88.6		2025-06-11T01:48:06Z	
4.88.7		2025-06-12T15:28:49Z	
4.88.8		2025-06-12T22:30:06Z	
4.89.0		2025-06-20T22:31:55Z	
4.89.1		2025-06-28T13:45:56Z	
4.89.2		2025-07-01T11:06:51Z	
4.89.4		2025-07-02T00:00:43Z	
4.89.6		2025-07-08T23:35:12Z	
4.90.0		2025-07-11T15:00:16Z	
4.90.1		2025-07-17T22:14:10Z	
4.90.2		2025-07-22T20:12:58Z	
4.91.0		2025-07-23T14:14:18Z	
4.92.0		2025-07-24T08:24:05Z	
4.93.0		2025-07-24T20:30:47Z	
4.95.0		2025-08-01T08:02:48Z	
4.95.1		2025-08-04T22:46:41Z	
4.96.0		2025-08-05T08:58:39Z	
4.96.1		2025-08-07T21:23:24Z	
4.96.2		2025-08-13T09:00:30Z	
4.96.4		2025-08-14T10:16:47Z	
4.96.5		2025-08-21T03:24:08Z	
4.97.0		2025-08-20T13:08:48Z	
4.97.1		2025-08-26T19:10:03Z	
4.97.2		2025-09-03T17:46:22Z	
4.98.0		2025-09-05T08:56:33Z	
4.99.0		2025-09-07T06:04:10Z	
release-4.114.0		2025-12-09T02:46:11Z	
release-4.96.3		2025-08-14T04:43:32Z	
