0.4.0		2016-03-06T13:34:38Z	
0.4.1		2016-03-17T19:56:45Z	
