0.0.1		2021-02-13T13:31:50Z	
0.0.10		2021-07-09T15:12:20Z	
0.0.11		2021-07-14T06:55:38Z	
0.0.12		2021-07-16T07:13:49Z	
0.0.2		2021-03-01T20:15:26Z	
0.0.3		2021-04-14T13:07:38Z	
0.0.4		2021-04-17T14:20:18Z	
0.0.5		2021-05-18T11:11:41Z	
0.0.6		2021-06-04T10:33:27Z	
0.0.7		2021-06-05T12:49:24Z	
0.0.8		2021-06-29T11:10:38Z	
0.0.9		2021-07-09T10:44:01Z	
0.1.0		2021-12-06T19:27:56Z	
0.2.0		2022-12-25T13:53:12Z	
0.2.1		2023-02-03T13:15:12Z	
0.3.0		2023-04-05T13:26:16Z	
0.4.0		2023-05-12T15:38:09Z	
0.4.1		2023-05-30T19:37:10Z	
0.4.2		2023-06-28T14:15:21Z	
0.4.3		2023-07-01T14:01:52Z	
0.4.4		2024-03-05T14:00:50Z	
0.4.5		2024-03-13T20:06:22Z	
