1.0		2012-10-12T15:34:54Z	
