2.3.1	io.github.jinlongliao	easy.server.script	2.3.1
2.3.0	io.github.jinlongliao	easy.server.script	2.3.0
2.2.4	io.github.jinlongliao	easy.server.script	2.2.4
2.2.2	io.github.jinlongliao	easy.server.script	2.2.2
2.2.1	io.github.jinlongliao	easy.server.script	2.2.1
1.3.0	io.github.jinlongliao	easy.server.script	1.3.0
1.2.4	io.github.jinlongliao	easy.server.script	1.2.4
1.2.3	io.github.jinlongliao	easy.server.script	1.2.3
1.2.2	io.github.jinlongliao	easy.server.script	1.2.2
1.2.1	io.github.jinlongliao	easy.server.script	1.2.1
1.2.0	io.github.jinlongliao	easy.server.script	1.2.0
1.1.0	io.github.jinlongliao	easy.server.script	1.1.0
