4.0.9	named	io.github.factoryfx	microserviceRestIntegrationTest	2025-07-11T10:56:28Z	
4.0.10	named	io.github.factoryfx	microserviceRestIntegrationTest	2025-08-19T07:30:38Z	
4.0.11	named	io.github.factoryfx	microserviceRestIntegrationTest	2025-08-19T14:26:05Z	
4.0.12	named	io.github.factoryfx	microserviceRestIntegrationTest	2025-09-12T08:13:49Z	
4.0.13	named	io.github.factoryfx	microserviceRestIntegrationTest	2025-09-15T09:37:16Z	
4.0.14	named	io.github.factoryfx	microserviceRestIntegrationTest	2025-09-22T09:12:53Z	
4.0.15	named	io.github.factoryfx	microserviceRestIntegrationTest	2025-10-09T07:53:39Z	
4.0.16	named	io.github.factoryfx	microserviceRestIntegrationTest	2025-11-13T13:45:35Z	
