0.1.0		2026-06-19T23:43:35Z	
0.2.0		2026-06-20T00:27:27Z	
0.2.1		2026-06-20T02:04:59Z	
0.3.0		2026-06-22T02:22:05Z	
0.4.0		2026-06-22T03:40:43Z	
0.5.0		2026-06-23T04:51:23Z	
0.5.1		2026-06-24T20:56:44Z	
0.5.2			
0.5.3			
0.5.4			
