2.6.0		2025-12-16T12:42:45Z	
