1.4.0		2021-06-05T00:32:41Z	
1.4.1		2021-06-07T04:16:23Z	
1.4.2		2021-07-30T04:33:39Z	
1.4.3		2021-12-20T17:13:56Z	
1.4.4		2022-06-06T20:44:27Z	
1.4.5		2022-06-28T14:35:08Z	
1.4.6		2022-06-30T18:46:26Z	
1.4.7		2022-10-07T23:09:31Z	
1.4.8		2022-10-09T14:46:30Z	
1.5.0		2022-10-14T20:05:32Z	
1.5.1		2022-10-25T13:59:34Z	
1.5.2		2023-02-08T19:05:18Z	
1.5.3		2023-03-03T13:43:31Z	
1.5.4		2023-07-08T13:39:20Z	
1.5.5		2023-07-27T22:27:00Z	
1.5.6		2023-08-03T12:51:24Z	
1.5.7		2023-09-09T11:08:34Z	
1.5.8		2023-09-20T15:28:41Z	
1.6.0		2023-09-27T17:17:44Z	
1.6.1		2023-09-27T20:14:53Z	
1.6.2		2023-09-28T15:21:47Z	
1.6.3		2023-09-28T16:56:53Z	
1.6.4		2023-09-29T16:49:59Z	
1.6.5		2023-11-10T14:22:36Z	
1.6.6		2023-12-04T10:03:51Z	
1.6.7		2024-01-03T17:09:42Z	
1.7.0		2024-03-26T16:05:22Z	
1.7.1		2024-04-15T19:02:35Z	
1.7.2		2024-04-20T11:30:49Z	
1.7.3		2024-06-27T20:57:22Z	
1.7.4		2024-08-18T12:59:04Z	
1.8.0		2024-12-10T22:18:56Z	
1.8.1		2025-04-10T13:30:01Z	
1.8.2		2025-04-10T17:12:16Z	
1.8.3		2025-12-09T16:19:34Z	
1.8.4		2025-12-24T19:59:52Z	
1.8.5		2026-03-29T20:38:27Z	
1.8.6		2026-06-28T15:27:59Z	
1.8.7		2026-08-05T10:02:17Z	
