1.0.0		2026-07-28T12:46:27Z	
