1.3.0		2023-09-23T07:38:17Z	
1.4.0		2023-12-17T08:50:52Z	
