4.0.0-RC12		2025-05-25T17:49:25Z	
4.0.0-RC13		2025-07-02T17:07:12Z	
4.0.0-RC14		2025-08-22T19:32:53Z	
4.0.0-RC15		2025-11-09T18:58:16Z	
4.0.0-RC16		2026-01-11T20:04:01Z	
4.0.0-RC17		2026-08-09T07:20:41Z	
