3.2.400		2015-09-29T23:37:06Z	
