1.1.0		2019-04-09T16:36:42Z	
1.1.1		2019-05-04T01:08:07Z	
1.1.3		2019-05-04T11:50:58Z	
1.1.4		2019-07-23T20:25:26Z	
1.1.5		2019-11-12T05:09:39Z	
1.1.6		2019-12-13T15:01:30Z	
1.1.7		2020-03-03T14:37:24Z	
1.1.8		2020-03-05T07:26:39Z	
1.2.0		2020-03-25T17:36:49Z	
1.2.1		2020-03-26T08:36:21Z	
1.2.3		2020-04-30T15:32:32Z	
1.2.6		2020-07-06T07:16:39Z	
