1.1.0		2021-04-12T09:48:10Z	
1.1.1		2021-04-14T04:01:59Z	
1.1.2		2021-04-27T11:20:16Z	
