0.5.0		2023-03-26T19:55:59Z	
0.6.2		2023-09-23T17:52:03Z	
0.7.43		2025-05-23T10:37:51Z	
0.7.8		2025-02-22T20:44:21Z	
0.9.1		2026-03-26T09:42:01Z	
