1.0.0		2021-12-09T22:05:09Z	
1.0.1		2022-01-04T16:58:37Z	
1.0.2		2022-01-27T18:12:45Z	
1.0.3		2022-03-03T15:13:57Z	
