0.90.0		2015-09-21T05:09:27Z	
0.91.0		2015-09-21T22:20:18Z	
0.92.0		2015-10-03T00:13:24Z	
0.93.0		2015-10-03T11:54:29Z	
