4.10.0		2023-10-24T11:25:28Z	
4.4.0		2022-01-30T15:18:11Z	
4.5.0		2022-05-01T14:06:57Z	
4.6.0		2022-08-20T08:30:14Z	
4.6.1		2022-09-01T13:36:49Z	
4.7.0		2022-12-27T15:30:52Z	
4.8.0		2023-04-20T08:43:37Z	
4.9.0		2023-07-04T17:18:36Z	
5.0.0		2024-03-16T16:40:08Z	
5.0.0-rc1		2024-02-10T18:09:04Z	
5.1.0		2024-07-11T20:42:39Z	
5.2.0		2024-10-11T18:51:35Z	
5.3.0		2025-01-16T10:07:18Z	
5.4.0		2025-04-14T07:47:39Z	
5.5.0		2025-07-14T20:04:26Z	
5.6.0		2025-10-10T09:45:32Z	
6.0.0		2026-01-27T14:57:00Z	
6.1.0		2026-05-03T09:28:09Z	
6.2.0			
