0.1		2020-05-27T10:40:46Z	
