2024.1.1		2024-01-29T12:51:26Z	
2024.1.2		2024-02-18T03:01:49Z	
2025.0.2		2025-02-09T13:39:13Z	
