1.0.1		2024-03-24T04:01:13Z	
1.0.2		2024-07-16T15:05:38Z	
1.0.3		2024-08-08T14:12:13Z	
1.0.4		2024-08-12T13:19:54Z	
