0.33.0		2019-05-30T15:53:06Z	
0.34.0		2019-06-10T15:43:45Z	
0.35.0		2019-06-19T17:17:27Z	
0.36.0		2019-06-25T15:12:39Z	
0.36.1		2019-07-01T18:10:17Z	
0.36.2.DEVPREVIEW		2019-07-03T13:46:26Z	
0.37.0.DEVPREVIEW		2019-07-04T20:38:38Z	
0.38.0.DEVPREVIEW		2019-07-08T14:20:25Z	
0.39.0.DEVPREVIEW		2019-07-09T00:48:08Z	
1.0.0.DEVPREVIEW		2019-07-11T15:25:33Z	
1.1.0.DEVPREVIEW		2019-07-19T21:29:56Z	
1.10.0.DEVPREVIEW		2019-09-30T09:25:26Z	
1.10.1.DEVPREVIEW		2019-10-01T15:35:48Z	
1.100.0		2021-04-20T18:04:22Z	
1.101.0		2021-04-28T12:31:37Z	
1.102.0		2021-05-04T13:35:54Z	
1.103.0		2021-05-10T23:07:14Z	
1.104.0		2021-05-15T00:10:47Z	
1.105.0		2021-05-19T11:50:24Z	
1.106.0		2021-05-25T19:57:18Z	
1.106.1		2021-05-26T21:18:47Z	
1.107.0		2021-06-02T19:30:35Z	
1.108.0		2021-06-09T12:32:31Z	
1.108.1		2021-06-11T16:50:12Z	
1.109.0		2021-06-17T01:58:29Z	
1.11.0.DEVPREVIEW		2019-10-02T19:22:10Z	
1.110.0		2021-06-24T12:08:00Z	
1.110.1		2021-06-28T22:53:06Z	
1.111.0		2021-07-02T02:04:54Z	
1.112.0		2021-07-09T20:56:50Z	
1.113.0		2021-07-12T15:52:29Z	
1.114.0		2021-07-15T13:52:17Z	
1.115.0		2021-07-21T17:37:04Z	
1.116.0		2021-07-28T13:37:14Z	
1.117.0		2021-08-05T13:05:02Z	
1.118.0		2021-08-11T02:33:23Z	
1.119.0		2021-08-17T21:51:00Z	
1.12.0.DEVPREVIEW		2019-10-07T16:28:37Z	
1.120.0		2021-08-26T13:54:38Z	
1.121.0		2021-09-01T12:58:53Z	
1.122.0		2021-09-08T22:33:04Z	
1.123.0		2021-09-17T02:26:52Z	
1.124.0		2021-09-21T21:54:18Z	
1.125.0		2021-09-29T22:20:37Z	
1.126.0		2021-10-05T15:28:59Z	
1.127.0		2021-10-08T20:37:03Z	
1.128.0		2021-10-14T07:36:18Z	
1.129.0		2021-10-21T21:53:45Z	
1.13.0.DEVPREVIEW		2019-10-15T14:56:47Z	
1.13.1.DEVPREVIEW		2019-10-15T20:47:10Z	
1.130.0		2021-10-29T19:42:42Z	
1.131.0		2021-11-07T13:22:24Z	
1.132.0		2021-11-09T14:17:08Z	
1.133.0		2021-11-19T23:18:10Z	
1.134.0		2021-11-23T16:29:13Z	
1.135.0		2021-12-10T20:50:58Z	
1.136.0		2021-12-15T12:00:35Z	
1.137.0		2021-12-21T18:37:15Z	
1.138.0		2022-01-04T19:30:56Z	
1.138.1		2022-01-07T17:04:26Z	
1.138.2		2022-01-10T00:35:33Z	
1.139.0		2022-01-11T20:01:40Z	
1.14.0.DEVPREVIEW		2019-10-22T09:13:42Z	
1.140.0		2022-01-20T21:57:05Z	
1.141.0		2022-01-27T13:57:24Z	
1.142.0		2022-01-29T00:59:00Z	
1.143.0		2022-02-02T13:00:15Z	
1.144.0		2022-02-08T21:52:24Z	
1.145.0		2022-02-19T02:33:59Z	
1.146.0		2022-02-25T01:36:09Z	
1.147.0		2022-03-01T04:42:39Z	
1.148.0		2022-03-10T04:41:37Z	
1.149.0		2022-03-17T14:41:19Z	
1.15.0.DEVPREVIEW		2019-10-28T13:22:56Z	
1.150.0		2022-03-26T18:47:40Z	
1.151.0		2022-04-01T04:21:14Z	
1.152.0		2022-04-08T10:17:32Z	
1.153.0		2022-04-22T12:11:55Z	
1.153.1		2022-04-23T04:25:23Z	
1.154.0		2022-04-28T02:10:07Z	
1.155.0		2022-05-04T22:43:16Z	
1.156.0		2022-05-12T11:44:15Z	
1.156.1		2022-05-13T04:44:34Z	
1.157.0		2022-05-21T02:58:03Z	
1.158.0		2022-05-27T19:08:14Z	
1.159.0		2022-06-03T02:45:34Z	
1.16.0.DEVPREVIEW		2019-11-11T18:17:02Z	
1.16.1.DEVPREVIEW		2019-11-12T00:57:09Z	
1.16.2.DEVPREVIEW		2019-11-12T12:58:13Z	
1.16.3.DEVPREVIEW		2019-11-13T15:36:55Z	
1.160.0		2022-06-14T16:46:16Z	
1.161.0		2022-06-23T02:17:58Z	
1.162.0		2022-07-01T12:36:48Z	
1.163.0		2022-07-06T22:40:40Z	
1.163.1		2022-07-09T04:12:38Z	
1.163.2		2022-07-14T00:53:41Z	
1.164.0		2022-07-16T02:34:55Z	
1.165.0		2022-07-19T22:05:50Z	
1.166.1		2022-07-29T18:10:28Z	
1.167.0		2022-08-02T23:38:39Z	
1.168.0		2022-08-09T22:08:06Z	
1.169.0		2022-08-18T07:55:13Z	
1.17.0.DEVPREVIEW		2019-11-19T18:07:31Z	
1.17.1.DEVPREVIEW		2019-11-19T22:09:07Z	
1.170.0		2022-08-25T23:36:45Z	
1.170.1		2022-08-31T00:25:56Z	
1.171.0		2022-08-31T23:25:14Z	
1.172.0		2022-09-08T02:47:30Z	
1.173.0		2022-09-16T21:56:33Z	
1.174.0		2022-09-22T01:40:12Z	
1.175.0		2022-09-29T11:43:22Z	
1.176.0		2022-10-06T16:43:07Z	
1.177.0		2022-10-13T23:14:34Z	
1.178.0		2022-10-20T17:27:52Z	
1.179.0		2022-10-27T17:32:32Z	
1.18.0		2019-11-25T15:47:09Z	
1.180.0		2022-11-01T16:34:05Z	
1.181.0		2022-11-18T05:36:56Z	
1.181.1		2022-11-29T07:54:14Z	
1.182.0		2022-12-07T20:57:08Z	
1.183.0		2022-12-15T00:09:35Z	
1.184.0		2022-12-22T00:35:10Z	
1.184.1		2022-12-23T23:36:25Z	
1.185.0		2022-12-28T09:58:42Z	
1.186.0		2022-12-29T01:34:56Z	
1.186.1		2022-12-30T20:09:54Z	
1.187.0		2023-01-03T20:02:10Z	
1.188.0		2023-01-11T18:26:36Z	
1.189.0		2023-01-19T03:49:24Z	
1.19.0		2019-12-17T15:13:55Z	
1.190.0		2023-01-25T22:10:24Z	
1.191.0		2023-01-31T22:25:12Z	
1.192.0		2023-02-09T06:34:46Z	
1.193.0		2023-02-15T23:48:55Z	
1.194.0		2023-02-21T23:11:14Z	
1.195.0		2023-03-02T18:03:53Z	
1.196.0		2023-03-08T19:52:00Z	
1.197.0		2023-03-14T20:17:25Z	
1.198.0		2023-03-22T23:15:54Z	
1.198.1		2023-03-31T15:57:06Z	
1.199.0		2023-04-20T21:09:30Z	
1.2.0.DEVPREVIEW		2019-07-25T17:55:46Z	
1.20.0		2020-01-08T00:03:31Z	
1.200.0		2023-04-27T13:43:22Z	
1.201.0		2023-05-10T22:29:09Z	
1.202.0		2023-05-22T15:14:53Z	
1.203.0		2023-05-31T23:06:48Z	
1.204.0		2023-06-19T21:10:10Z	
1.21.0		2020-01-16T07:42:31Z	
1.21.1		2020-01-16T19:36:41Z	
1.22.0		2020-01-23T19:21:15Z	
1.23.0		2020-02-07T03:54:33Z	
1.24.0		2020-02-14T10:15:17Z	
1.25.0		2020-02-19T10:04:32Z	
1.26.0		2020-02-26T09:50:22Z	
1.27.0		2020-03-03T12:49:12Z	
1.28.0		2020-03-16T09:48:23Z	
1.29.0		2020-03-18T11:24:55Z	
1.3.0.DEVPREVIEW		2019-08-02T11:21:25Z	
1.30.0		2020-03-18T18:01:48Z	
1.31.0		2020-03-24T21:18:21Z	
1.32.0		2020-04-07T13:32:26Z	
1.32.1		2020-04-09T12:49:14Z	
1.32.2		2020-04-10T15:30:13Z	
1.33.0		2020-04-17T20:23:27Z	
1.33.1		2020-04-19T13:59:54Z	
1.34.0		2020-04-21T18:22:15Z	
1.34.1		2020-04-22T04:42:11Z	
1.35.0		2020-04-24T12:28:10Z	
1.36.0		2020-04-28T12:16:57Z	
1.36.1		2020-04-29T23:52:15Z	
1.37.0		2020-05-05T16:43:52Z	
1.38.0		2020-05-08T06:35:57Z	
1.39.0		2020-05-16T01:56:10Z	
1.4.0.DEVPREVIEW		2019-08-14T09:29:08Z	
1.40.0		2020-05-20T14:39:33Z	
1.41.0		2020-05-21T12:10:34Z	
1.42.0		2020-05-27T12:44:01Z	
1.42.1		2020-06-01T17:58:19Z	
1.43.0		2020-06-04T02:05:52Z	
1.44.0		2020-06-04T15:29:44Z	
1.45.0		2020-06-09T17:50:54Z	
1.46.0		2020-06-20T03:04:47Z	
1.47.0		2020-06-24T20:10:29Z	
1.47.1		2020-06-30T11:41:04Z	
1.48.0		2020-07-01T10:53:17Z	
1.49.0		2020-07-02T13:17:43Z	
1.49.1		2020-07-02T19:06:28Z	
1.5.0.DEVPREVIEW		2019-08-21T11:39:12Z	
1.50.0		2020-07-07T14:40:18Z	
1.51.0		2020-07-09T14:36:55Z	
1.52.0		2020-07-18T02:58:03Z	
1.53.0		2020-07-20T12:10:37Z	
1.54.0		2020-07-22T11:08:48Z	
1.55.0		2020-07-28T22:43:27Z	
1.56.0		2020-08-01T00:52:35Z	
1.57.0		2020-08-07T21:04:28Z	
1.58.0		2020-08-12T20:27:09Z	
1.59.0		2020-08-15T01:10:03Z	
1.6.0.DEVPREVIEW		2019-08-27T18:18:58Z	
1.6.1.DEVPREVIEW		2019-08-29T16:02:33Z	
1.60.0		2020-08-20T00:50:44Z	
1.61.0		2020-08-27T10:02:11Z	
1.61.1		2020-08-28T11:45:36Z	
1.62.0		2020-09-04T08:06:29Z	
1.63.0		2020-09-14T09:07:25Z	
1.64.0		2020-09-24T08:43:42Z	
1.64.1		2020-09-25T19:17:55Z	
1.65.0		2020-10-01T03:20:18Z	
1.66.0		2020-10-02T21:50:17Z	
1.67.0		2020-10-07T21:36:03Z	
1.68.0		2020-10-15T20:00:30Z	
1.69.0		2020-10-19T22:19:26Z	
1.7.0.DEVPREVIEW		2019-09-06T02:05:52Z	
1.70.0		2020-10-24T01:00:44Z	
1.71.0		2020-10-29T20:10:23Z	
1.72.0		2020-11-06T05:48:32Z	
1.73.0		2020-11-11T13:58:26Z	
1.74.0		2020-11-17T11:58:33Z	
1.75.0		2020-11-24T23:35:43Z	
1.76.0		2020-12-01T19:43:16Z	
1.77.0		2020-12-07T13:31:14Z	
1.78.0		2020-12-12T03:09:04Z	
1.79.0		2020-12-17T12:17:13Z	
1.8.0.DEVPREVIEW		2019-09-10T22:20:39Z	
1.80.0		2020-12-22T13:25:13Z	
1.81.0		2020-12-31T00:19:38Z	
1.82.0		2021-01-03T10:59:36Z	
1.83.0		2021-01-06T16:37:37Z	
1.84.0		2021-01-12T22:25:08Z	
1.85.0		2021-01-14T22:22:19Z	
1.86.0		2021-01-21T15:07:01Z	
1.87.0		2021-01-27T12:37:28Z	
1.87.1		2021-01-28T17:57:27Z	
1.88.0		2021-02-04T00:59:23Z	
1.89.0		2021-02-09T16:35:19Z	
1.9.0.DEVPREVIEW		2019-09-20T10:56:53Z	
1.90.0		2021-02-17T23:58:14Z	
1.90.1		2021-02-19T19:48:51Z	
1.91.0		2021-02-23T13:23:50Z	
1.92.0		2021-03-06T04:22:33Z	
1.93.0		2021-03-11T15:20:09Z	
1.94.0		2021-03-16T16:38:29Z	
1.94.1		2021-03-17T01:35:32Z	
1.95.0		2021-03-25T12:54:45Z	
1.95.1		2021-03-26T01:07:57Z	
1.95.2		2021-04-01T07:15:37Z	
1.96.0		2021-04-01T15:35:11Z	
1.97.0		2021-04-06T15:25:28Z	
1.98.0		2021-04-12T11:30:40Z	
1.99.0		2021-04-19T10:49:08Z	
