2.18.27	automatic	software.amazon.awssdk	simspaceweaver	2022-11-29T20:38:10Z	
2.18.28	automatic	software.amazon.awssdk	simspaceweaver	2022-11-30T21:20:08Z	
2.18.29	automatic	software.amazon.awssdk	simspaceweaver	2022-12-01T21:00:07Z	
2.18.30	automatic	software.amazon.awssdk	simspaceweaver	2022-12-02T22:03:04Z	
2.18.31	automatic	software.amazon.awssdk	simspaceweaver	2022-12-05T21:54:54Z	
2.18.32	automatic	software.amazon.awssdk	simspaceweaver	2022-12-06T22:14:12Z	
2.18.33	automatic	software.amazon.awssdk	simspaceweaver	2022-12-07T21:30:57Z	
2.18.34	automatic	software.amazon.awssdk	simspaceweaver	2022-12-08T21:04:05Z	
2.18.35	automatic	software.amazon.awssdk	simspaceweaver	2022-12-09T21:04:46Z	
2.18.36	automatic	software.amazon.awssdk	simspaceweaver	2022-12-12T21:06:23Z	
2.18.37	automatic	software.amazon.awssdk	simspaceweaver	2022-12-13T01:51:30Z	
2.18.38	automatic	software.amazon.awssdk	simspaceweaver	2022-12-13T21:40:57Z	
2.18.39	automatic	software.amazon.awssdk	simspaceweaver	2022-12-14T23:16:53Z	
2.18.40	automatic	software.amazon.awssdk	simspaceweaver	2022-12-15T22:03:30Z	
2.18.41	automatic	software.amazon.awssdk	simspaceweaver	2022-12-16T22:38:37Z	
2.19.0	automatic	software.amazon.awssdk	simspaceweaver	2022-12-19T21:04:24Z	
2.19.1	automatic	software.amazon.awssdk	simspaceweaver	2022-12-20T21:20:41Z	
2.19.2	automatic	software.amazon.awssdk	simspaceweaver	2022-12-21T21:57:02Z	
2.19.3	automatic	software.amazon.awssdk	simspaceweaver	2022-12-22T21:55:59Z	
2.19.4	automatic	software.amazon.awssdk	simspaceweaver	2022-12-23T21:09:45Z	
2.19.5	automatic	software.amazon.awssdk	simspaceweaver	2022-12-27T22:46:46Z	
2.19.6	automatic	software.amazon.awssdk	simspaceweaver	2022-12-28T21:14:11Z	
2.19.7	automatic	software.amazon.awssdk	simspaceweaver	2022-12-29T21:31:16Z	
2.19.8	automatic	software.amazon.awssdk	simspaceweaver	2022-12-30T21:08:38Z	
2.19.9	automatic	software.amazon.awssdk	simspaceweaver	2023-01-03T21:04:53Z	
2.19.10	automatic	software.amazon.awssdk	simspaceweaver	2023-01-04T21:04:25Z	
2.19.11	automatic	software.amazon.awssdk	simspaceweaver	2023-01-05T21:05:10Z	
2.19.12	automatic	software.amazon.awssdk	simspaceweaver	2023-01-06T21:14:29Z	
2.19.13	automatic	software.amazon.awssdk	simspaceweaver	2023-01-09T21:57:17Z	
2.19.14	automatic	software.amazon.awssdk	simspaceweaver	2023-01-10T21:04:33Z	
2.19.15	automatic	software.amazon.awssdk	simspaceweaver	2023-01-11T21:07:52Z	
2.19.16	automatic	software.amazon.awssdk	simspaceweaver	2023-01-12T21:04:48Z	
2.19.17	automatic	software.amazon.awssdk	simspaceweaver	2023-01-13T21:11:20Z	
2.19.18	automatic	software.amazon.awssdk	simspaceweaver	2023-01-17T21:03:03Z	
2.19.19	automatic	software.amazon.awssdk	simspaceweaver	2023-01-18T22:02:34Z	
2.19.20	automatic	software.amazon.awssdk	simspaceweaver	2023-01-19T23:44:49Z	
2.19.21	automatic	software.amazon.awssdk	simspaceweaver	2023-01-20T21:15:53Z	
2.19.22	automatic	software.amazon.awssdk	simspaceweaver	2023-01-24T00:16:44Z	
2.19.23	automatic	software.amazon.awssdk	simspaceweaver	2023-01-24T21:24:00Z	
2.19.24	automatic	software.amazon.awssdk	simspaceweaver	2023-01-25T21:15:24Z	
2.19.25	automatic	software.amazon.awssdk	simspaceweaver	2023-01-27T00:57:17Z	
2.19.26	automatic	software.amazon.awssdk	simspaceweaver	2023-01-27T21:04:33Z	
2.19.27	automatic	software.amazon.awssdk	simspaceweaver	2023-01-30T21:27:49Z	
2.19.28	automatic	software.amazon.awssdk	simspaceweaver	2023-01-31T22:04:17Z	
2.19.29	automatic	software.amazon.awssdk	simspaceweaver	2023-02-01T21:02:34Z	
2.19.30	automatic	software.amazon.awssdk	simspaceweaver	2023-02-02T21:23:52Z	
2.19.31	automatic	software.amazon.awssdk	simspaceweaver	2023-02-03T21:07:55Z	
2.19.32	automatic	software.amazon.awssdk	simspaceweaver	2023-02-06T21:12:46Z	
2.19.33	automatic	software.amazon.awssdk	simspaceweaver	2023-02-07T21:53:21Z	
2.20.0	automatic	software.amazon.awssdk	simspaceweaver	2023-02-08T22:00:23Z	
2.20.1	automatic	software.amazon.awssdk	simspaceweaver	2023-02-09T21:03:18Z	
2.20.2	automatic	software.amazon.awssdk	simspaceweaver	2023-02-10T21:03:16Z	
2.20.3	automatic	software.amazon.awssdk	simspaceweaver	2023-02-13T21:01:59Z	
2.20.4	automatic	software.amazon.awssdk	simspaceweaver	2023-02-14T21:04:04Z	
2.20.5	automatic	software.amazon.awssdk	simspaceweaver	2023-02-15T21:49:46Z	
2.20.6	automatic	software.amazon.awssdk	simspaceweaver	2023-02-16T22:40:40Z	
2.20.7	automatic	software.amazon.awssdk	simspaceweaver	2023-02-17T21:03:44Z	
2.20.8	automatic	software.amazon.awssdk	simspaceweaver	2023-02-20T21:01:12Z	
2.20.9	automatic	software.amazon.awssdk	simspaceweaver	2023-02-21T22:09:13Z	
2.20.10	automatic	software.amazon.awssdk	simspaceweaver	2023-02-22T21:43:49Z	
2.20.11	automatic	software.amazon.awssdk	simspaceweaver	2023-02-23T21:19:17Z	
2.20.12	automatic	software.amazon.awssdk	simspaceweaver	2023-02-24T21:05:56Z	
2.20.13	automatic	software.amazon.awssdk	simspaceweaver	2023-02-27T21:11:37Z	
2.20.14	automatic	software.amazon.awssdk	simspaceweaver	2023-02-28T21:14:27Z	
2.20.15	automatic	software.amazon.awssdk	simspaceweaver	2023-03-01T21:27:49Z	
2.20.16	automatic	software.amazon.awssdk	simspaceweaver	2023-03-02T21:12:31Z	
2.20.17	automatic	software.amazon.awssdk	simspaceweaver	2023-03-03T21:10:58Z	
2.20.18	automatic	software.amazon.awssdk	simspaceweaver	2023-03-06T21:12:47Z	
2.20.19	automatic	software.amazon.awssdk	simspaceweaver	2023-03-07T21:13:57Z	
2.20.20	automatic	software.amazon.awssdk	simspaceweaver	2023-03-08T21:13:19Z	
2.20.21	automatic	software.amazon.awssdk	simspaceweaver	2023-03-09T21:11:33Z	
2.20.22	automatic	software.amazon.awssdk	simspaceweaver	2023-03-10T21:16:32Z	
2.20.23	automatic	software.amazon.awssdk	simspaceweaver	2023-03-13T20:12:45Z	
2.20.24	automatic	software.amazon.awssdk	simspaceweaver	2023-03-14T20:22:54Z	
2.20.25	automatic	software.amazon.awssdk	simspaceweaver	2023-03-15T22:47:05Z	
2.20.26	automatic	software.amazon.awssdk	simspaceweaver	2023-03-16T20:15:20Z	
2.20.27	automatic	software.amazon.awssdk	simspaceweaver	2023-03-17T20:14:26Z	
2.20.28	automatic	software.amazon.awssdk	simspaceweaver	2023-03-20T20:09:40Z	
2.20.29	automatic	software.amazon.awssdk	simspaceweaver	2023-03-21T20:18:01Z	
2.20.30	automatic	software.amazon.awssdk	simspaceweaver	2023-03-22T23:18:29Z	
2.20.31	automatic	software.amazon.awssdk	simspaceweaver	2023-03-23T20:09:46Z	
2.20.32	automatic	software.amazon.awssdk	simspaceweaver	2023-03-24T22:00:48Z	
2.20.33	automatic	software.amazon.awssdk	simspaceweaver	2023-03-27T20:16:51Z	
2.20.34	automatic	software.amazon.awssdk	simspaceweaver	2023-03-28T20:15:06Z	
2.20.35	automatic	software.amazon.awssdk	simspaceweaver	2023-03-29T20:15:55Z	
2.20.36	automatic	software.amazon.awssdk	simspaceweaver	2023-03-30T20:49:46Z	
2.20.37	automatic	software.amazon.awssdk	simspaceweaver	2023-03-31T20:30:29Z	
2.20.38	automatic	software.amazon.awssdk	simspaceweaver	2023-04-03T20:09:40Z	
2.20.39	automatic	software.amazon.awssdk	simspaceweaver	2023-04-04T20:17:19Z	
2.20.40	automatic	software.amazon.awssdk	simspaceweaver	2023-04-05T20:13:48Z	
2.20.41	automatic	software.amazon.awssdk	simspaceweaver	2023-04-06T22:01:46Z	
2.20.42	automatic	software.amazon.awssdk	simspaceweaver	2023-04-07T20:16:44Z	
2.20.43	automatic	software.amazon.awssdk	simspaceweaver	2023-04-10T21:10:55Z	
2.20.44	automatic	software.amazon.awssdk	simspaceweaver	2023-04-11T23:14:41Z	
2.20.45	automatic	software.amazon.awssdk	simspaceweaver	2023-04-12T20:25:32Z	
2.20.46	automatic	software.amazon.awssdk	simspaceweaver	2023-04-13T20:12:17Z	
2.20.47	automatic	software.amazon.awssdk	simspaceweaver	2023-04-14T21:11:42Z	
2.20.48	automatic	software.amazon.awssdk	simspaceweaver	2023-04-17T20:16:55Z	
2.20.49	automatic	software.amazon.awssdk	simspaceweaver	2023-04-19T21:38:51Z	
2.20.50	automatic	software.amazon.awssdk	simspaceweaver	2023-04-20T21:23:31Z	
2.20.51	automatic	software.amazon.awssdk	simspaceweaver	2023-04-21T23:04:03Z	
2.20.52	automatic	software.amazon.awssdk	simspaceweaver	2023-04-24T22:59:18Z	
2.20.53	automatic	software.amazon.awssdk	simspaceweaver	2023-04-25T21:14:26Z	
2.20.54	automatic	software.amazon.awssdk	simspaceweaver	2023-04-26T20:18:30Z	
2.20.55	automatic	software.amazon.awssdk	simspaceweaver	2023-04-27T20:38:40Z	
2.20.56	automatic	software.amazon.awssdk	simspaceweaver	2023-04-28T20:16:16Z	
2.20.57	automatic	software.amazon.awssdk	simspaceweaver	2023-05-01T22:58:11Z	
2.20.58	automatic	software.amazon.awssdk	simspaceweaver	2023-05-02T20:17:05Z	
2.20.59	automatic	software.amazon.awssdk	simspaceweaver	2023-05-03T20:21:34Z	
2.20.60	automatic	software.amazon.awssdk	simspaceweaver	2023-05-04T21:16:15Z	
2.20.61	automatic	software.amazon.awssdk	simspaceweaver	2023-05-05T21:56:43Z	
2.20.62	automatic	software.amazon.awssdk	simspaceweaver	2023-05-08T23:19:14Z	
2.20.63	automatic	software.amazon.awssdk	simspaceweaver	2023-05-09T20:34:56Z	
2.20.64	automatic	software.amazon.awssdk	simspaceweaver	2023-05-10T20:15:45Z	
2.20.65	automatic	software.amazon.awssdk	simspaceweaver	2023-05-11T21:19:02Z	
2.20.66	automatic	software.amazon.awssdk	simspaceweaver	2023-05-15T21:24:54Z	
2.20.67	automatic	software.amazon.awssdk	simspaceweaver	2023-05-16T20:20:28Z	
2.20.68	automatic	software.amazon.awssdk	simspaceweaver	2023-05-18T21:41:59Z	
2.20.69	automatic	software.amazon.awssdk	simspaceweaver	2023-05-19T20:15:56Z	
2.20.70	automatic	software.amazon.awssdk	simspaceweaver	2023-05-22T20:15:21Z	
2.20.71	automatic	software.amazon.awssdk	simspaceweaver	2023-05-23T20:33:24Z	
2.20.72	automatic	software.amazon.awssdk	simspaceweaver	2023-05-24T20:32:08Z	
2.20.73	automatic	software.amazon.awssdk	simspaceweaver	2023-05-25T20:35:59Z	
2.20.74	automatic	software.amazon.awssdk	simspaceweaver	2023-05-26T20:15:01Z	
2.20.75	automatic	software.amazon.awssdk	simspaceweaver	2023-05-30T20:18:26Z	
2.20.76	automatic	software.amazon.awssdk	simspaceweaver	2023-05-31T20:16:01Z	
2.20.77	automatic	software.amazon.awssdk	simspaceweaver	2023-06-01T21:13:10Z	
2.20.78	automatic	software.amazon.awssdk	simspaceweaver	2023-06-02T20:14:54Z	
2.20.79	automatic	software.amazon.awssdk	simspaceweaver	2023-06-05T20:14:29Z	
2.20.80	automatic	software.amazon.awssdk	simspaceweaver	2023-06-06T20:24:51Z	
2.20.81	automatic	software.amazon.awssdk	simspaceweaver	2023-06-07T20:24:36Z	
2.20.82	automatic	software.amazon.awssdk	simspaceweaver	2023-06-08T20:07:08Z	
2.20.83	automatic	software.amazon.awssdk	simspaceweaver	2023-06-09T20:03:37Z	
2.20.84	automatic	software.amazon.awssdk	simspaceweaver	2023-06-12T20:08:35Z	
2.20.85	automatic	software.amazon.awssdk	simspaceweaver	2023-06-13T22:45:54Z	
2.20.86	automatic	software.amazon.awssdk	simspaceweaver	2023-06-15T20:10:28Z	
2.20.87	automatic	software.amazon.awssdk	simspaceweaver	2023-06-16T20:42:18Z	
2.20.88	automatic	software.amazon.awssdk	simspaceweaver	2023-06-19T20:06:14Z	
2.20.89	automatic	software.amazon.awssdk	simspaceweaver	2023-06-20T22:02:07Z	
2.20.90	automatic	software.amazon.awssdk	simspaceweaver	2023-06-21T20:10:58Z	
2.20.91	automatic	software.amazon.awssdk	simspaceweaver	2023-06-22T20:08:07Z	
2.20.92	automatic	software.amazon.awssdk	simspaceweaver	2023-06-23T20:01:17Z	
2.20.93	automatic	software.amazon.awssdk	simspaceweaver	2023-06-26T20:40:22Z	
2.20.94	automatic	software.amazon.awssdk	simspaceweaver	2023-06-27T20:34:15Z	
2.20.95	automatic	software.amazon.awssdk	simspaceweaver	2023-06-28T22:21:54Z	
2.20.96	automatic	software.amazon.awssdk	simspaceweaver	2023-06-29T21:08:58Z	
2.20.97	automatic	software.amazon.awssdk	simspaceweaver	2023-06-30T20:04:30Z	
2.20.98	automatic	software.amazon.awssdk	simspaceweaver	2023-07-03T22:09:12Z	
2.20.99	automatic	software.amazon.awssdk	simspaceweaver	2023-07-05T20:13:13Z	
2.20.100	automatic	software.amazon.awssdk	simspaceweaver	2023-07-06T20:05:22Z	
2.20.101	automatic	software.amazon.awssdk	simspaceweaver	2023-07-07T20:03:48Z	
2.20.102	automatic	software.amazon.awssdk	simspaceweaver	2023-07-11T06:29:14Z	
2.20.103	automatic	software.amazon.awssdk	simspaceweaver	2023-07-13T20:37:12Z	
2.20.104	automatic	software.amazon.awssdk	simspaceweaver	2023-07-17T20:17:36Z	
2.20.105	automatic	software.amazon.awssdk	simspaceweaver	2023-07-18T20:57:13Z	
2.20.106	automatic	software.amazon.awssdk	simspaceweaver	2023-07-19T20:06:41Z	
2.20.107	automatic	software.amazon.awssdk	simspaceweaver	2023-07-20T04:57:00Z	
2.20.108	automatic	software.amazon.awssdk	simspaceweaver	2023-07-20T20:45:55Z	
2.20.109	automatic	software.amazon.awssdk	simspaceweaver	2023-07-21T20:30:47Z	
2.20.110	automatic	software.amazon.awssdk	simspaceweaver	2023-07-24T20:17:53Z	
2.20.111	automatic	software.amazon.awssdk	simspaceweaver	2023-07-25T20:11:09Z	
2.20.112	automatic	software.amazon.awssdk	simspaceweaver	2023-07-26T20:26:10Z	
2.20.113	automatic	software.amazon.awssdk	simspaceweaver	2023-07-27T20:12:18Z	
2.20.114	automatic	software.amazon.awssdk	simspaceweaver	2023-07-28T02:20:48Z	
2.20.115	automatic	software.amazon.awssdk	simspaceweaver	2023-07-28T20:07:58Z	
2.20.116	automatic	software.amazon.awssdk	simspaceweaver	2023-07-31T20:13:36Z	
2.20.117	automatic	software.amazon.awssdk	simspaceweaver	2023-08-01T20:08:39Z	
2.20.118	automatic	software.amazon.awssdk	simspaceweaver	2023-08-02T20:09:42Z	
2.20.119	automatic	software.amazon.awssdk	simspaceweaver	2023-08-04T00:30:25Z	
2.20.120	automatic	software.amazon.awssdk	simspaceweaver	2023-08-04T20:18:29Z	
2.20.121	automatic	software.amazon.awssdk	simspaceweaver	2023-08-07T20:09:28Z	
2.20.122	automatic	software.amazon.awssdk	simspaceweaver	2023-08-08T23:07:35Z	
2.20.123	automatic	software.amazon.awssdk	simspaceweaver	2023-08-09T20:08:22Z	
2.20.124	automatic	software.amazon.awssdk	simspaceweaver	2023-08-10T20:12:48Z	
2.20.125	automatic	software.amazon.awssdk	simspaceweaver	2023-08-11T20:08:00Z	
2.20.126	automatic	software.amazon.awssdk	simspaceweaver	2023-08-14T20:09:32Z	
2.20.127	automatic	software.amazon.awssdk	simspaceweaver	2023-08-15T20:58:47Z	
2.20.128	automatic	software.amazon.awssdk	simspaceweaver	2023-08-16T20:16:17Z	
2.20.129	automatic	software.amazon.awssdk	simspaceweaver	2023-08-17T22:27:48Z	
2.20.130	automatic	software.amazon.awssdk	simspaceweaver	2023-08-18T20:16:06Z	
2.20.131	automatic	software.amazon.awssdk	simspaceweaver	2023-08-21T20:04:51Z	
2.20.132	automatic	software.amazon.awssdk	simspaceweaver	2023-08-22T20:10:25Z	
2.20.133	automatic	software.amazon.awssdk	simspaceweaver	2023-08-23T20:34:27Z	
2.20.134	automatic	software.amazon.awssdk	simspaceweaver	2023-08-24T20:08:15Z	
2.20.135	automatic	software.amazon.awssdk	simspaceweaver	2023-08-25T21:10:03Z	
2.20.136	automatic	software.amazon.awssdk	simspaceweaver	2023-08-28T20:14:55Z	
2.20.137	automatic	software.amazon.awssdk	simspaceweaver	2023-08-29T20:14:13Z	
2.20.138	automatic	software.amazon.awssdk	simspaceweaver	2023-08-30T21:03:32Z	
2.20.139	automatic	software.amazon.awssdk	simspaceweaver	2023-08-31T21:02:10Z	
2.20.140	automatic	software.amazon.awssdk	simspaceweaver	2023-09-01T22:39:04Z	
2.20.141	automatic	software.amazon.awssdk	simspaceweaver	2023-09-05T20:07:58Z	
2.20.142	automatic	software.amazon.awssdk	simspaceweaver	2023-09-06T20:08:33Z	
2.20.143	automatic	software.amazon.awssdk	simspaceweaver	2023-09-07T21:36:19Z	
2.20.144	automatic	software.amazon.awssdk	simspaceweaver	2023-09-08T20:17:11Z	
2.20.145	automatic	software.amazon.awssdk	simspaceweaver	2023-09-11T20:07:03Z	
2.20.146	automatic	software.amazon.awssdk	simspaceweaver	2023-09-12T20:13:15Z	
2.20.147	automatic	software.amazon.awssdk	simspaceweaver	2023-09-13T20:10:55Z	
2.20.148	automatic	software.amazon.awssdk	simspaceweaver	2023-09-14T20:09:47Z	
2.20.149	automatic	software.amazon.awssdk	simspaceweaver	2023-09-15T20:40:02Z	
2.20.150	automatic	software.amazon.awssdk	simspaceweaver	2023-09-18T20:13:04Z	
2.20.151	automatic	software.amazon.awssdk	simspaceweaver	2023-09-19T20:41:32Z	
2.20.152	automatic	software.amazon.awssdk	simspaceweaver	2023-09-20T22:37:10Z	
2.20.153	automatic	software.amazon.awssdk	simspaceweaver	2023-09-22T21:07:43Z	
2.20.154	automatic	software.amazon.awssdk	simspaceweaver	2023-09-25T20:10:02Z	
2.20.155	automatic	software.amazon.awssdk	simspaceweaver	2023-09-26T20:24:25Z	
2.20.156	automatic	software.amazon.awssdk	simspaceweaver	2023-09-27T20:08:05Z	
2.20.157	automatic	software.amazon.awssdk	simspaceweaver	2023-09-28T21:27:52Z	
2.20.158	automatic	software.amazon.awssdk	simspaceweaver	2023-10-03T05:48:57Z	
2.20.159	automatic	software.amazon.awssdk	simspaceweaver	2023-10-03T20:15:10Z	
2.20.160	automatic	software.amazon.awssdk	simspaceweaver	2023-10-04T20:15:19Z	
2.20.161	automatic	software.amazon.awssdk	simspaceweaver	2023-10-05T20:12:50Z	
2.20.162	automatic	software.amazon.awssdk	simspaceweaver	2023-10-06T20:58:32Z	
2.21.0	automatic	software.amazon.awssdk	simspaceweaver	2023-10-12T20:19:16Z	
2.21.1	automatic	software.amazon.awssdk	simspaceweaver	2023-10-16T20:12:59Z	
2.21.2	automatic	software.amazon.awssdk	simspaceweaver	2023-10-17T20:12:09Z	
2.21.3	automatic	software.amazon.awssdk	simspaceweaver	2023-10-19T16:23:22Z	
2.21.4	automatic	software.amazon.awssdk	simspaceweaver	2023-10-19T21:59:20Z	
2.21.5	automatic	software.amazon.awssdk	simspaceweaver	2023-10-21T02:52:35Z	
2.21.6	automatic	software.amazon.awssdk	simspaceweaver	2023-10-23T23:15:33Z	
2.21.7	automatic	software.amazon.awssdk	simspaceweaver	2023-10-24T20:10:17Z	
2.21.8	automatic	software.amazon.awssdk	simspaceweaver	2023-10-26T00:50:22Z	
2.21.9	automatic	software.amazon.awssdk	simspaceweaver	2023-10-26T20:12:32Z	
2.21.10	automatic	software.amazon.awssdk	simspaceweaver	2023-10-27T20:20:52Z	
2.21.11	automatic	software.amazon.awssdk	simspaceweaver	2023-10-30T20:09:24Z	
2.21.12	automatic	software.amazon.awssdk	simspaceweaver	2023-10-31T20:22:33Z	
2.21.13	automatic	software.amazon.awssdk	simspaceweaver	2023-11-01T20:40:10Z	
2.21.14	automatic	software.amazon.awssdk	simspaceweaver	2023-11-02T20:24:59Z	
2.21.15	automatic	software.amazon.awssdk	simspaceweaver	2023-11-03T23:12:56Z	
2.21.16	automatic	software.amazon.awssdk	simspaceweaver	2023-11-06T22:15:18Z	
2.21.17	automatic	software.amazon.awssdk	simspaceweaver	2023-11-07T21:35:38Z	
2.21.18	automatic	software.amazon.awssdk	simspaceweaver	2023-11-09T00:27:58Z	
2.21.19	automatic	software.amazon.awssdk	simspaceweaver	2023-11-09T04:34:58Z	
2.21.20	automatic	software.amazon.awssdk	simspaceweaver	2023-11-09T21:22:11Z	
2.21.21	automatic	software.amazon.awssdk	simspaceweaver	2023-11-10T21:39:04Z	
2.21.22	automatic	software.amazon.awssdk	simspaceweaver	2023-11-13T21:23:33Z	
2.21.23	automatic	software.amazon.awssdk	simspaceweaver	2023-11-14T21:27:42Z	
2.21.24	automatic	software.amazon.awssdk	simspaceweaver	2023-11-15T21:33:02Z	
2.21.25	automatic	software.amazon.awssdk	simspaceweaver	2023-11-17T06:22:50Z	
2.21.26	automatic	software.amazon.awssdk	simspaceweaver	2023-11-18T00:12:29Z	
2.21.27	automatic	software.amazon.awssdk	simspaceweaver	2023-11-20T22:27:29Z	
2.21.28	automatic	software.amazon.awssdk	simspaceweaver	2023-11-21T23:54:39Z	
2.21.29	automatic	software.amazon.awssdk	simspaceweaver	2023-11-22T21:48:20Z	
2.21.30	automatic	software.amazon.awssdk	simspaceweaver	2023-11-27T06:44:39Z	
2.21.31	automatic	software.amazon.awssdk	simspaceweaver	2023-11-27T22:16:54Z	
2.21.32	automatic	software.amazon.awssdk	simspaceweaver	2023-11-28T07:51:10Z	
2.21.33	automatic	software.amazon.awssdk	simspaceweaver	2023-11-28T21:43:29Z	
2.21.34	automatic	software.amazon.awssdk	simspaceweaver	2023-11-29T21:09:46Z	
2.21.35	automatic	software.amazon.awssdk	simspaceweaver	2023-11-30T03:28:48Z	
2.21.36	automatic	software.amazon.awssdk	simspaceweaver	2023-11-30T21:12:04Z	
2.21.37	automatic	software.amazon.awssdk	simspaceweaver	2023-12-01T21:25:12Z	
2.21.38	automatic	software.amazon.awssdk	simspaceweaver	2023-12-04T21:29:09Z	
2.21.39	automatic	software.amazon.awssdk	simspaceweaver	2023-12-05T21:31:20Z	
2.21.40	automatic	software.amazon.awssdk	simspaceweaver	2023-12-06T21:28:10Z	
2.21.41	automatic	software.amazon.awssdk	simspaceweaver	2023-12-08T01:04:08Z	
2.21.42	automatic	software.amazon.awssdk	simspaceweaver	2023-12-08T21:33:03Z	
2.21.43	automatic	software.amazon.awssdk	simspaceweaver	2023-12-11T21:45:42Z	
2.21.44	automatic	software.amazon.awssdk	simspaceweaver	2023-12-12T22:28:06Z	
2.21.45	automatic	software.amazon.awssdk	simspaceweaver	2023-12-13T22:05:52Z	
2.21.46	automatic	software.amazon.awssdk	simspaceweaver	2023-12-14T21:39:16Z	
2.22.0	automatic	software.amazon.awssdk	simspaceweaver	2023-12-15T21:51:29Z	
2.22.1	automatic	software.amazon.awssdk	simspaceweaver	2023-12-18T21:34:58Z	
2.22.2	automatic	software.amazon.awssdk	simspaceweaver	2023-12-19T21:32:41Z	
2.22.3	automatic	software.amazon.awssdk	simspaceweaver	2023-12-20T21:50:05Z	
2.22.4	automatic	software.amazon.awssdk	simspaceweaver	2023-12-21T22:20:55Z	
2.22.5	automatic	software.amazon.awssdk	simspaceweaver	2023-12-22T21:36:27Z	
2.22.6	automatic	software.amazon.awssdk	simspaceweaver	2023-12-26T21:38:46Z	
2.22.7	automatic	software.amazon.awssdk	simspaceweaver	2023-12-27T21:32:40Z	
2.22.8	automatic	software.amazon.awssdk	simspaceweaver	2023-12-28T21:57:11Z	
2.22.9	automatic	software.amazon.awssdk	simspaceweaver	2023-12-29T21:35:22Z	
2.22.10	automatic	software.amazon.awssdk	simspaceweaver	2024-01-03T21:40:28Z	
2.22.11	automatic	software.amazon.awssdk	simspaceweaver	2024-01-04T22:09:55Z	
2.22.12	automatic	software.amazon.awssdk	simspaceweaver	2024-01-05T21:36:43Z	
2.22.13	automatic	software.amazon.awssdk	simspaceweaver	2024-01-08T21:31:25Z	
2.23.0	automatic	software.amazon.awssdk	simspaceweaver	2024-01-10T21:28:14Z	
2.23.1	automatic	software.amazon.awssdk	simspaceweaver	2024-01-11T21:26:44Z	
2.23.2	automatic	software.amazon.awssdk	simspaceweaver	2024-01-13T03:18:14Z	
2.23.3	automatic	software.amazon.awssdk	simspaceweaver	2024-01-14T07:50:05Z	
2.23.4	automatic	software.amazon.awssdk	simspaceweaver	2024-01-16T23:36:15Z	
2.23.5	automatic	software.amazon.awssdk	simspaceweaver	2024-01-17T21:32:29Z	
2.23.6	automatic	software.amazon.awssdk	simspaceweaver	2024-01-18T21:40:16Z	
2.23.7	automatic	software.amazon.awssdk	simspaceweaver	2024-01-19T21:39:20Z	
2.23.8	automatic	software.amazon.awssdk	simspaceweaver	2024-01-22T21:37:50Z	
2.23.9	automatic	software.amazon.awssdk	simspaceweaver	2024-01-23T23:00:58Z	
2.23.10	automatic	software.amazon.awssdk	simspaceweaver	2024-01-24T21:43:09Z	
2.23.11	automatic	software.amazon.awssdk	simspaceweaver	2024-01-25T21:43:01Z	
2.23.12	automatic	software.amazon.awssdk	simspaceweaver	2024-01-26T21:34:38Z	
2.23.13	automatic	software.amazon.awssdk	simspaceweaver	2024-01-29T21:38:22Z	
2.23.14	automatic	software.amazon.awssdk	simspaceweaver	2024-01-30T21:35:40Z	
2.23.15	automatic	software.amazon.awssdk	simspaceweaver	2024-01-31T22:19:55Z	
2.23.16	automatic	software.amazon.awssdk	simspaceweaver	2024-02-01T21:41:53Z	
2.23.17	automatic	software.amazon.awssdk	simspaceweaver	2024-02-02T22:42:24Z	
2.23.18	automatic	software.amazon.awssdk	simspaceweaver	2024-02-05T22:16:29Z	
2.23.19	automatic	software.amazon.awssdk	simspaceweaver	2024-02-06T21:19:29Z	
2.23.20	automatic	software.amazon.awssdk	simspaceweaver	2024-02-07T21:14:40Z	
2.23.21	automatic	software.amazon.awssdk	simspaceweaver	2024-02-08T21:13:14Z	
2.24.0	automatic	software.amazon.awssdk	simspaceweaver	2024-02-09T21:41:24Z	
2.24.1	automatic	software.amazon.awssdk	simspaceweaver	2024-02-12T21:50:36Z	
2.24.2	automatic	software.amazon.awssdk	simspaceweaver	2024-02-13T21:36:34Z	
2.24.3	automatic	software.amazon.awssdk	simspaceweaver	2024-02-14T21:19:14Z	
2.24.4	automatic	software.amazon.awssdk	simspaceweaver	2024-02-15T21:19:45Z	
2.24.5	automatic	software.amazon.awssdk	simspaceweaver	2024-02-16T21:21:08Z	
2.24.6	automatic	software.amazon.awssdk	simspaceweaver	2024-02-19T21:21:22Z	
2.24.7	automatic	software.amazon.awssdk	simspaceweaver	2024-02-20T21:59:59Z	
2.24.8	automatic	software.amazon.awssdk	simspaceweaver	2024-02-22T00:14:29Z	
2.24.9	automatic	software.amazon.awssdk	simspaceweaver	2024-02-22T21:33:32Z	
2.24.10	automatic	software.amazon.awssdk	simspaceweaver	2024-02-23T22:13:31Z	
2.24.11	automatic	software.amazon.awssdk	simspaceweaver	2024-02-27T00:26:54Z	
2.24.12	automatic	software.amazon.awssdk	simspaceweaver	2024-02-27T21:54:48Z	
2.24.13	automatic	software.amazon.awssdk	simspaceweaver	2024-02-28T21:21:01Z	
2.25.0	automatic	software.amazon.awssdk	simspaceweaver	2024-02-29T21:15:50Z	
2.25.1	automatic	software.amazon.awssdk	simspaceweaver	2024-03-01T21:17:46Z	
2.25.2	automatic	software.amazon.awssdk	simspaceweaver	2024-03-04T21:20:44Z	
2.25.3	automatic	software.amazon.awssdk	simspaceweaver	2024-03-05T21:23:36Z	
2.25.4	automatic	software.amazon.awssdk	simspaceweaver	2024-03-06T22:48:00Z	
2.25.5	automatic	software.amazon.awssdk	simspaceweaver	2024-03-07T21:28:05Z	
2.25.6	automatic	software.amazon.awssdk	simspaceweaver	2024-03-08T23:23:24Z	
2.25.7	automatic	software.amazon.awssdk	simspaceweaver	2024-03-11T20:49:38Z	
2.25.8	automatic	software.amazon.awssdk	simspaceweaver	2024-03-12T21:01:30Z	
2.25.9	automatic	software.amazon.awssdk	simspaceweaver	2024-03-13T22:16:38Z	
2.25.10	automatic	software.amazon.awssdk	simspaceweaver	2024-03-14T20:23:24Z	
2.25.11	automatic	software.amazon.awssdk	simspaceweaver	2024-03-15T20:34:15Z	
2.25.12	automatic	software.amazon.awssdk	simspaceweaver	2024-03-18T20:41:26Z	
2.25.13	automatic	software.amazon.awssdk	simspaceweaver	2024-03-19T20:40:15Z	
2.25.14	automatic	software.amazon.awssdk	simspaceweaver	2024-03-20T20:37:27Z	
2.25.15	automatic	software.amazon.awssdk	simspaceweaver	2024-03-21T20:27:26Z	
2.25.16	automatic	software.amazon.awssdk	simspaceweaver	2024-03-22T20:25:40Z	
2.25.17	automatic	software.amazon.awssdk	simspaceweaver	2024-03-25T20:31:36Z	
2.25.18	automatic	software.amazon.awssdk	simspaceweaver	2024-03-26T20:30:55Z	
2.25.19	automatic	software.amazon.awssdk	simspaceweaver	2024-03-27T20:44:29Z	
2.25.20	automatic	software.amazon.awssdk	simspaceweaver	2024-03-28T20:48:43Z	
2.25.21	automatic	software.amazon.awssdk	simspaceweaver	2024-03-29T20:17:57Z	
2.25.22	automatic	software.amazon.awssdk	simspaceweaver	2024-04-01T21:06:28Z	
2.25.23	automatic	software.amazon.awssdk	simspaceweaver	2024-04-02T20:38:24Z	
2.25.24	automatic	software.amazon.awssdk	simspaceweaver	2024-04-03T20:26:27Z	
2.25.25	automatic	software.amazon.awssdk	simspaceweaver	2024-04-04T20:28:57Z	
2.25.26	automatic	software.amazon.awssdk	simspaceweaver	2024-04-05T20:34:45Z	
2.25.27	automatic	software.amazon.awssdk	simspaceweaver	2024-04-08T20:46:41Z	
2.25.28	automatic	software.amazon.awssdk	simspaceweaver	2024-04-09T21:00:07Z	
2.25.29	automatic	software.amazon.awssdk	simspaceweaver	2024-04-10T20:29:39Z	
2.25.30	automatic	software.amazon.awssdk	simspaceweaver	2024-04-11T21:24:30Z	
2.25.31	automatic	software.amazon.awssdk	simspaceweaver	2024-04-12T21:22:18Z	
2.25.32	automatic	software.amazon.awssdk	simspaceweaver	2024-04-16T20:29:31Z	
2.25.33	automatic	software.amazon.awssdk	simspaceweaver	2024-04-17T21:21:03Z	
2.25.34	automatic	software.amazon.awssdk	simspaceweaver	2024-04-18T21:08:45Z	
2.25.35	automatic	software.amazon.awssdk	simspaceweaver	2024-04-19T20:33:04Z	
2.25.36	automatic	software.amazon.awssdk	simspaceweaver	2024-04-22T20:25:33Z	
2.25.37	automatic	software.amazon.awssdk	simspaceweaver	2024-04-23T21:05:18Z	
2.25.38	automatic	software.amazon.awssdk	simspaceweaver	2024-04-24T20:23:56Z	
2.25.39	automatic	software.amazon.awssdk	simspaceweaver	2024-04-25T20:21:33Z	
2.25.40	automatic	software.amazon.awssdk	simspaceweaver	2024-04-26T20:22:33Z	
2.25.41	automatic	software.amazon.awssdk	simspaceweaver	2024-04-29T21:44:56Z	
2.25.42	automatic	software.amazon.awssdk	simspaceweaver	2024-04-30T20:24:29Z	
2.25.43	automatic	software.amazon.awssdk	simspaceweaver	2024-05-01T20:25:32Z	
2.25.44	automatic	software.amazon.awssdk	simspaceweaver	2024-05-02T20:42:39Z	
2.25.45	automatic	software.amazon.awssdk	simspaceweaver	2024-05-03T20:26:25Z	
2.25.46	automatic	software.amazon.awssdk	simspaceweaver	2024-05-06T20:33:03Z	
2.25.47	automatic	software.amazon.awssdk	simspaceweaver	2024-05-07T20:31:50Z	
2.25.48	automatic	software.amazon.awssdk	simspaceweaver	2024-05-08T22:08:30Z	
2.25.49	automatic	software.amazon.awssdk	simspaceweaver	2024-05-09T21:36:07Z	
2.25.50	automatic	software.amazon.awssdk	simspaceweaver	2024-05-10T20:39:55Z	
2.25.51	automatic	software.amazon.awssdk	simspaceweaver	2024-05-13T20:23:36Z	
2.25.52	automatic	software.amazon.awssdk	simspaceweaver	2024-05-14T21:34:24Z	
2.25.53	automatic	software.amazon.awssdk	simspaceweaver	2024-05-15T20:24:07Z	
2.25.54	automatic	software.amazon.awssdk	simspaceweaver	2024-05-16T20:20:29Z	
2.25.55	automatic	software.amazon.awssdk	simspaceweaver	2024-05-17T21:18:01Z	
2.25.56	automatic	software.amazon.awssdk	simspaceweaver	2024-05-20T20:32:00Z	
2.25.57	automatic	software.amazon.awssdk	simspaceweaver	2024-05-21T20:53:13Z	
2.25.58	automatic	software.amazon.awssdk	simspaceweaver	2024-05-22T20:25:53Z	
2.25.59	automatic	software.amazon.awssdk	simspaceweaver	2024-05-23T20:26:41Z	
2.25.60	automatic	software.amazon.awssdk	simspaceweaver	2024-05-24T21:03:05Z	
2.25.61	automatic	software.amazon.awssdk	simspaceweaver	2024-05-28T20:24:05Z	
2.25.62	automatic	software.amazon.awssdk	simspaceweaver	2024-05-29T20:31:23Z	
2.25.63	automatic	software.amazon.awssdk	simspaceweaver	2024-05-30T20:25:11Z	
2.25.64	automatic	software.amazon.awssdk	simspaceweaver	2024-05-31T20:39:31Z	
2.25.65	automatic	software.amazon.awssdk	simspaceweaver	2024-06-03T21:21:09Z	
2.25.66	automatic	software.amazon.awssdk	simspaceweaver	2024-06-04T20:28:23Z	
2.25.67	automatic	software.amazon.awssdk	simspaceweaver	2024-06-05T20:29:27Z	
2.25.68	automatic	software.amazon.awssdk	simspaceweaver	2024-06-06T20:25:17Z	
2.25.69	automatic	software.amazon.awssdk	simspaceweaver	2024-06-07T21:08:20Z	
2.25.70	automatic	software.amazon.awssdk	simspaceweaver	2024-06-10T20:44:45Z	
2.26.0	automatic	software.amazon.awssdk	simspaceweaver	2024-06-11T21:23:37Z	
2.26.1	automatic	software.amazon.awssdk	simspaceweaver	2024-06-12T20:35:16Z	
2.26.2	automatic	software.amazon.awssdk	simspaceweaver	2024-06-14T19:20:06Z	
2.26.3	automatic	software.amazon.awssdk	simspaceweaver	2024-06-14T21:57:05Z	
2.26.4	automatic	software.amazon.awssdk	simspaceweaver	2024-06-17T20:33:47Z	
2.26.5	automatic	software.amazon.awssdk	simspaceweaver	2024-06-18T20:39:19Z	
2.26.6	automatic	software.amazon.awssdk	simspaceweaver	2024-06-19T20:32:55Z	
2.26.7	automatic	software.amazon.awssdk	simspaceweaver	2024-06-20T20:26:33Z	
2.26.8	automatic	software.amazon.awssdk	simspaceweaver	2024-06-24T23:23:51Z	
2.26.9	automatic	software.amazon.awssdk	simspaceweaver	2024-06-25T20:38:01Z	
2.26.10	automatic	software.amazon.awssdk	simspaceweaver	2024-06-26T21:18:34Z	
2.26.11	automatic	software.amazon.awssdk	simspaceweaver	2024-06-27T20:25:58Z	
2.26.12	automatic	software.amazon.awssdk	simspaceweaver	2024-06-28T21:28:59Z	
2.26.13	automatic	software.amazon.awssdk	simspaceweaver	2024-07-01T22:17:40Z	
2.26.14	automatic	software.amazon.awssdk	simspaceweaver	2024-07-02T20:35:09Z	
2.26.15	automatic	software.amazon.awssdk	simspaceweaver	2024-07-03T20:49:49Z	
2.26.16	automatic	software.amazon.awssdk	simspaceweaver	2024-07-05T20:30:05Z	
2.26.17	automatic	software.amazon.awssdk	simspaceweaver	2024-07-08T20:35:01Z	
2.26.18	automatic	software.amazon.awssdk	simspaceweaver	2024-07-09T20:33:08Z	
2.26.19	automatic	software.amazon.awssdk	simspaceweaver	2024-07-10T21:05:33Z	
2.26.20	automatic	software.amazon.awssdk	simspaceweaver	2024-07-12T22:10:49Z	
2.26.21	automatic	software.amazon.awssdk	simspaceweaver	2024-07-18T22:21:25Z	
2.26.22	automatic	software.amazon.awssdk	simspaceweaver	2024-07-22T20:28:28Z	
2.26.23	automatic	software.amazon.awssdk	simspaceweaver	2024-07-23T20:34:20Z	
2.26.24	automatic	software.amazon.awssdk	simspaceweaver	2024-07-24T20:44:09Z	
2.26.25	automatic	software.amazon.awssdk	simspaceweaver	2024-07-25T21:52:42Z	
2.26.26	automatic	software.amazon.awssdk	simspaceweaver	2024-07-29T20:21:30Z	
2.26.27	automatic	software.amazon.awssdk	simspaceweaver	2024-07-30T20:32:51Z	
2.26.28	automatic	software.amazon.awssdk	simspaceweaver	2024-08-01T20:35:18Z	
2.26.29	automatic	software.amazon.awssdk	simspaceweaver	2024-08-02T20:29:04Z	
2.26.30	automatic	software.amazon.awssdk	simspaceweaver	2024-08-05T20:28:08Z	
2.26.31	automatic	software.amazon.awssdk	simspaceweaver	2024-08-06T20:22:50Z	
2.27.0	automatic	software.amazon.awssdk	simspaceweaver	2024-08-07T22:54:14Z	
2.27.1	automatic	software.amazon.awssdk	simspaceweaver	2024-08-08T23:07:01Z	
2.27.2	automatic	software.amazon.awssdk	simspaceweaver	2024-08-09T21:10:50Z	
2.27.3	automatic	software.amazon.awssdk	simspaceweaver	2024-08-12T20:26:29Z	
2.27.4	automatic	software.amazon.awssdk	simspaceweaver	2024-08-13T20:21:05Z	
2.27.5	automatic	software.amazon.awssdk	simspaceweaver	2024-08-15T01:40:34Z	
2.27.6	automatic	software.amazon.awssdk	simspaceweaver	2024-08-15T20:44:16Z	
2.27.7	automatic	software.amazon.awssdk	simspaceweaver	2024-08-16T20:23:20Z	
2.27.8	automatic	software.amazon.awssdk	simspaceweaver	2024-08-19T20:29:29Z	
2.27.9	automatic	software.amazon.awssdk	simspaceweaver	2024-08-20T22:55:13Z	
2.27.10	automatic	software.amazon.awssdk	simspaceweaver	2024-08-21T20:43:01Z	
2.27.11	automatic	software.amazon.awssdk	simspaceweaver	2024-08-22T20:47:40Z	
2.27.12	automatic	software.amazon.awssdk	simspaceweaver	2024-08-23T21:10:34Z	
2.27.13	automatic	software.amazon.awssdk	simspaceweaver	2024-08-26T20:27:37Z	
2.27.14	automatic	software.amazon.awssdk	simspaceweaver	2024-08-27T20:26:15Z	
2.27.15	automatic	software.amazon.awssdk	simspaceweaver	2024-08-28T20:35:48Z	
2.27.16	automatic	software.amazon.awssdk	simspaceweaver	2024-08-29T21:47:39Z	
2.27.17	automatic	software.amazon.awssdk	simspaceweaver	2024-08-30T20:34:56Z	
2.27.18	automatic	software.amazon.awssdk	simspaceweaver	2024-09-03T20:20:01Z	
2.27.19	automatic	software.amazon.awssdk	simspaceweaver	2024-09-04T20:26:52Z	
2.27.20	automatic	software.amazon.awssdk	simspaceweaver	2024-09-05T20:25:28Z	
2.27.21	automatic	software.amazon.awssdk	simspaceweaver	2024-09-06T20:24:37Z	
2.27.22	automatic	software.amazon.awssdk	simspaceweaver	2024-09-09T20:30:43Z	
2.27.23	automatic	software.amazon.awssdk	simspaceweaver	2024-09-10T22:48:41Z	
2.27.24	automatic	software.amazon.awssdk	simspaceweaver	2024-09-11T20:39:30Z	
2.28.0	automatic	software.amazon.awssdk	simspaceweaver	2024-09-12T20:28:35Z	
2.28.1	automatic	software.amazon.awssdk	simspaceweaver	2024-09-13T20:28:11Z	
2.28.2	automatic	software.amazon.awssdk	simspaceweaver	2024-09-16T20:33:16Z	
2.28.3	automatic	software.amazon.awssdk	simspaceweaver	2024-09-17T20:28:08Z	
2.28.4	automatic	software.amazon.awssdk	simspaceweaver	2024-09-18T20:30:07Z	
2.28.5	automatic	software.amazon.awssdk	simspaceweaver	2024-09-19T20:26:41Z	
2.28.6	automatic	software.amazon.awssdk	simspaceweaver	2024-09-20T22:25:51Z	
2.28.7	automatic	software.amazon.awssdk	simspaceweaver	2024-09-23T22:03:50Z	
2.28.8	automatic	software.amazon.awssdk	simspaceweaver	2024-09-24T20:30:14Z	
2.28.9	automatic	software.amazon.awssdk	simspaceweaver	2024-09-25T20:38:36Z	
2.28.10	automatic	software.amazon.awssdk	simspaceweaver	2024-09-26T20:34:35Z	
2.28.11	automatic	software.amazon.awssdk	simspaceweaver	2024-09-27T21:10:57Z	
2.28.12	automatic	software.amazon.awssdk	simspaceweaver	2024-09-30T21:28:38Z	
2.28.13	automatic	software.amazon.awssdk	simspaceweaver	2024-10-01T20:44:37Z	
2.28.14	automatic	software.amazon.awssdk	simspaceweaver	2024-10-02T20:38:33Z	
2.28.15	automatic	software.amazon.awssdk	simspaceweaver	2024-10-03T21:10:27Z	
2.28.16	automatic	software.amazon.awssdk	simspaceweaver	2024-10-04T20:27:07Z	
2.28.17	automatic	software.amazon.awssdk	simspaceweaver	2024-10-07T20:37:30Z	
2.28.18	automatic	software.amazon.awssdk	simspaceweaver	2024-10-08T20:24:54Z	
2.28.19	automatic	software.amazon.awssdk	simspaceweaver	2024-10-09T20:29:46Z	
2.28.20	automatic	software.amazon.awssdk	simspaceweaver	2024-10-10T20:30:09Z	
2.28.21	automatic	software.amazon.awssdk	simspaceweaver	2024-10-11T20:45:31Z	
2.28.22	automatic	software.amazon.awssdk	simspaceweaver	2024-10-14T20:28:30Z	
2.28.23	automatic	software.amazon.awssdk	simspaceweaver	2024-10-15T20:29:32Z	
2.28.24	automatic	software.amazon.awssdk	simspaceweaver	2024-10-16T20:29:19Z	
2.28.25	automatic	software.amazon.awssdk	simspaceweaver	2024-10-17T20:28:27Z	
2.28.26	automatic	software.amazon.awssdk	simspaceweaver	2024-10-18T20:28:03Z	
2.28.27	automatic	software.amazon.awssdk	simspaceweaver	2024-10-21T20:29:57Z	
2.28.28	automatic	software.amazon.awssdk	simspaceweaver	2024-10-22T20:59:57Z	
2.28.29	automatic	software.amazon.awssdk	simspaceweaver	2024-10-23T23:58:00Z	
2.29.0	automatic	software.amazon.awssdk	simspaceweaver	2024-10-24T20:45:51Z	
2.29.1	automatic	software.amazon.awssdk	simspaceweaver	2024-10-25T20:39:25Z	
2.29.2	automatic	software.amazon.awssdk	simspaceweaver	2024-10-28T20:36:46Z	
2.29.3	automatic	software.amazon.awssdk	simspaceweaver	2024-10-29T20:57:05Z	
2.29.4	automatic	software.amazon.awssdk	simspaceweaver	2024-10-30T20:30:11Z	
2.29.5	automatic	software.amazon.awssdk	simspaceweaver	2024-10-31T20:45:19Z	
2.29.6	automatic	software.amazon.awssdk	simspaceweaver	2024-11-01T20:38:15Z	
2.29.7	automatic	software.amazon.awssdk	simspaceweaver	2024-11-07T07:10:30Z	
2.29.8	automatic	software.amazon.awssdk	simspaceweaver	2024-11-07T23:44:26Z	
2.29.9	automatic	software.amazon.awssdk	simspaceweaver	2024-11-08T21:53:58Z	
2.29.10	automatic	software.amazon.awssdk	simspaceweaver	2024-11-11T23:22:12Z	
2.29.11	automatic	software.amazon.awssdk	simspaceweaver	2024-11-12T21:52:46Z	
2.29.12	automatic	software.amazon.awssdk	simspaceweaver	2024-11-13T21:42:57Z	
2.29.13	automatic	software.amazon.awssdk	simspaceweaver	2024-11-14T21:35:01Z	
2.29.14	automatic	software.amazon.awssdk	simspaceweaver	2024-11-15T04:18:09Z	
2.29.15	automatic	software.amazon.awssdk	simspaceweaver	2024-11-15T22:02:20Z	
2.29.16	automatic	software.amazon.awssdk	simspaceweaver	2024-11-18T21:36:05Z	
2.29.17	automatic	software.amazon.awssdk	simspaceweaver	2024-11-19T22:58:19Z	
2.29.18	automatic	software.amazon.awssdk	simspaceweaver	2024-11-20T21:26:02Z	
2.29.19	automatic	software.amazon.awssdk	simspaceweaver	2024-11-21T23:16:26Z	
2.29.20	automatic	software.amazon.awssdk	simspaceweaver	2024-11-22T21:36:39Z	
2.29.21	automatic	software.amazon.awssdk	simspaceweaver	2024-11-25T21:48:53Z	
2.29.22	automatic	software.amazon.awssdk	simspaceweaver	2024-11-26T21:34:23Z	
2.29.23	automatic	software.amazon.awssdk	simspaceweaver	2024-11-27T23:14:24Z	
2.29.24	automatic	software.amazon.awssdk	simspaceweaver	2024-12-02T06:17:59Z	
2.29.25	automatic	software.amazon.awssdk	simspaceweaver	2024-12-03T08:15:49Z	
2.29.26	automatic	software.amazon.awssdk	simspaceweaver	2024-12-03T22:27:40Z	
2.29.27	automatic	software.amazon.awssdk	simspaceweaver	2024-12-04T06:45:31Z	
2.29.28	automatic	software.amazon.awssdk	simspaceweaver	2024-12-04T21:35:59Z	
2.29.29	automatic	software.amazon.awssdk	simspaceweaver	2024-12-05T03:50:17Z	
2.29.30	automatic	software.amazon.awssdk	simspaceweaver	2024-12-09T21:55:54Z	
2.29.31	automatic	software.amazon.awssdk	simspaceweaver	2024-12-10T22:08:38Z	
2.29.32	automatic	software.amazon.awssdk	simspaceweaver	2024-12-12T01:00:41Z	
2.29.33	automatic	software.amazon.awssdk	simspaceweaver	2024-12-12T21:53:12Z	
2.29.34	automatic	software.amazon.awssdk	simspaceweaver	2024-12-13T21:45:13Z	
2.29.35	automatic	software.amazon.awssdk	simspaceweaver	2024-12-16T21:41:57Z	
2.29.36	automatic	software.amazon.awssdk	simspaceweaver	2024-12-17T21:37:11Z	
2.29.37	automatic	software.amazon.awssdk	simspaceweaver	2024-12-18T21:32:39Z	
2.29.38	automatic	software.amazon.awssdk	simspaceweaver	2024-12-19T21:32:09Z	
2.29.39	automatic	software.amazon.awssdk	simspaceweaver	2024-12-20T21:31:42Z	
2.29.40	automatic	software.amazon.awssdk	simspaceweaver	2024-12-23T21:38:53Z	
2.29.41	automatic	software.amazon.awssdk	simspaceweaver	2024-12-26T21:40:08Z	
2.29.42	automatic	software.amazon.awssdk	simspaceweaver	2024-12-27T21:39:13Z	
2.29.43	automatic	software.amazon.awssdk	simspaceweaver	2024-12-28T06:43:55Z	
2.29.44	automatic	software.amazon.awssdk	simspaceweaver	2025-01-02T22:13:20Z	
2.29.45	automatic	software.amazon.awssdk	simspaceweaver	2025-01-03T21:37:29Z	
2.29.46	automatic	software.amazon.awssdk	simspaceweaver	2025-01-06T21:35:36Z	
2.29.47	automatic	software.amazon.awssdk	simspaceweaver	2025-01-07T21:41:10Z	
2.29.48	automatic	software.amazon.awssdk	simspaceweaver	2025-01-08T21:38:31Z	
2.29.49	automatic	software.amazon.awssdk	simspaceweaver	2025-01-09T21:38:57Z	
2.29.50	automatic	software.amazon.awssdk	simspaceweaver	2025-01-10T21:29:21Z	
2.29.51	automatic	software.amazon.awssdk	simspaceweaver	2025-01-13T21:43:29Z	
2.29.52	automatic	software.amazon.awssdk	simspaceweaver	2025-01-14T21:35:10Z	
2.30.0	automatic	software.amazon.awssdk	simspaceweaver	2025-01-15T23:01:37Z	
2.30.1	automatic	software.amazon.awssdk	simspaceweaver	2025-01-16T21:39:44Z	
2.30.2	automatic	software.amazon.awssdk	simspaceweaver	2025-01-17T21:57:28Z	
2.30.3	automatic	software.amazon.awssdk	simspaceweaver	2025-01-21T21:38:22Z	
2.30.4	automatic	software.amazon.awssdk	simspaceweaver	2025-01-22T21:41:20Z	
2.30.5	automatic	software.amazon.awssdk	simspaceweaver	2025-01-23T23:28:16Z	
2.30.6	automatic	software.amazon.awssdk	simspaceweaver	2025-01-24T21:40:24Z	
2.30.7	automatic	software.amazon.awssdk	simspaceweaver	2025-01-27T21:56:03Z	
2.30.8	automatic	software.amazon.awssdk	simspaceweaver	2025-01-29T16:07:50Z	
2.30.9	automatic	software.amazon.awssdk	simspaceweaver	2025-01-30T07:45:15Z	
2.30.10	automatic	software.amazon.awssdk	simspaceweaver	2025-01-30T21:50:50Z	
2.30.11	automatic	software.amazon.awssdk	simspaceweaver	2025-01-31T21:46:48Z	
2.30.12	automatic	software.amazon.awssdk	simspaceweaver	2025-02-03T22:09:45Z	
2.30.13	automatic	software.amazon.awssdk	simspaceweaver	2025-02-04T22:18:39Z	
2.30.14	automatic	software.amazon.awssdk	simspaceweaver	2025-02-05T22:38:47Z	
2.30.15	automatic	software.amazon.awssdk	simspaceweaver	2025-02-06T21:37:04Z	
2.30.16	automatic	software.amazon.awssdk	simspaceweaver	2025-02-07T21:46:24Z	
2.30.17	automatic	software.amazon.awssdk	simspaceweaver	2025-02-11T01:50:35Z	
2.30.18	automatic	software.amazon.awssdk	simspaceweaver	2025-02-11T22:20:38Z	
2.30.19	automatic	software.amazon.awssdk	simspaceweaver	2025-02-12T22:16:18Z	
2.30.20	automatic	software.amazon.awssdk	simspaceweaver	2025-02-13T22:06:23Z	
2.30.21	automatic	software.amazon.awssdk	simspaceweaver	2025-02-14T22:11:12Z	
2.30.22	automatic	software.amazon.awssdk	simspaceweaver	2025-02-18T00:14:29Z	
2.30.23	automatic	software.amazon.awssdk	simspaceweaver	2025-02-18T21:46:03Z	
2.30.24	automatic	software.amazon.awssdk	simspaceweaver	2025-02-19T22:31:45Z	
2.30.25	automatic	software.amazon.awssdk	simspaceweaver	2025-02-20T21:58:20Z	
2.30.26	automatic	software.amazon.awssdk	simspaceweaver	2025-02-21T22:10:12Z	
2.30.27	automatic	software.amazon.awssdk	simspaceweaver	2025-02-25T00:05:50Z	
2.30.28	automatic	software.amazon.awssdk	simspaceweaver	2025-02-25T23:31:26Z	
2.30.29	automatic	software.amazon.awssdk	simspaceweaver	2025-02-26T22:16:36Z	
2.30.30	automatic	software.amazon.awssdk	simspaceweaver	2025-02-27T21:49:08Z	
2.30.31	automatic	software.amazon.awssdk	simspaceweaver	2025-02-28T22:06:39Z	
2.30.32	automatic	software.amazon.awssdk	simspaceweaver	2025-03-03T21:47:10Z	
2.30.33	automatic	software.amazon.awssdk	simspaceweaver	2025-03-04T23:17:25Z	
2.30.34	automatic	software.amazon.awssdk	simspaceweaver	2025-03-05T23:59:19Z	
2.30.35	automatic	software.amazon.awssdk	simspaceweaver	2025-03-06T22:14:07Z	
2.30.36	automatic	software.amazon.awssdk	simspaceweaver	2025-03-07T21:43:48Z	
2.30.37	automatic	software.amazon.awssdk	simspaceweaver	2025-03-10T20:43:15Z	
2.30.38	automatic	software.amazon.awssdk	simspaceweaver	2025-03-11T21:20:58Z	
2.31.0	automatic	software.amazon.awssdk	simspaceweaver	2025-03-13T20:35:58Z	
2.31.1	automatic	software.amazon.awssdk	simspaceweaver	2025-03-14T20:52:41Z	
2.31.2	automatic	software.amazon.awssdk	simspaceweaver	2025-03-17T21:02:14Z	
2.31.3	automatic	software.amazon.awssdk	simspaceweaver	2025-03-18T22:18:41Z	
2.31.4	automatic	software.amazon.awssdk	simspaceweaver	2025-03-19T21:29:59Z	
2.31.5	automatic	software.amazon.awssdk	simspaceweaver	2025-03-20T21:11:44Z	
2.31.6	automatic	software.amazon.awssdk	simspaceweaver	2025-03-21T20:54:27Z	
2.31.7	automatic	software.amazon.awssdk	simspaceweaver	2025-03-24T20:43:57Z	
2.31.8	automatic	software.amazon.awssdk	simspaceweaver	2025-03-25T20:41:32Z	
2.31.9	automatic	software.amazon.awssdk	simspaceweaver	2025-03-26T21:38:33Z	
2.31.10	automatic	software.amazon.awssdk	simspaceweaver	2025-03-27T20:44:26Z	
2.31.11	automatic	software.amazon.awssdk	simspaceweaver	2025-03-28T20:43:35Z	
2.31.12	automatic	software.amazon.awssdk	simspaceweaver	2025-03-31T21:06:39Z	
2.31.13	automatic	software.amazon.awssdk	simspaceweaver	2025-04-01T20:51:32Z	
2.31.14	automatic	software.amazon.awssdk	simspaceweaver	2025-04-02T20:52:46Z	
2.31.15	automatic	software.amazon.awssdk	simspaceweaver	2025-04-03T20:48:22Z	
2.31.16	automatic	software.amazon.awssdk	simspaceweaver	2025-04-04T20:56:36Z	
2.31.17	automatic	software.amazon.awssdk	simspaceweaver	2025-04-07T21:33:56Z	
2.31.18	automatic	software.amazon.awssdk	simspaceweaver	2025-04-08T21:08:03Z	
2.31.19	automatic	software.amazon.awssdk	simspaceweaver	2025-04-09T22:03:28Z	
2.31.20	automatic	software.amazon.awssdk	simspaceweaver	2025-04-10T20:49:02Z	
2.31.21	automatic	software.amazon.awssdk	simspaceweaver	2025-04-11T20:42:57Z	
2.31.22	automatic	software.amazon.awssdk	simspaceweaver	2025-04-14T20:53:48Z	
2.31.23	automatic	software.amazon.awssdk	simspaceweaver	2025-04-16T21:47:59Z	
2.31.24	automatic	software.amazon.awssdk	simspaceweaver	2025-04-17T20:41:06Z	
2.31.25	automatic	software.amazon.awssdk	simspaceweaver	2025-04-18T20:50:28Z	
2.31.26	automatic	software.amazon.awssdk	simspaceweaver	2025-04-21T20:42:02Z	
2.31.27	automatic	software.amazon.awssdk	simspaceweaver	2025-04-22T21:02:25Z	
2.31.28	automatic	software.amazon.awssdk	simspaceweaver	2025-04-23T20:42:13Z	
2.31.29	automatic	software.amazon.awssdk	simspaceweaver	2025-04-24T21:43:45Z	
2.31.30	automatic	software.amazon.awssdk	simspaceweaver	2025-04-25T20:38:00Z	
2.31.31	automatic	software.amazon.awssdk	simspaceweaver	2025-04-28T20:40:00Z	
2.31.32	automatic	software.amazon.awssdk	simspaceweaver	2025-04-29T20:39:19Z	
2.31.33	automatic	software.amazon.awssdk	simspaceweaver	2025-04-30T21:05:45Z	
2.31.34	automatic	software.amazon.awssdk	simspaceweaver	2025-05-01T20:46:13Z	
2.31.35	automatic	software.amazon.awssdk	simspaceweaver	2025-05-02T20:41:54Z	
2.31.36	automatic	software.amazon.awssdk	simspaceweaver	2025-05-05T20:45:02Z	
2.31.37	automatic	software.amazon.awssdk	simspaceweaver	2025-05-06T20:51:41Z	
2.31.38	automatic	software.amazon.awssdk	simspaceweaver	2025-05-07T20:44:47Z	
2.31.39	automatic	software.amazon.awssdk	simspaceweaver	2025-05-08T20:45:23Z	
2.31.40	automatic	software.amazon.awssdk	simspaceweaver	2025-05-09T20:45:35Z	
2.31.41	automatic	software.amazon.awssdk	simspaceweaver	2025-05-12T20:56:11Z	
2.31.42	automatic	software.amazon.awssdk	simspaceweaver	2025-05-13T20:46:59Z	
2.31.43	automatic	software.amazon.awssdk	simspaceweaver	2025-05-14T20:49:59Z	
2.31.44	automatic	software.amazon.awssdk	simspaceweaver	2025-05-15T20:54:05Z	
2.31.45	automatic	software.amazon.awssdk	simspaceweaver	2025-05-16T21:00:57Z	
2.31.46	automatic	software.amazon.awssdk	simspaceweaver	2025-05-19T21:10:36Z	
2.31.47	automatic	software.amazon.awssdk	simspaceweaver	2025-05-20T20:42:14Z	
2.31.48	automatic	software.amazon.awssdk	simspaceweaver	2025-05-21T20:49:54Z	
2.31.49	automatic	software.amazon.awssdk	simspaceweaver	2025-05-23T01:07:15Z	
2.31.50	automatic	software.amazon.awssdk	simspaceweaver	2025-05-23T21:07:21Z	
2.31.51	automatic	software.amazon.awssdk	simspaceweaver	2025-05-27T21:03:21Z	
2.31.52	automatic	software.amazon.awssdk	simspaceweaver	2025-05-28T21:06:10Z	
2.31.53	automatic	software.amazon.awssdk	simspaceweaver	2025-05-29T21:26:43Z	
2.31.54	automatic	software.amazon.awssdk	simspaceweaver	2025-05-30T21:10:04Z	
2.31.55	automatic	software.amazon.awssdk	simspaceweaver	2025-06-02T21:07:26Z	
2.31.56	automatic	software.amazon.awssdk	simspaceweaver	2025-06-03T21:06:41Z	
2.31.57	automatic	software.amazon.awssdk	simspaceweaver	2025-06-04T21:00:23Z	
2.31.58	automatic	software.amazon.awssdk	simspaceweaver	2025-06-05T21:18:37Z	
2.31.59	automatic	software.amazon.awssdk	simspaceweaver	2025-06-06T21:13:52Z	
2.31.60	automatic	software.amazon.awssdk	simspaceweaver	2025-06-09T21:05:23Z	
2.31.61	automatic	software.amazon.awssdk	simspaceweaver	2025-06-10T21:03:29Z	
2.31.62	automatic	software.amazon.awssdk	simspaceweaver	2025-06-11T21:08:09Z	
2.31.63	automatic	software.amazon.awssdk	simspaceweaver	2025-06-12T21:06:26Z	
2.31.64	automatic	software.amazon.awssdk	simspaceweaver	2025-06-16T21:15:55Z	
2.31.65	automatic	software.amazon.awssdk	simspaceweaver	2025-06-17T21:08:24Z	
2.31.66	automatic	software.amazon.awssdk	simspaceweaver	2025-06-18T22:15:20Z	
2.31.67	automatic	software.amazon.awssdk	simspaceweaver	2025-06-19T20:59:43Z	
2.31.68	automatic	software.amazon.awssdk	simspaceweaver	2025-06-20T21:06:56Z	
2.31.69	automatic	software.amazon.awssdk	simspaceweaver	2025-06-23T21:16:42Z	
2.31.70	automatic	software.amazon.awssdk	simspaceweaver	2025-06-24T21:13:39Z	
2.31.71	automatic	software.amazon.awssdk	simspaceweaver	2025-06-25T21:52:58Z	
2.31.72	automatic	software.amazon.awssdk	simspaceweaver	2025-06-27T03:39:09Z	
2.31.73	automatic	software.amazon.awssdk	simspaceweaver	2025-06-27T21:58:40Z	
2.31.74	automatic	software.amazon.awssdk	simspaceweaver	2025-06-30T21:34:08Z	
2.31.75	automatic	software.amazon.awssdk	simspaceweaver	2025-07-01T21:05:26Z	
2.31.76	automatic	software.amazon.awssdk	simspaceweaver	2025-07-02T21:08:50Z	
2.31.77	automatic	software.amazon.awssdk	simspaceweaver	2025-07-03T21:06:49Z	
3.5.7	automatic	com.sonatype.central.testing.amazon	simspaceweaver	2025-07-07T18:17:23Z	
2.31.78	automatic	software.amazon.awssdk	simspaceweaver	2025-07-09T21:15:11Z	
3.6.2	automatic	com.sonatype.central.testing.amazon	simspaceweaver	2025-07-11T19:19:12Z	
2.32.0	automatic	software.amazon.awssdk	simspaceweaver	2025-07-15T21:37:05Z	
2.32.1	automatic	software.amazon.awssdk	simspaceweaver	2025-07-16T03:49:02Z	
2.32.2	automatic	software.amazon.awssdk	simspaceweaver	2025-07-16T18:21:20Z	
2.32.3	automatic	software.amazon.awssdk	simspaceweaver	2025-07-17T21:06:01Z	
2.32.4	automatic	software.amazon.awssdk	simspaceweaver	2025-07-18T21:12:38Z	
2.32.5	automatic	software.amazon.awssdk	simspaceweaver	2025-07-21T21:05:19Z	
2.32.6	automatic	software.amazon.awssdk	simspaceweaver	2025-07-22T21:33:50Z	
2.32.7	automatic	software.amazon.awssdk	simspaceweaver	2025-07-23T21:08:20Z	
2.32.8	automatic	software.amazon.awssdk	simspaceweaver	2025-07-25T01:34:32Z	
2.32.9	automatic	software.amazon.awssdk	simspaceweaver	2025-07-25T21:16:36Z	
2.32.10	automatic	software.amazon.awssdk	simspaceweaver	2025-07-28T21:47:03Z	
2.32.11	automatic	software.amazon.awssdk	simspaceweaver	2025-07-30T02:23:29Z	
2.32.12	automatic	software.amazon.awssdk	simspaceweaver	2025-07-30T23:39:09Z	
2.32.13	automatic	software.amazon.awssdk	simspaceweaver	2025-07-31T21:00:32Z	
2.32.14	automatic	software.amazon.awssdk	simspaceweaver	2025-08-01T21:13:30Z	
2.32.15	automatic	software.amazon.awssdk	simspaceweaver	2025-08-04T21:11:38Z	
2.32.16	automatic	software.amazon.awssdk	simspaceweaver	2025-08-05T21:26:11Z	
2.32.17	automatic	software.amazon.awssdk	simspaceweaver	2025-08-07T20:50:07Z	
2.32.18	automatic	software.amazon.awssdk	simspaceweaver	2025-08-07T23:52:22Z	
2.32.19	automatic	software.amazon.awssdk	simspaceweaver	2025-08-08T21:29:39Z	
2.32.20	automatic	software.amazon.awssdk	simspaceweaver	2025-08-11T20:59:08Z	
2.32.21	automatic	software.amazon.awssdk	simspaceweaver	2025-08-12T21:14:48Z	
2.32.22	automatic	software.amazon.awssdk	simspaceweaver	2025-08-13T21:53:33Z	
2.32.23	automatic	software.amazon.awssdk	simspaceweaver	2025-08-15T01:23:24Z	
2.32.24	automatic	software.amazon.awssdk	simspaceweaver	2025-08-15T21:01:48Z	
2.32.25	automatic	software.amazon.awssdk	simspaceweaver	2025-08-18T21:14:25Z	
2.32.26	automatic	software.amazon.awssdk	simspaceweaver	2025-08-19T21:49:29Z	
2.32.27	automatic	software.amazon.awssdk	simspaceweaver	2025-08-20T21:59:57Z	
2.32.28	automatic	software.amazon.awssdk	simspaceweaver	2025-08-21T21:16:20Z	
2.32.29	automatic	software.amazon.awssdk	simspaceweaver	2025-08-22T21:24:26Z	
9.9.9	automatic	com.sonatype.central.testing.amazon	simspaceweaver	2025-08-25T21:51:41Z	
2.32.30	automatic	software.amazon.awssdk	simspaceweaver	2025-08-25T22:23:36Z	
9.9.10	automatic	com.sonatype.central.testing.amazon	simspaceweaver	2025-08-26T18:08:22Z	
2.32.31	automatic	software.amazon.awssdk	simspaceweaver	2025-08-27T00:18:42Z	
2.32.32	automatic	software.amazon.awssdk	simspaceweaver	2025-08-27T23:14:35Z	
9.9.11	automatic	com.sonatype.central.testing.amazon	simspaceweaver	2025-08-28T01:52:00Z	
9.9.12	automatic	com.sonatype.central.testing.amazon	simspaceweaver	2025-08-28T17:32:54Z	
2.32.33	automatic	software.amazon.awssdk	simspaceweaver	2025-08-28T21:19:50Z	
12.12.12	automatic	com.sonatype.central.testing.amazon	simspaceweaver	2025-08-29T16:49:40Z	
12.12.13	automatic	com.sonatype.central.testing.amazon	simspaceweaver	2025-08-29T18:46:58Z	
2.33.0	automatic	software.amazon.awssdk	simspaceweaver	2025-08-29T21:08:43Z	
12.12.14	automatic	com.sonatype.central.testing.amazon	simspaceweaver	2025-08-29T22:51:22Z	
2.33.1	automatic	software.amazon.awssdk	simspaceweaver	2025-09-02T21:11:29Z	
2.33.2	automatic	software.amazon.awssdk	simspaceweaver	2025-09-03T21:20:39Z	
2.33.3	automatic	software.amazon.awssdk	simspaceweaver	2025-09-04T21:15:03Z	
2.33.4	automatic	software.amazon.awssdk	simspaceweaver	2025-09-05T22:06:55Z	
2.33.5	automatic	software.amazon.awssdk	simspaceweaver	2025-09-08T21:47:49Z	
2.33.6	automatic	software.amazon.awssdk	simspaceweaver	2025-09-10T01:59:57Z	
2.33.7	automatic	software.amazon.awssdk	simspaceweaver	2025-09-10T21:22:52Z	
2.33.8	automatic	software.amazon.awssdk	simspaceweaver	2025-09-11T23:12:19Z	
2.33.9	automatic	software.amazon.awssdk	simspaceweaver	2025-09-12T22:10:06Z	
2.33.10	automatic	software.amazon.awssdk	simspaceweaver	2025-09-16T00:24:41Z	
2.33.11	automatic	software.amazon.awssdk	simspaceweaver	2025-09-16T21:33:20Z	
2.33.12	automatic	software.amazon.awssdk	simspaceweaver	2025-09-18T07:07:35Z	
2.33.13	automatic	software.amazon.awssdk	simspaceweaver	2025-09-19T01:10:30Z	
2.34.0	automatic	software.amazon.awssdk	simspaceweaver	2025-09-19T21:47:06Z	
2.34.1	automatic	software.amazon.awssdk	simspaceweaver	2025-09-23T00:07:42Z	
2.34.2	automatic	software.amazon.awssdk	simspaceweaver	2025-09-23T21:33:22Z	
2.34.3	automatic	software.amazon.awssdk	simspaceweaver	2025-09-24T21:31:59Z	
2.34.4	automatic	software.amazon.awssdk	simspaceweaver	2025-09-25T21:29:21Z	
2.34.5	automatic	software.amazon.awssdk	simspaceweaver	2025-09-26T23:25:03Z	
2.34.6	automatic	software.amazon.awssdk	simspaceweaver	2025-09-29T21:30:37Z	
2.34.7	automatic	software.amazon.awssdk	simspaceweaver	2025-09-30T22:05:07Z	
2.34.8	automatic	software.amazon.awssdk	simspaceweaver	2025-10-01T22:37:48Z	
2.34.9	automatic	software.amazon.awssdk	simspaceweaver	2025-10-02T22:39:12Z	
2.35.0	automatic	software.amazon.awssdk	simspaceweaver	2025-10-03T21:49:40Z	
2.35.1	automatic	software.amazon.awssdk	simspaceweaver	2025-10-06T22:36:17Z	
2.35.2	automatic	software.amazon.awssdk	simspaceweaver	2025-10-07T21:38:14Z	
2.35.3	automatic	software.amazon.awssdk	simspaceweaver	2025-10-08T21:42:10Z	
2.35.4	automatic	software.amazon.awssdk	simspaceweaver	2025-10-09T23:11:26Z	
2.35.5	automatic	software.amazon.awssdk	simspaceweaver	2025-10-10T22:33:27Z	
2.35.6	automatic	software.amazon.awssdk	simspaceweaver	2025-10-13T21:47:31Z	
2.35.7	automatic	software.amazon.awssdk	simspaceweaver	2025-10-14T21:45:42Z	
2.35.8	automatic	software.amazon.awssdk	simspaceweaver	2025-10-15T23:57:49Z	
2.35.9	automatic	software.amazon.awssdk	simspaceweaver	2025-10-16T23:03:39Z	
2.35.10	automatic	software.amazon.awssdk	simspaceweaver	2025-10-17T21:52:41Z	
2.35.11	automatic	software.amazon.awssdk	simspaceweaver	2025-10-21T22:48:33Z	
2.36.0	automatic	software.amazon.awssdk	simspaceweaver	2025-10-23T03:46:56Z	
2.36.1	automatic	software.amazon.awssdk	simspaceweaver	2025-10-23T22:52:08Z	
2.36.2	automatic	software.amazon.awssdk	simspaceweaver	2025-10-24T23:13:48Z	
2.36.3	automatic	software.amazon.awssdk	simspaceweaver	2025-10-27T22:08:56Z	
2.37.0	automatic	software.amazon.awssdk	simspaceweaver	2025-10-29T20:49:58Z	
2.37.1	automatic	software.amazon.awssdk	simspaceweaver	2025-10-30T01:12:34Z	
2.37.2	automatic	software.amazon.awssdk	simspaceweaver	2025-10-30T22:10:55Z	
2.37.3	automatic	software.amazon.awssdk	simspaceweaver	2025-11-01T01:46:32Z	
2.37.4	automatic	software.amazon.awssdk	simspaceweaver	2025-11-03T23:57:15Z	
2.37.5	automatic	software.amazon.awssdk	simspaceweaver	2025-11-04T22:51:49Z	
2.38.0	automatic	software.amazon.awssdk	simspaceweaver	2025-11-05T23:07:03Z	
2.38.1	automatic	software.amazon.awssdk	simspaceweaver	2025-11-06T23:33:58Z	
2.38.2	automatic	software.amazon.awssdk	simspaceweaver	2025-11-07T23:00:02Z	
2.38.3	automatic	software.amazon.awssdk	simspaceweaver	2025-11-11T01:53:25Z	
2.38.4	automatic	software.amazon.awssdk	simspaceweaver	2025-11-11T23:06:38Z	
2.38.5	automatic	software.amazon.awssdk	simspaceweaver	2025-11-12T23:15:38Z	
2.38.6	automatic	software.amazon.awssdk	simspaceweaver	2025-11-14T00:48:58Z	
2.38.7	automatic	software.amazon.awssdk	simspaceweaver	2025-11-14T23:06:39Z	
2.38.8	automatic	software.amazon.awssdk	simspaceweaver	2025-11-18T00:04:14Z	
2.38.9	automatic	software.amazon.awssdk	simspaceweaver	2025-11-19T00:09:21Z	
2.39.0	automatic	software.amazon.awssdk	simspaceweaver	2025-11-20T00:17:17Z	
2.39.1	automatic	software.amazon.awssdk	simspaceweaver	2025-11-20T23:38:34Z	
2.39.2	automatic	software.amazon.awssdk	simspaceweaver	2025-11-21T23:22:38Z	
2.39.3	automatic	software.amazon.awssdk	simspaceweaver	2025-11-25T00:45:58Z	
2.39.4	automatic	software.amazon.awssdk	simspaceweaver	2025-11-25T23:13:06Z	
2.39.5	automatic	software.amazon.awssdk	simspaceweaver	2025-11-26T23:08:45Z	
2.39.6	automatic	software.amazon.awssdk	simspaceweaver	2025-12-01T06:34:10Z	
2.40.0	automatic	software.amazon.awssdk	simspaceweaver	2025-12-03T03:13:55Z	
2.40.1	automatic	software.amazon.awssdk	simspaceweaver	2025-12-03T20:36:07Z	
2.40.2	automatic	software.amazon.awssdk	simspaceweaver	2025-12-04T21:14:28Z	
2.40.3	automatic	software.amazon.awssdk	simspaceweaver	2025-12-05T23:37:43Z	
2.40.4	automatic	software.amazon.awssdk	simspaceweaver	2025-12-08T23:25:14Z	
2.40.5	automatic	software.amazon.awssdk	simspaceweaver	2025-12-09T23:21:18Z	
2.40.6	automatic	software.amazon.awssdk	simspaceweaver	2025-12-11T00:12:14Z	
2.40.7	automatic	software.amazon.awssdk	simspaceweaver	2025-12-11T22:33:32Z	
2.40.8	automatic	software.amazon.awssdk	simspaceweaver	2025-12-12T22:32:50Z	
2.40.9	automatic	software.amazon.awssdk	simspaceweaver	2025-12-15T23:05:49Z	
2.40.10	automatic	software.amazon.awssdk	simspaceweaver	2025-12-16T23:20:12Z	
2.40.11	automatic	software.amazon.awssdk	simspaceweaver	2025-12-18T06:09:06Z	
2.40.12	automatic	software.amazon.awssdk	simspaceweaver	2025-12-18T22:27:44Z	
2.40.13	automatic	software.amazon.awssdk	simspaceweaver	2025-12-20T02:54:21Z	
2.40.14	automatic	software.amazon.awssdk	simspaceweaver	2025-12-22T22:49:10Z	
2.40.15	automatic	software.amazon.awssdk	simspaceweaver	2025-12-23T23:32:39Z	
2.40.16	automatic	software.amazon.awssdk	simspaceweaver	2025-12-26T22:34:55Z	
2.40.17	automatic	software.amazon.awssdk	simspaceweaver	2025-12-29T22:33:18Z	
2.41.0	automatic	software.amazon.awssdk	simspaceweaver	2025-12-30T22:33:06Z	
2.41.1	automatic	software.amazon.awssdk	simspaceweaver	2026-01-02T22:37:16Z	
2.41.2	automatic	software.amazon.awssdk	simspaceweaver	2026-01-05T22:33:38Z	
2.41.3	automatic	software.amazon.awssdk	simspaceweaver	2026-01-06T22:37:56Z	
2.41.4	automatic	software.amazon.awssdk	simspaceweaver	2026-01-07T22:31:08Z	
2.41.5	automatic	software.amazon.awssdk	simspaceweaver	2026-01-09T22:39:48Z	
2.41.6	automatic	software.amazon.awssdk	simspaceweaver	2026-01-12T22:42:05Z	
2.41.7	automatic	software.amazon.awssdk	simspaceweaver	2026-01-13T22:43:23Z	
2.41.8	automatic	software.amazon.awssdk	simspaceweaver	2026-01-14T22:43:51Z	
2.41.9	automatic	software.amazon.awssdk	simspaceweaver	2026-01-15T22:42:35Z	
2.41.10	automatic	software.amazon.awssdk	simspaceweaver	2026-01-16T22:40:59Z	
2.41.11	automatic	software.amazon.awssdk	simspaceweaver	2026-01-20T23:17:43Z	
2.41.12	automatic	software.amazon.awssdk	simspaceweaver	2026-01-21T22:43:15Z	
2.41.13	automatic	software.amazon.awssdk	simspaceweaver	2026-01-22T22:38:52Z	
2.41.14	automatic	software.amazon.awssdk	simspaceweaver	2026-01-23T22:44:12Z	
2.41.15	automatic	software.amazon.awssdk	simspaceweaver	2026-01-26T22:56:49Z	
2.41.16	automatic	software.amazon.awssdk	simspaceweaver	2026-01-27T22:49:32Z	
2.41.17	automatic	software.amazon.awssdk	simspaceweaver	2026-01-28T23:30:30Z	
2.41.18	automatic	software.amazon.awssdk	simspaceweaver	2026-01-29T22:57:50Z	
2.41.19	automatic	software.amazon.awssdk	simspaceweaver	2026-01-30T22:54:42Z	
2.41.20	automatic	software.amazon.awssdk	simspaceweaver	2026-02-02T23:00:25Z	
2.41.21	automatic	software.amazon.awssdk	simspaceweaver	2026-02-03T22:36:15Z	
2.41.22	automatic	software.amazon.awssdk	simspaceweaver	2026-02-04T22:19:58Z	
2.41.23	automatic	software.amazon.awssdk	simspaceweaver	2026-02-05T22:46:16Z	
2.41.24	automatic	software.amazon.awssdk	simspaceweaver	2026-02-06T22:18:48Z	
2.41.25	automatic	software.amazon.awssdk	simspaceweaver	2026-02-09T22:48:34Z	
2.41.26	automatic	software.amazon.awssdk	simspaceweaver	2026-02-10T22:32:31Z	
2.41.27	automatic	software.amazon.awssdk	simspaceweaver	2026-02-11T22:50:05Z	
2.41.28	automatic	software.amazon.awssdk	simspaceweaver	2026-02-12T22:20:00Z	
2.41.29	automatic	software.amazon.awssdk	simspaceweaver	2026-02-14T00:17:32Z	
2.41.30	automatic	software.amazon.awssdk	simspaceweaver	2026-02-16T22:26:46Z	
2.41.31	automatic	software.amazon.awssdk	simspaceweaver	2026-02-17T23:09:38Z	
2.41.32	automatic	software.amazon.awssdk	simspaceweaver	2026-02-18T22:32:20Z	
2.41.33	automatic	software.amazon.awssdk	simspaceweaver	2026-02-19T22:27:56Z	
2.41.34	automatic	software.amazon.awssdk	simspaceweaver	2026-02-20T22:27:53Z	
2.42.0	automatic	software.amazon.awssdk	simspaceweaver	2026-02-23T22:28:00Z	
2.42.1	automatic	software.amazon.awssdk	simspaceweaver	2026-02-24T22:30:09Z	
2.42.2	automatic	software.amazon.awssdk	simspaceweaver	2026-02-25T22:34:37Z	
2.42.3	automatic	software.amazon.awssdk	simspaceweaver	2026-02-26T22:33:13Z	
2.42.4	automatic	software.amazon.awssdk	simspaceweaver	2026-02-27T22:29:49Z	
2.42.5	automatic	software.amazon.awssdk	simspaceweaver	2026-03-03T23:26:49Z	
2.42.6	automatic	software.amazon.awssdk	simspaceweaver	2026-03-04T22:30:55Z	
2.42.7	automatic	software.amazon.awssdk	simspaceweaver	2026-03-05T23:09:44Z	
2.42.8	automatic	software.amazon.awssdk	simspaceweaver	2026-03-07T00:51:15Z	
2.42.9	automatic	software.amazon.awssdk	simspaceweaver	2026-03-09T21:48:52Z	
2.42.10	automatic	software.amazon.awssdk	simspaceweaver	2026-03-10T21:48:22Z	
2.42.11	automatic	software.amazon.awssdk	simspaceweaver	2026-03-11T22:06:39Z	
2.42.12	automatic	software.amazon.awssdk	simspaceweaver	2026-03-12T21:43:13Z	
2.42.13	automatic	software.amazon.awssdk	simspaceweaver	2026-03-13T21:41:36Z	
2.42.14	automatic	software.amazon.awssdk	simspaceweaver	2026-03-16T21:45:57Z	
2.42.15	automatic	software.amazon.awssdk	simspaceweaver	2026-03-17T21:39:04Z	
2.42.16	automatic	software.amazon.awssdk	simspaceweaver	2026-03-18T21:48:10Z	
2.42.17	automatic	software.amazon.awssdk	simspaceweaver	2026-03-19T23:12:15Z	
2.42.18	automatic	software.amazon.awssdk	simspaceweaver	2026-03-20T21:59:18Z	
2.42.19	automatic	software.amazon.awssdk	simspaceweaver	2026-03-23T21:33:29Z	
2.42.20	automatic	software.amazon.awssdk	simspaceweaver	2026-03-24T21:43:56Z	
2.42.21	automatic	software.amazon.awssdk	simspaceweaver	2026-03-25T21:43:32Z	
2.42.22	automatic	software.amazon.awssdk	simspaceweaver	2026-03-26T22:48:10Z	
2.42.23	automatic	software.amazon.awssdk	simspaceweaver	2026-03-27T21:44:47Z	
2.42.24	automatic	software.amazon.awssdk	simspaceweaver	2026-03-30T22:02:14Z	
2.42.25	automatic	software.amazon.awssdk	simspaceweaver	2026-03-31T22:16:23Z	
2.42.26	automatic	software.amazon.awssdk	simspaceweaver	2026-04-01T21:49:50Z	
2.42.27	automatic	software.amazon.awssdk	simspaceweaver	2026-04-02T21:48:22Z	
2.42.28	automatic	software.amazon.awssdk	simspaceweaver	2026-04-03T21:46:02Z	
2.42.29	automatic	software.amazon.awssdk	simspaceweaver	2026-04-06T22:05:23Z	
2.42.30	automatic	software.amazon.awssdk	simspaceweaver	2026-04-07T22:02:02Z	
2.42.31	automatic	software.amazon.awssdk	simspaceweaver	2026-04-08T22:14:09Z	
2.42.32	automatic	software.amazon.awssdk	simspaceweaver	2026-04-09T21:37:47Z	
2.42.33	automatic	software.amazon.awssdk	simspaceweaver	2026-04-10T21:28:09Z	
2.42.34	automatic	software.amazon.awssdk	simspaceweaver	2026-04-13T21:31:58Z	
2.42.35	automatic	software.amazon.awssdk	simspaceweaver	2026-04-16T21:22:19Z	
2.42.36	automatic	software.amazon.awssdk	simspaceweaver	2026-04-18T01:59:52Z	
2.42.37	automatic	software.amazon.awssdk	simspaceweaver	2026-04-20T21:34:36Z	
2.42.38	automatic	software.amazon.awssdk	simspaceweaver	2026-04-22T03:40:02Z	
2.42.39	automatic	software.amazon.awssdk	simspaceweaver	2026-04-23T01:09:43Z	
2.42.40	automatic	software.amazon.awssdk	simspaceweaver	2026-04-24T01:18:32Z	
2.42.41	automatic	software.amazon.awssdk	simspaceweaver	2026-04-24T21:48:00Z	
2.43.0	automatic	software.amazon.awssdk	simspaceweaver	2026-04-27T22:27:20Z	
2.43.1	automatic	software.amazon.awssdk	simspaceweaver	2026-04-29T21:17:08Z	
2.43.2	automatic	software.amazon.awssdk	simspaceweaver	2026-04-30T21:10:12Z	
2.44.0	automatic	software.amazon.awssdk	simspaceweaver	2026-05-02T01:57:51Z	
2.44.1	automatic	software.amazon.awssdk	simspaceweaver	2026-05-04T21:19:16Z	
2.44.2	automatic	software.amazon.awssdk	simspaceweaver	2026-05-05T21:48:37Z	
2.44.3	automatic	software.amazon.awssdk	simspaceweaver	2026-05-06T21:44:13Z	
2.44.4	automatic	software.amazon.awssdk	simspaceweaver	2026-05-07T21:32:41Z	
2.44.5	automatic	software.amazon.awssdk	simspaceweaver	2026-05-13T21:23:00Z	
2.44.6	automatic	software.amazon.awssdk	simspaceweaver	2026-05-14T21:13:30Z	
2.44.7	automatic	software.amazon.awssdk	simspaceweaver	2026-05-15T21:19:35Z	
2.44.8	automatic	software.amazon.awssdk	simspaceweaver	2026-05-18T21:27:44Z	
2.44.9	automatic	software.amazon.awssdk	simspaceweaver	2026-05-19T21:35:39Z	
2.44.10	automatic	software.amazon.awssdk	simspaceweaver	2026-05-20T21:22:26Z	
2.44.11	automatic	software.amazon.awssdk	simspaceweaver	2026-05-21T23:25:23Z	
2.44.12	automatic	software.amazon.awssdk	simspaceweaver	2026-05-22T21:21:05Z	
2.44.13	automatic	software.amazon.awssdk	simspaceweaver	2026-05-26T21:32:13Z	
2.44.14	automatic	software.amazon.awssdk	simspaceweaver	2026-05-27T21:20:28Z	
2.45.0	automatic	software.amazon.awssdk	simspaceweaver	2026-05-28T21:33:34Z	
2.45.1	automatic	software.amazon.awssdk	simspaceweaver	2026-05-29T21:29:05Z	
2.46.0	automatic	software.amazon.awssdk	simspaceweaver	2026-06-01T21:24:12Z	
2.46.1	automatic	software.amazon.awssdk	simspaceweaver	2026-06-02T21:34:15Z	
2.46.2	automatic	software.amazon.awssdk	simspaceweaver	2026-06-03T08:48:12Z	
2.46.3	automatic	software.amazon.awssdk	simspaceweaver	2026-06-03T23:59:37Z	
2.46.4	automatic	software.amazon.awssdk	simspaceweaver	2026-06-04T21:27:16Z	
2.46.5	automatic	software.amazon.awssdk	simspaceweaver	2026-06-05T21:15:00Z	
2.46.6	automatic	software.amazon.awssdk	simspaceweaver	2026-06-08T22:33:19Z	
2.46.7	automatic	software.amazon.awssdk	simspaceweaver	2026-06-09T21:17:28Z	
2.46.8	automatic	software.amazon.awssdk	simspaceweaver	2026-06-10T21:17:21Z	
2.46.9	automatic	software.amazon.awssdk	simspaceweaver	2026-06-11T21:19:20Z	
2.46.10	automatic	software.amazon.awssdk	simspaceweaver	2026-06-12T21:27:21Z	
2.46.11	automatic	software.amazon.awssdk	simspaceweaver	2026-06-15T22:15:06Z	
2.46.12	automatic	software.amazon.awssdk	simspaceweaver	2026-06-16T23:56:38Z	
2.46.13	automatic	software.amazon.awssdk	simspaceweaver	2026-06-17T21:00:50Z	
2.46.14	automatic	software.amazon.awssdk	simspaceweaver	2026-06-18T21:04:02Z	
2.46.15	automatic	software.amazon.awssdk	simspaceweaver	2026-06-19T21:09:01Z	
2.46.16	automatic	software.amazon.awssdk	simspaceweaver	2026-06-22T21:48:27Z	
2.46.17	automatic	software.amazon.awssdk	simspaceweaver	2026-06-23T04:24:59Z	
2.46.18	automatic	software.amazon.awssdk	simspaceweaver	2026-06-29T21:00:40Z	
