0.2.5		2024-11-11T18:03:28Z	
0.3.0		2024-11-12T12:19:51Z	
0.3.1		2024-11-12T16:26:03Z	
0.3.2		2024-12-05T11:08:17Z	
