0.10.0		2024-04-25T08:23:27Z	
0.11.0		2024-07-15T14:36:04Z	
0.11.1		2024-07-26T09:23:54Z	
0.11.2		2024-07-26T10:47:45Z	
0.11.3		2024-08-07T13:55:18Z	
0.11.4		2024-12-18T20:20:05Z	
0.11.5		2024-12-30T09:36:42Z	
0.11.6		2025-01-27T14:30:06Z	
0.11.7		2025-01-28T10:39:32Z	
0.3.0		2022-10-11T12:36:19Z	
0.3.1		2022-10-17T10:21:10Z	
0.3.2		2023-01-10T20:50:38Z	
0.4.0		2023-05-30T11:17:05Z	
0.5.0		2023-06-21T13:51:28Z	
0.5.1		2023-06-21T12:00:43Z	
0.5.2		2023-06-21T13:47:57Z	
0.5.3		2023-07-05T08:06:35Z	
0.6.0		2023-07-21T14:26:36Z	
0.6.1		2023-09-23T21:29:08Z	
0.6.2		2023-09-25T13:34:42Z	
0.6.3		2023-10-02T10:53:34Z	
0.7.0		2023-10-09T14:57:30Z	
0.7.1		2023-10-12T08:41:37Z	
0.7.2		2023-11-21T20:53:41Z	
0.7.3		2023-11-24T14:01:32Z	
0.7.4		2024-01-25T15:07:33Z	
0.8.0		2024-03-14T09:50:32Z	
0.9.0		2024-04-16T11:09:07Z	
