3.10.0		2022-06-30T02:17:49Z	
3.10.1		2022-07-09T02:50:49Z	
3.10.2		2022-08-05T23:43:27Z	
3.10.3		2022-08-21T18:23:58Z	
3.10.4		2022-10-16T02:29:09Z	
3.10.5		2022-11-18T16:57:36Z	
3.10.6		2023-01-06T15:38:32Z	
3.10.7		2023-01-22T15:57:38Z	
3.11.0		2023-02-08T17:39:59Z	
3.11.1		2023-02-22T17:02:52Z	
3.11.2		2023-05-16T15:28:04Z	
3.11.3		2023-05-18T20:04:35Z	
3.11.4		2023-05-25T14:42:52Z	
3.11.5		2023-05-25T16:26:19Z	
3.11.6		2023-07-05T13:58:10Z	
3.11.7		2023-07-06T00:00:57Z	
3.11.8		2023-07-14T13:18:57Z	
3.11.9		2023-08-03T13:21:26Z	
3.12.0		2023-08-28T15:07:17Z	
3.12.1		2023-08-29T14:55:05Z	
3.12.2		2023-09-01T13:06:41Z	
3.13.0		2023-12-05T16:17:35Z	
3.13.1		2024-03-20T02:43:44Z	
3.13.2		2024-03-21T14:46:45Z	
3.13.3		2024-04-18T18:48:18Z	
3.13.4		2024-04-24T15:04:32Z	
3.13.5		2024-05-09T16:27:25Z	
3.14.0		2024-06-02T14:39:52Z	
3.15.0		2024-06-04T20:37:35Z	
3.15.1		2024-10-19T10:37:55Z	
3.15.2		2024-10-25T11:49:50Z	
3.7.0		2022-02-06T15:57:43Z	
3.7.1		2022-02-13T01:06:27Z	
3.8.0		2022-02-22T14:15:42Z	
3.8.1		2022-03-01T20:23:15Z	
3.8.2		2022-03-08T22:21:42Z	
3.8.3		2022-05-22T00:48:46Z	
3.9.0		2022-06-14T00:04:50Z	
