0.2.4		2021-03-04T18:22:02Z	
