1.0.0		2025-09-12T03:23:55Z	
1.0.1		2025-09-26T08:36:11Z	
