0.1.0		2026-05-31T23:37:39Z	
0.1.1		2026-06-19T21:51:40Z	
0.1.10			
0.1.11			
0.1.12			
0.1.13			
0.1.2		2026-06-28T15:31:37Z	
0.1.3		2026-06-28T15:40:16Z	
0.1.4		2026-06-28T15:51:23Z	
0.1.5			
0.1.6		2026-08-03T21:07:09Z	
0.1.7		2026-08-09T10:07:02Z	
0.1.8		2026-08-28T22:48:16Z	
0.1.9			
