2.0.0.CR1		2019-08-30T10:55:43Z	
2.0.0.Final		2019-09-11T13:01:05Z	
