0.7.3		2019-06-24T11:24:29Z	
0.7.3	assets	2019-06-24T11:24:37Z	
0.7.3.RC.5		2019-05-03T15:45:17Z	
0.7.3.RC.6		2019-05-10T08:39:47Z	
0.7.3.RC.9		2019-06-13T19:31:23Z	
0.8.0		2019-07-18T18:47:10Z	
0.8.0	assets	2019-07-18T18:54:23Z	
0.8.1		2020-01-30T14:17:38Z	
0.8.1	assets	2020-01-30T14:18:29Z	
0.9.0		2021-08-23T09:12:57Z	
0.9.0	assets	2021-08-23T09:16:48Z	
0.9.0.RC.1		2020-07-16T20:54:30Z	
0.9.0.RC.1	assets	2020-07-16T20:56:02Z	
