0.0.10		2025-08-27T07:38:09Z	
0.0.11		2025-09-02T03:27:36Z	
0.0.12		2025-09-14T08:39:30Z	
0.0.13		2025-10-10T03:46:51Z	
0.0.3		2025-08-22T03:32:12Z	
0.0.5		2025-08-22T07:23:23Z	
0.0.6		2025-08-22T07:37:52Z	
0.0.7		2025-08-25T09:42:07Z	
0.0.9		2025-08-26T08:05:06Z	
