1.21.0		2015-08-20T12:26:20Z	
1.22.0		2015-09-02T09:42:48Z	
1.23.0		2015-09-15T14:52:54Z	
1.24.0		2015-10-20T15:27:56Z	
1.25.0		2015-11-19T14:09:47Z	
1.26.0		2015-12-17T15:42:57Z	
1.27.0		2016-01-26T14:47:16Z	
1.31.0		2016-05-09T13:36:49Z	
1.32.0		2016-11-15T11:16:16Z	
