1.99.7		2016-08-08T18:20:44Z	
