0.10.0		2020-09-28T12:15:44Z	
0.10.1		2021-05-24T03:43:49Z	
