0.2.2-35-a36389		2023-03-10T07:08:43Z	
