3.4.2		2026-05-30T04:10:44Z	
3.4.2	shade	2026-05-30T04:10:54Z	
3.4.3			
3.4.3	shade	2026-09-06T02:32:53Z	
