0.12.1		2023-10-20T16:22:56Z	
0.13.0		2023-12-11T20:32:02Z	
0.14.0		2024-03-24T11:20:26Z	
0.15.0		2024-06-28T17:50:19Z	
0.15.1		2024-07-02T20:24:31Z	
0.16.0		2025-01-05T16:37:33Z	
0.17.0		2025-03-26T16:23:08Z	
0.18.0		2025-09-28T12:25:45Z	
0.19.0		2025-12-20T17:58:25Z	
