10.0-b28		2008-10-09T01:43:39Z	
3.0-Prelude		2008-10-31T21:06:30Z	
3.0-Prelude-Embedded-b10		2009-02-17T22:31:31Z	
3.0-Prelude-Embedded-b11		2009-02-24T19:45:35Z	
3.0-Prelude-Embedded-b12		2009-03-07T03:29:27Z	
3.0-Prelude-Embedded-b13		2009-03-11T23:31:30Z	
3.0-Prelude-Embedded-b14		2009-03-15T01:50:28Z	
3.0-Prelude-Embedded-m2		2008-12-24T00:57:07Z	
3.0-Prelude-b28b		2008-10-18T04:20:31Z	
3.0-Preview		2009-05-29T01:24:19Z	
3.0-Preview-b47a		2009-05-07T01:41:14Z	
3.0-Preview-b47b		2009-05-14T03:19:00Z	
3.0-Preview-b47c		2009-05-22T03:07:43Z	
3.0-b29		2008-12-15T04:41:20Z	
3.0-b30		2008-12-25T01:03:10Z	
3.0-b31		2009-01-07T21:55:26Z	
3.0-b32		2009-01-15T04:23:25Z	
3.0-b33		2009-01-22T02:20:27Z	
3.0-b34		2009-01-29T00:28:24Z	
3.0-b35		2009-02-05T23:46:12Z	
3.0-b36		2009-02-11T20:42:17Z	
3.0-b37		2009-02-18T19:40:38Z	
3.0-b38		2009-02-25T20:28:14Z	
3.0-b39		2009-03-05T04:27:39Z	
3.0-b40		2009-03-11T22:31:17Z	
3.0-b41		2009-03-19T03:52:24Z	
3.0-b42		2009-03-26T20:32:41Z	
3.0-b43		2009-04-01T15:52:34Z	
3.0-b44		2009-04-09T03:35:45Z	
3.0-b45		2009-04-17T16:48:01Z	
3.0-b46		2009-04-24T01:34:49Z	
3.0-b47		2009-04-29T20:58:12Z	
3.0-b48		2009-05-28T02:56:53Z	
3.0-b49		2009-06-04T15:08:07Z	
3.0-b50		2009-06-11T05:08:31Z	
3.0-b51		2009-06-17T22:29:48Z	
3.0-b52		2009-06-25T20:26:52Z	
3.0-b53		2009-07-03T00:14:41Z	
3.0-b54		2009-07-09T01:47:41Z	
3.0-b55		2009-07-15T23:53:06Z	
