1.0.16		2026-08-13T09:47:54Z	
1.0.17		2026-08-19T11:22:25Z	
1.0.18		2026-08-19T15:45:25Z	
1.0.19			
