1.3.0			IOException: Tail request on https://maven-central.storage-download.googleapis.com/maven2/io/github/jimmy-j/q-zhenglib/1.3.0/q-zhenglib-1.3.0.jar returned status 404
1.3.1			IOException: Tail request on https://maven-central.storage-download.googleapis.com/maven2/io/github/jimmy-j/q-zhenglib/1.3.1/q-zhenglib-1.3.1.jar returned status 404
