0.8.0	named	com.aoapps	ao-fluent-html-util
0.7.0	named	com.aoapps	ao-fluent-html-util
0.5.0	named	com.aoapps	ao-fluent-html-util
