1.1.0		2017-08-16T22:41:57Z	
