1.0.0		2023-04-04T14:49:39Z	
1.1.0		2023-06-27T12:33:56Z	
1.1.1		2024-12-05T13:36:36Z	
