10.2.0		2026-05-09T14:19:50Z	
10.2.1		2026-08-27T11:05:58Z	
