6.0.0.Beta3		2013-06-03T19:02:41Z	
6.0.0.Beta4		2013-06-27T18:50:25Z	
6.0.0.Beta5		2013-07-06T10:36:08Z	
6.0.0.CR1		2013-07-25T09:42:39Z	
6.0.0.CR2		2013-08-26T12:32:26Z	
6.0.0.CR3		2013-09-04T15:23:47Z	
6.0.0.CR4		2013-09-27T13:51:10Z	
6.0.0.CR4-Pre1		2013-09-20T12:33:16Z	
6.0.0.CR5		2013-10-14T14:52:36Z	
6.0.0.Final		2013-11-20T11:37:35Z	
6.0.1.Final		2013-12-20T09:11:21Z	
6.1.0.Beta1		2014-03-07T17:12:59Z	
6.1.0.Beta2		2014-03-31T21:06:52Z	
6.1.0.Beta3		2014-04-29T15:24:54Z	
6.1.0.Beta4		2014-05-27T09:36:28Z	
6.1.0.CR1		2014-06-09T18:08:28Z	
6.1.0.CR2		2014-07-08T18:02:37Z	
6.1.0.Final		2014-08-01T16:28:05Z	
6.2.0.Beta1		2014-08-06T17:35:31Z	
6.2.0.Beta2		2014-09-15T00:32:54Z	
6.2.0.Beta3		2014-09-28T10:09:16Z	
6.2.0.CR1		2014-10-25T15:29:13Z	
6.2.0.CR2		2014-11-11T20:07:07Z	
6.2.0.CR3		2014-12-07T10:08:27Z	
6.2.0.CR4		2015-01-12T10:55:08Z	
6.2.0.Final		2015-03-04T22:47:16Z	
6.3.0.Beta1		2015-06-04T19:01:58Z	
6.3.0.Beta2		2015-07-07T12:04:33Z	
6.3.0.CR1		2015-08-07T16:11:31Z	
6.3.0.CR2		2015-09-01T16:52:12Z	
6.3.0.Final		2015-09-25T13:11:57Z	
6.4.0.Beta1		2016-01-18T14:05:15Z	
6.4.0.Beta2		2016-02-23T17:44:29Z	
6.4.0.CR1		2016-03-07T19:57:09Z	
6.4.0.CR2		2016-03-23T13:43:52Z	
6.4.0.Final		2016-04-14T19:29:22Z	
6.5.0.Beta1		2016-08-04T16:00:04Z	
6.5.0.CR1		2016-08-23T13:38:55Z	
6.5.0.CR2		2016-09-13T19:18:15Z	
6.5.0.Final		2016-10-18T16:05:00Z	
7.0.0.Beta1		2016-07-05T17:48:02Z	
7.0.0.Beta2		2016-10-01T07:30:13Z	
7.0.0.Beta3		2016-11-15T19:39:46Z	
7.0.0.Beta4		2016-12-02T19:44:10Z	
7.0.0.Beta5		2016-12-22T13:55:33Z	
7.0.0.Beta6		2017-01-25T14:32:48Z	
7.0.0.Beta7		2017-03-07T16:35:16Z	
7.0.0.Beta8		2017-03-28T15:34:23Z	
7.0.0.CR1		2017-04-06T20:20:47Z	
7.0.0.CR2		2017-04-26T12:59:36Z	
7.0.0.CR3		2017-05-02T12:13:24Z	
7.0.0.Final		2017-05-26T09:57:18Z	
7.1.0.Beta1		2017-05-04T13:18:14Z	
7.1.0.Beta2		2017-05-31T13:15:22Z	
7.1.0.Beta3		2017-06-19T17:33:57Z	
7.1.0.Final		2017-07-14T14:47:25Z	
7.10.0.Final		2018-08-14T08:08:31Z	
7.11.0.Final		2018-09-03T13:47:54Z	
7.12.0.Final		2018-09-26T14:10:31Z	
7.13.0.Final		2018-10-18T16:25:51Z	
7.14.0.Final		2018-11-07T14:36:39Z	
7.15.0.Final		2018-11-28T18:37:14Z	
7.16.0.Final		2019-01-09T07:07:49Z	
7.17.0.Final		2019-01-29T06:12:37Z	
7.18.0.Final		2019-03-04T16:19:37Z	
7.19.0.Final		2019-03-14T11:29:32Z	
7.2.0.Final		2017-08-15T08:34:06Z	
7.20.0.Final		2019-04-03T00:10:48Z	
7.21.0.Final		2019-05-05T14:38:24Z	
7.22.0.Final		2019-05-17T07:00:24Z	
7.23.0.Final		2019-06-11T11:50:28Z	
7.24.0.Final		2019-07-15T17:28:23Z	
7.25.0.Final		2019-08-06T13:34:37Z	
7.26.0.Final		2019-09-04T11:56:03Z	
7.27.0.Final		2019-09-17T06:59:27Z	
7.28.0.Final		2019-10-15T15:00:32Z	
7.29.0.Final		2019-11-05T09:16:17Z	
7.3.0.Final		2017-09-04T14:04:57Z	
7.30.0.Final		2019-11-27T07:32:37Z	
7.31.0.Final		2019-12-10T08:54:28Z	
7.32.0.Final		2020-01-25T20:45:16Z	
7.33.0.Final		2020-02-16T00:01:14Z	
7.34.0.Final		2020-03-02T19:46:40Z	
7.35.0.Final		2020-03-25T08:32:29Z	
7.36.0.Final		2020-04-14T07:22:48Z	
7.36.1.Final		2020-04-17T06:55:01Z	
7.37.0.Final		2020-05-04T17:01:16Z	
7.38.0.Final		2020-05-26T09:38:27Z	
7.39.0.Final		2020-06-29T17:14:57Z	
7.4.1.Final		2017-10-24T11:34:38Z	
7.40.0.20200703		2020-07-03T23:30:18Z	
7.40.0.Final		2020-07-07T06:53:33Z	
7.41.0.Final		2020-07-28T10:20:47Z	
7.41.0.t20200723		2020-07-24T07:14:14Z	
7.42.0.Final		2020-08-17T16:10:09Z	
7.43.0.Final		2020-09-08T07:48:07Z	
7.43.1.Final		2020-09-14T16:36:45Z	
7.44.0.Final		2020-10-02T20:50:28Z	
7.45.0.Final		2020-10-19T20:25:04Z	
7.45.0.t20201009		2020-10-10T04:11:51Z	
7.46.0.Final		2020-11-09T19:13:32Z	
7.47.0.Final		2020-12-02T08:55:16Z	
7.48.0.Final		2021-01-12T15:46:04Z	
7.49.0.Final		2021-02-03T01:34:25Z	
7.5.0.Final		2017-12-06T13:39:04Z	
7.50.0.Final		2021-02-15T21:23:56Z	
7.51.0.Final		2021-03-09T21:37:19Z	
7.52.0.Final		2021-03-30T23:57:03Z	
7.53.0.Final		2021-04-21T11:01:55Z	
7.54.0.Final		2021-05-11T18:23:55Z	
7.55.0.Final		2021-06-03T21:12:07Z	
7.56.0.Final		2021-06-22T19:10:42Z	
7.57.0.Final		2021-07-14T00:53:40Z	
7.58.0.Final		2021-08-02T20:30:21Z	
7.59.0.Final		2021-08-26T02:28:35Z	
7.6.0.Final		2018-01-31T17:11:14Z	
7.60.0.Final		2021-10-13T08:53:14Z	
7.61.0.Final		2021-10-27T09:20:34Z	
7.62.0.Final		2021-11-16T09:39:15Z	
7.63.0.Final		2021-12-10T22:23:00Z	
7.64.0.Final		2022-01-12T19:36:58Z	
7.65.0.Final		2022-02-03T18:45:11Z	
7.66.0.Final		2022-02-22T11:11:57Z	
7.67.0.Final		2022-03-15T08:41:42Z	
7.68.0.Final		2022-04-08T12:22:05Z	
7.69.0.Final		2022-04-26T10:24:07Z	
7.7.0.Final		2018-03-26T13:57:25Z	
7.70.0.Final		2022-05-17T10:42:45Z	
7.71.0.Final		2022-06-08T09:54:20Z	
7.72.0.Final		2022-06-27T15:22:31Z	
7.73.0.Final		2022-07-18T15:38:42Z	
7.74.0.Final		2023-06-19T19:18:09Z	
7.74.1.Final		2023-07-13T22:35:50Z	
7.8.0.Final		2018-07-02T14:11:24Z	
7.9.0.Final		2018-07-25T05:34:32Z	
