2.3.0		2019-05-17T03:02:05Z	
2.4.0		2020-09-30T14:17:57Z	
2.4.1		2020-10-05T15:43:05Z	
2.5.0		2021-03-11T14:31:40Z	
2.6.0		2021-03-15T13:33:15Z	
2.7.0		2021-10-08T15:07:48Z	
2.7.1		2022-01-03T11:56:51Z	
2.7.2		2022-03-23T21:10:05Z	
2.7.3		2022-05-11T15:21:01Z	
2.8.0		2022-09-20T13:57:44Z	
2.8.1		2022-12-10T16:00:51Z	
2.9.0		2023-04-30T11:48:10Z	
26.10.0			
26.2.0		2026-02-12T16:41:29Z	
26.2.1		2026-02-14T02:32:40Z	
26.2.2		2026-02-17T15:06:38Z	
26.2.3		2026-02-20T17:12:56Z	
26.3.0		2026-03-09T05:33:48Z	
26.3.1		2026-03-09T06:04:18Z	
26.4.0		2026-04-13T14:21:52Z	
26.4.1		2026-04-19T23:11:53Z	
26.5.0		2026-05-18T04:00:31Z	
26.5.1		2026-05-18T19:44:21Z	
26.5.2		2026-05-25T19:58:02Z	
26.5.3		2026-05-27T14:30:53Z	
26.5.4		2026-06-01T14:51:29Z	
26.6.0		2026-06-18T22:20:01Z	
26.7.0			
26.8.0			
26.9.0			
3.0.0		2023-05-16T05:18:33Z	
3.0.1		2023-08-03T21:23:21Z	
3.1.1		2024-05-15T03:06:58Z	
3.1.2		2024-06-11T19:37:46Z	
3.1.3		2024-06-25T15:06:36Z	
3.1.4		2024-09-06T01:21:57Z	
3.2.0		2025-01-17T16:05:21Z	
3.2.1		2025-01-28T11:34:22Z	
3.2.2		2025-03-05T13:54:18Z	
3.3.0		2025-04-10T22:56:44Z	
3.4.0		2025-07-02T14:41:17Z	
3.4.1		2025-08-01T02:00:42Z	
3.4.2		2025-08-24T10:28:23Z	
3.4.3		2025-09-05T14:20:34Z	
3.4.4		2025-09-06T13:54:57Z	
3.5.0		2025-12-01T01:27:30Z	
