3.0.0			
3.0.1			
3.0.10			
3.0.11			
3.0.2			
3.0.3			
3.0.4			
3.0.5			
3.0.6			
3.0.7			
3.0.8			
3.0.9			
3.1.0			
3.1.1			
3.1.2			
3.1.3			
3.10.0			
3.10.1			
3.10.10			
3.10.11			
3.10.12			
3.10.13			
3.10.14			
3.10.15			
3.10.16			
3.10.17			
3.10.18			
3.10.19			
3.10.2			
3.10.3			
3.10.4			
3.10.5			
3.10.6			
3.10.7			
3.10.8			
3.10.9			
3.11.0			
3.11.1			
3.11.2			
3.12.0			
3.12.1			
3.12.2			
3.12.3			
3.12.4			
3.12.5			
3.12.6			
3.13.0			
3.13.1			
3.13.2			
3.13.3			
3.13.4			
3.14.0			
3.14.1			
3.14.2			
3.14.3			
3.14.4			
3.14.5			
3.14.6			
3.14.7			
3.15.0			
3.15.1			
3.15.10			
3.15.11			
3.15.12			
3.15.13			
3.15.14			
3.15.15			
3.15.16			
3.15.17			
3.15.2			
3.15.3			
3.15.4			
3.15.5			
3.15.6			
3.15.7			
3.15.8			
3.15.9			
3.16.0			
3.16.1			
3.16.2			
3.17.0			
3.17.1			
3.17.2			
3.17.3			
3.17.4			
3.17.5			
3.18.0			
3.18.0-RC1			
3.18.0-RC2			
3.18.1			
3.18.10			
3.18.11			
3.18.12			
3.18.13			
3.18.14			
3.18.15			
3.18.16			
3.18.2			
3.18.21			
3.18.3			
3.18.4			
3.18.5			
3.18.6			
3.18.7			
3.18.8			
3.18.9			
3.19.0			
3.19.0-RC1			
3.19.1			
3.19.16			
3.19.17			
3.19.2			
3.19.3			
3.19.4			
3.19.5			
3.19.6			
3.19.7			
3.19.8			
3.2.0			
3.2.1			
3.2.2			
3.2.3			
3.20.0			
3.20.0-alpha.1			
3.20.0-alpha.2			
3.20.1			
3.20.10			
3.20.11			
3.20.13			
3.20.16			
3.20.18			
3.20.19			
3.20.2			
3.20.20			
3.20.21			
3.20.3			
3.20.8			
3.21.0-alpha.1			
3.21.0-alpha.2			
3.21.0-alpha.3			
3.21.0-alpha.4			
3.21.12			
3.21.15			
3.21.17			
3.21.18			
3.21.19			
3.21.2			
3.21.20			
3.21.21			
3.21.22			
3.21.23			
3.21.24			
3.21.25			
3.21.26			
3.21.27			
3.21.28			
3.21.4			
3.21.6			
3.21.8			
3.21.9			
3.3.0			
3.3.1			
3.3.2			
3.3.3			
3.4.0			
3.4.1			
3.4.2			
3.4.3			
3.4.4			
3.4.5			
3.4.6			
3.5.0			
3.5.1			
3.5.10			
3.5.11			
3.5.12			
3.5.2			
3.5.3			
3.5.4			
3.5.5			
3.5.6			
3.5.7			
3.5.8			
3.5.9			
3.6.0			
3.6.1			
3.6.2			
3.6.3			
3.6.4			
3.7.0			
3.7.1			
3.7.2			
3.7.3			
3.8.0			
3.8.1			
3.8.2			
3.8.3			
3.8.4			
3.8.5			
3.8.6			
3.8.7			
3.9.0			
3.9.1			
3.9.2			
3.9.3			
4.0.0			
4.0.0-alpha.1			
4.0.10			
4.0.11			
4.0.12			
4.0.13			
4.0.14			
4.0.15			
4.0.16			
4.0.17			
4.0.18			
4.0.19			
4.0.2			
4.0.20			
4.0.21			
4.0.22			
4.0.23			
4.0.24			
4.0.3			
4.0.4			
4.0.5			
4.0.6			
4.0.7			
4.0.9			
4.1.0			
4.1.0-alpha.2			
4.1.1			
4.1.10			
4.1.11			
4.1.12			
4.1.13			
4.1.14			
4.1.15			
4.1.16			
4.1.17			
4.1.18			
4.1.19			
4.1.2			
4.1.20			
4.1.20-hotfix.1			
4.1.21			
4.1.22			
4.1.23			
4.1.24			
4.1.25			
4.1.26			
4.1.27			
4.1.28			
4.1.29			
4.1.3			
4.1.30			
4.1.31			
4.1.32			
4.1.33			
4.1.34			
4.1.35			
4.1.36			
4.1.37			
4.1.38			
4.1.39			
4.1.4			
4.1.40			
4.1.5			
4.1.6			
4.1.7			
4.1.8			
4.1.9			
4.10.0		2026-01-08T17:38:01Z	
4.10.0-alpha.1		2025-10-17T14:24:38Z	
4.10.0-alpha.2		2025-10-23T08:19:39Z	
4.10.0-alpha.3		2025-12-05T12:08:23Z	
4.10.0-alpha.4		2025-12-08T16:59:14Z	
4.10.0-alpha.5		2025-12-15T17:26:54Z	
4.10.0-alpha.6		2025-12-18T14:54:52Z	
4.10.1		2026-01-29T16:05:06Z	
4.10.10		2026-05-01T14:30:04Z	
4.10.11		2026-05-15T14:44:40Z	
4.10.12		2026-05-25T08:32:52Z	
4.10.13		2026-06-01T12:04:12Z	
4.10.14		2026-06-08T10:35:14Z	
4.10.15		2026-06-16T09:56:27Z	
4.10.16		2026-06-26T12:21:52Z	
4.10.17			
4.10.18			
4.10.19			
4.10.2		2026-02-16T14:40:50Z	
4.10.20			
4.10.21		2026-08-25T09:18:58Z	
4.10.22			
4.10.23			
4.10.3		2026-02-23T12:01:59Z	
4.10.4		2026-02-27T11:58:09Z	
4.10.5		2026-03-13T12:44:04Z	
4.10.6		2026-03-27T17:23:14Z	
4.10.7		2026-04-03T12:15:22Z	
4.10.8		2026-04-09T15:13:41Z	
4.10.9		2026-04-17T10:01:26Z	
4.11.0		2026-04-03T16:17:19Z	
4.11.0-alpha.1		2026-02-26T13:30:08Z	
4.11.0-alpha.2		2026-03-12T11:18:55Z	
4.11.0-alpha.3		2026-03-13T16:39:58Z	
4.11.1		2026-04-09T15:13:01Z	
4.11.10		2026-06-26T12:20:31Z	
4.11.11			
4.11.12			
4.11.13			
4.11.14			
4.11.15		2026-08-25T09:19:44Z	
4.11.16			
4.11.17			
4.11.2		2026-04-17T10:01:30Z	
4.11.3		2026-05-01T14:29:56Z	
4.11.4		2026-05-15T14:44:36Z	
4.11.5		2026-05-25T08:34:00Z	
4.11.6		2026-06-01T12:02:57Z	
4.11.7		2026-06-08T10:35:41Z	
4.11.8		2026-06-16T09:53:57Z	
4.11.8-alpha.1		2026-06-10T13:23:21Z	
4.11.9		2026-06-19T17:42:06Z	
4.12.0		2026-06-26T18:14:29Z	
4.12.0-alpha.1		2026-03-31T12:07:28Z	
4.12.0-alpha.2		2026-04-15T15:13:48Z	
4.12.0-alpha.3		2026-05-18T14:21:02Z	
4.12.0-alpha.4		2026-05-26T16:40:01Z	
4.12.0-alpha.5		2026-06-05T14:58:12Z	
4.12.0-alpha.6		2026-06-10T21:42:59Z	
4.12.1			
4.12.2			
4.12.3			
4.12.4			
4.12.5		2026-08-25T09:24:36Z	
4.12.6			
4.12.7			
4.13.0-alpha.1		2026-06-23T20:46:16Z	
4.13.0-alpha.2			
4.13.0-alpha.3		2026-07-20T15:19:26Z	
4.13.0-alpha.4			
4.13.0-alpha.6			
4.13.0-alpha.7			
4.2.0			
4.2.0-alpha.1			
4.2.1			
4.2.10			
4.2.11			
4.2.12			
4.2.13			
4.2.14			
4.2.15			
4.2.16			
4.2.17			
4.2.18			
4.2.19			
4.2.2			
4.2.20			
4.2.21			
4.2.22			
4.2.23			
4.2.24			
4.2.25			
4.2.26			
4.2.27			
4.2.28			
4.2.29			
4.2.3			
4.2.30			
4.2.4			
4.2.5			
4.2.6			
4.2.7			
4.2.8			
4.2.9			
4.3.0			
4.3.1			
4.3.10			
4.3.11			
4.3.12			
4.3.13			
4.3.14			
4.3.15			
4.3.17			
4.3.18			
4.3.19			
4.3.2			
4.3.20			
4.3.21			
4.3.22			
4.3.23			
4.3.24			
4.3.25			
4.3.26			
4.3.27			
4.3.3			
4.3.4			
4.3.5			
4.3.6			
4.3.7			
4.3.8			
4.3.9			
4.4.0			
4.4.0-alpha.1			
4.4.1			
4.4.10			
4.4.11			
4.4.12			
4.4.13			
4.4.14			
4.4.15			
4.4.16			
4.4.17			
4.4.18			
4.4.19			
4.4.2			
4.4.20			
4.4.21			
4.4.22			
4.4.23			
4.4.24			
4.4.25			
4.4.26			
4.4.27			
4.4.28			
4.4.29			
4.4.3			
4.4.4			
4.4.5			
4.4.6			
4.4.7			
4.4.8			
4.4.9			
4.5.0			
4.5.0-alpha.1			
4.5.0-alpha.2			
4.5.0-alpha.3			
4.5.0-alpha.4			
4.5.1			
4.5.10			
4.5.11			
4.5.12			
4.5.13			
4.5.14			
4.5.15			
4.5.16			
4.5.17			
4.5.18			
4.5.19			
4.5.2			
4.5.23		2025-08-01T14:01:53Z	
4.5.24		2025-08-15T10:13:31Z	
4.5.25		2025-08-29T13:58:45Z	
4.5.26		2025-09-18T13:58:31Z	
4.5.27		2025-09-26T14:06:12Z	
4.5.28		2025-10-10T09:49:39Z	
4.5.29		2026-05-25T10:28:38Z	
4.5.3			
4.5.4			
4.5.5			
4.5.6			
4.5.7			
4.5.8			
4.5.9			
4.6.0			
4.6.0-alpha.1			
4.6.0-alpha.2			
4.6.0-alpha.3			
4.6.1			
4.6.10			
4.6.11			
4.6.12			
4.6.13			
4.6.14			
4.6.17		2025-08-01T14:03:32Z	
4.6.18		2025-08-15T10:15:11Z	
4.6.18-hotfix.1		2025-08-20T12:36:56Z	
4.6.19		2025-08-29T13:59:23Z	
4.6.2			
4.6.20		2025-09-01T11:37:32Z	
4.6.21		2025-09-18T13:59:54Z	
4.6.22		2025-09-26T14:10:46Z	
4.6.23		2025-10-10T09:52:58Z	
4.6.24		2025-10-24T14:26:10Z	
4.6.25		2025-10-30T14:31:48Z	
4.6.26		2025-11-07T11:51:37Z	
4.6.27		2025-11-21T11:55:51Z	
4.6.28		2025-12-05T14:38:00Z	
4.6.29		2025-12-19T16:23:43Z	
4.6.3			
4.6.30		2026-01-02T15:29:10Z	
4.6.31		2026-01-19T11:42:55Z	
4.6.32		2026-01-30T11:12:26Z	
4.6.33		2026-03-23T19:20:14Z	
4.6.34		2026-05-25T10:27:12Z	
4.6.4			
4.6.5			
4.6.6			
4.6.7			
4.6.8			
4.6.9			
4.7.0			
4.7.0-alpha.1			
4.7.0-alpha.2			
4.7.0-alpha.3			
4.7.0-alpha.4			
4.7.1			
4.7.10		2025-08-01T14:03:49Z	
4.7.11		2025-08-15T10:21:20Z	
4.7.12		2025-08-26T15:59:58Z	
4.7.12-hotfix.1		2025-08-28T14:41:10Z	
4.7.12-hotfix.2		2026-06-10T09:03:17Z	
4.7.13		2025-08-29T14:43:30Z	
4.7.14		2025-09-18T14:38:22Z	
4.7.15		2025-09-26T14:06:46Z	
4.7.16		2025-10-10T09:54:53Z	
4.7.17		2025-10-13T19:32:45Z	
4.7.18		2025-10-24T14:28:00Z	
4.7.19		2025-10-30T14:34:29Z	
4.7.2			
4.7.20		2025-11-07T11:52:11Z	
4.7.21		2025-11-14T21:50:27Z	
4.7.22		2025-11-21T11:56:56Z	
4.7.22-hotfix.1		2026-05-25T15:34:20Z	
4.7.23		2025-12-05T14:41:15Z	
4.7.24		2025-12-10T10:39:15Z	
4.7.25		2025-12-19T16:24:07Z	
4.7.26		2026-01-02T15:28:54Z	
4.7.27		2026-01-19T11:44:19Z	
4.7.28		2026-01-29T16:04:57Z	
4.7.29		2026-02-16T11:56:26Z	
4.7.3			
4.7.30		2026-02-23T12:00:32Z	
4.7.31		2026-02-27T11:58:51Z	
4.7.32		2026-03-13T12:45:19Z	
4.7.33		2026-03-27T17:18:52Z	
4.7.34		2026-04-03T12:17:09Z	
4.7.35		2026-04-17T10:04:27Z	
4.7.36		2026-05-25T10:31:24Z	
4.7.4			
4.7.5			
4.7.6			
4.7.7			
4.8.0			
4.8.0-alpha.1			
4.8.10		2025-10-15T11:07:52Z	
4.8.11		2025-10-24T14:28:57Z	
4.8.12		2025-10-30T14:36:36Z	
4.8.13		2025-11-07T11:52:19Z	
4.8.14		2025-11-21T12:01:11Z	
4.8.15		2025-12-05T14:40:46Z	
4.8.16		2025-12-10T10:39:43Z	
4.8.17		2025-12-19T16:25:42Z	
4.8.18		2026-01-02T15:30:52Z	
4.8.19		2026-01-19T11:44:05Z	
4.8.20		2026-01-29T16:05:53Z	
4.8.21		2026-02-02T15:55:32Z	
4.8.21-hotfix.1		2026-04-01T18:25:41Z	
4.8.21-hotfix.2		2026-05-25T10:34:47Z	
4.8.22		2026-02-16T12:38:30Z	
4.8.23		2026-02-23T12:01:48Z	
4.8.24		2026-02-26T18:14:16Z	
4.8.25		2026-02-27T11:59:00Z	
4.8.26		2026-03-13T12:45:04Z	
4.8.26-alpha.1		2026-03-03T13:35:24Z	
4.8.27		2026-03-27T17:20:01Z	
4.8.28		2026-04-03T12:15:53Z	
4.8.29		2026-04-09T15:14:16Z	
4.8.3		2025-08-01T14:05:17Z	
4.8.30		2026-04-17T10:06:46Z	
4.8.31		2026-04-24T15:41:15Z	
4.8.32		2026-05-01T14:28:19Z	
4.8.33		2026-05-08T16:07:53Z	
4.8.34		2026-05-12T15:01:46Z	
4.8.35		2026-05-13T15:48:00Z	
4.8.36		2026-05-15T14:42:00Z	
4.8.37		2026-05-25T08:32:24Z	
4.8.38		2026-06-01T12:07:45Z	
4.8.39		2026-06-08T10:40:51Z	
4.8.4		2025-08-15T10:21:25Z	
4.8.4-alpha.1		2025-08-11T15:27:51Z	
4.8.40		2026-06-16T09:56:06Z	
4.8.41		2026-06-26T12:25:46Z	
4.8.42			
4.8.5		2025-08-29T14:02:23Z	
4.8.6		2025-09-18T14:01:09Z	
4.8.7		2025-09-26T14:09:21Z	
4.8.8		2025-10-10T09:52:32Z	
4.8.9		2025-10-13T19:34:07Z	
4.9.0		2025-10-16T09:02:16Z	
4.9.0-alpha.1		2025-09-12T20:18:34Z	
4.9.1		2025-10-24T14:25:54Z	
4.9.10		2026-01-29T16:01:40Z	
4.9.11		2026-02-16T11:52:06Z	
4.9.12		2026-02-23T11:58:54Z	
4.9.13		2026-02-27T11:57:08Z	
4.9.14		2026-03-13T12:42:09Z	
4.9.14-alpha.1		2026-03-05T08:48:55Z	
4.9.15		2026-03-27T17:16:14Z	
4.9.16		2026-04-03T12:14:45Z	
4.9.17		2026-04-09T15:10:52Z	
4.9.18		2026-04-17T10:03:42Z	
4.9.19		2026-05-01T14:23:37Z	
4.9.2		2025-10-30T15:29:59Z	
4.9.20		2026-05-15T14:39:33Z	
4.9.21		2026-05-25T08:31:06Z	
4.9.22		2026-06-01T12:05:13Z	
4.9.23		2026-06-08T10:35:54Z	
4.9.24		2026-06-16T09:52:37Z	
4.9.25		2026-06-26T12:22:46Z	
4.9.26			
4.9.27			
4.9.28			
4.9.29			
4.9.3		2025-11-07T11:53:01Z	
4.9.30		2026-08-25T09:18:14Z	
4.9.31			
4.9.32			
4.9.4		2025-11-21T11:56:44Z	
4.9.5		2025-12-05T14:38:19Z	
4.9.6		2025-12-10T10:36:27Z	
4.9.7		2025-12-19T16:29:31Z	
4.9.8		2026-01-02T15:26:55Z	
4.9.9		2026-01-19T11:41:34Z	
