0.1.1		2026-07-17T18:52:30Z	
0.1.10			
0.1.11			
0.1.2		2026-07-18T20:25:00Z	
0.1.3			
0.1.4			
0.1.5			
0.1.7		2026-08-16T23:14:46Z	
0.1.8			
0.1.9			
