2.2.1		2020-08-20T07:54:06Z	
