0.14.0		2023-05-10T00:02:27Z	
0.14.1		2023-05-13T08:09:51Z	
0.14.2		2023-05-15T23:06:04Z	
0.15.0-RC1		2023-10-03T22:32:27Z	
