4.0.0-ALPHA6	named	io.helidon.reactive.media	helidon-reactive-media-jsonp
4.0.0-ALPHA5	named	io.helidon.reactive.media	helidon-reactive-media-jsonp
4.0.0-ALPHA4	named	io.helidon.reactive.media	helidon-reactive-media-jsonp
4.0.0-ALPHA3	named	io.helidon.reactive.media	helidon-reactive-media-jsonp
4.0.0-ALPHA2	named	io.helidon.reactive.media	helidon-reactive-media-jsonp
4.0.0-ALPHA1	named	io.helidon.reactive.media	helidon-reactive-media-jsonp
