3.32.1.1-1-3.0		2021-03-30T18:15:13Z	
3.32.1.1-1-3.0	scaladoc	2021-03-30T18:15:07Z	
3.32.1.2-1-3.0		2021-05-04T16:11:30Z	
3.32.1.2-1-3.0	scaladoc	2021-05-04T16:11:33Z	
3.32.1.2-1-3.1		2021-05-04T16:13:12Z	
3.32.1.2-1-3.1	scaladoc	2021-05-04T16:13:01Z	
3.32.1.3-1-3.0		2021-05-27T14:34:07Z	
3.32.1.3-1-3.0	scaladoc	2021-05-27T14:34:19Z	
3.32.1.3-1-3.1		2021-05-27T14:24:33Z	
3.32.1.3-1-3.1	scaladoc	2021-05-27T14:24:43Z	
3.32.1.4-1-3.0		2021-07-15T17:29:07Z	
3.32.1.4-1-3.0	scaladoc	2021-07-15T17:28:56Z	
3.32.1.4-1-3.1		2021-07-15T17:16:48Z	
3.32.1.4-1-3.1	scaladoc	2021-07-15T17:16:50Z	
3.32.1.5-1-3.0		2021-08-06T16:17:57Z	
3.32.1.5-1-3.0	scaladoc	2021-08-06T16:17:55Z	
3.32.1.5-1-3.1		2021-08-06T16:08:18Z	
3.32.1.5-1-3.1	scaladoc	2021-08-06T16:08:26Z	
3.32.1.6-1-3.0		2021-08-20T14:57:55Z	
3.32.1.6-1-3.0	scaladoc	2021-08-20T14:57:49Z	
3.32.1.6-1-3.1		2021-08-20T14:45:48Z	
3.32.1.6-1-3.1	scaladoc	2021-08-20T14:45:49Z	
3.32.1.7-1-3.0		2021-09-08T15:26:38Z	
3.32.1.7-1-3.0	scaladoc	2021-09-08T15:26:43Z	
3.32.1.7-1-3.1		2021-09-08T15:16:05Z	
3.32.1.7-1-3.1	scaladoc	2021-09-08T15:16:08Z	
3.34.0.1-1-3.0		2021-09-16T19:27:10Z	
3.34.0.1-1-3.0	scaladoc	2021-09-16T19:27:09Z	
3.34.0.1-1-3.1		2021-09-16T19:25:13Z	
3.34.0.1-1-3.1	scaladoc	2021-09-16T19:25:07Z	
3.34.0.3-1-3.0		2021-10-08T14:43:18Z	
3.34.0.3-1-3.0	scaladoc	2021-10-08T14:43:15Z	
3.34.0.3-1-3.1		2021-10-08T14:34:18Z	
3.34.0.3-1-3.1	scaladoc	2021-10-08T14:34:03Z	
3.34.0.4-1-3.0		2021-11-19T17:13:29Z	
3.34.0.4-1-3.0	scaladoc	2021-11-19T17:13:37Z	
3.34.0.4-1-3.1		2021-11-19T17:02:14Z	
3.34.0.4-1-3.1	scaladoc	2021-11-19T17:02:27Z	
3.34.0.6-1-3.0		2021-12-17T16:01:22Z	
3.34.0.6-1-3.0	scaladoc	2021-12-17T16:01:27Z	
3.34.0.6-1-3.1		2021-12-17T15:51:26Z	
3.34.0.6-1-3.1	scaladoc	2021-12-17T15:51:20Z	
3.34.0.7-1-3.0		2021-12-22T14:02:11Z	
3.34.0.7-1-3.0	scaladoc	2021-12-22T14:02:13Z	
3.34.0.7-1-3.1		2021-12-22T13:51:06Z	
3.34.0.7-1-3.1	scaladoc	2021-12-22T13:51:09Z	
3.34.0.8-1-3.0		2022-01-14T19:11:01Z	
3.34.0.8-1-3.0	scaladoc	2022-01-14T19:10:57Z	
3.34.0.8-1-3.1		2022-01-14T18:55:20Z	
3.34.0.8-1-3.1	scaladoc	2022-01-14T18:55:30Z	
3.36.0.1-1-3.0		2022-01-06T22:51:38Z	
3.36.0.1-1-3.0	scaladoc	2022-01-06T22:51:36Z	
3.36.0.1-1-3.1		2022-01-06T22:38:58Z	
3.36.0.1-1-3.1	scaladoc	2022-01-06T22:39:00Z	
3.36.0.2-1-3.0		2022-01-27T10:23:51Z	
3.36.0.2-1-3.0	scaladoc	2022-01-27T10:23:50Z	
3.36.0.2-1-3.1		2022-01-27T10:12:14Z	
3.36.0.2-1-3.1	scaladoc	2022-01-27T10:12:11Z	
3.36.0.3-1-3.0		2022-02-18T12:59:30Z	
3.36.0.3-1-3.0	scaladoc	2022-02-18T12:59:40Z	
3.36.0.3-1-3.1		2022-02-18T12:49:14Z	
3.36.0.3-1-3.1	scaladoc	2022-02-18T12:49:47Z	
3.36.0.3-1-3.2		2022-02-18T12:48:08Z	
3.36.0.3-1-3.2	scaladoc	2022-02-18T12:47:54Z	
3.36.0.4-1-3.0		2022-04-01T17:27:24Z	
3.36.0.4-1-3.0	scaladoc	2022-04-01T17:27:26Z	
3.36.0.4-1-3.1		2022-04-01T17:17:22Z	
3.36.0.4-1-3.1	scaladoc	2022-04-01T17:17:21Z	
3.36.0.4-1-3.2		2022-04-01T17:16:46Z	
3.36.0.4-1-3.2	scaladoc	2022-04-01T17:16:52Z	
3.36.1.1-1-3.0		2022-04-20T10:01:00Z	
3.36.1.1-1-3.0	scaladoc	2022-04-20T10:01:06Z	
3.36.1.1-1-3.1		2022-04-20T09:46:41Z	
3.36.1.1-1-3.1	scaladoc	2022-04-20T09:46:35Z	
3.36.1.1-1-3.2		2022-04-20T09:46:16Z	
3.36.1.1-1-3.2	scaladoc	2022-04-20T09:46:03Z	
3.36.1.2-1-3.0		2022-05-30T17:20:20Z	
3.36.1.2-1-3.0	scaladoc	2022-05-30T17:20:20Z	
3.36.1.2-1-3.1		2022-05-30T17:00:15Z	
3.36.1.2-1-3.1	scaladoc	2022-05-30T17:00:13Z	
3.36.1.2-1-3.2		2022-05-30T17:01:47Z	
3.36.1.2-1-3.2	scaladoc	2022-05-30T17:01:46Z	
3.36.1.3-1-3.0		2022-07-11T19:12:16Z	
3.36.1.3-1-3.0	scaladoc	2022-07-11T19:12:18Z	
3.36.1.3-1-3.1		2022-07-11T18:58:22Z	
3.36.1.3-1-3.1	scaladoc	2022-07-11T18:58:25Z	
3.36.1.3-1-3.2		2022-07-11T19:02:16Z	
3.36.1.3-1-3.2	scaladoc	2022-07-11T19:02:19Z	
3.36.1.3-1-3.3		2022-07-11T18:54:09Z	
3.36.1.3-1-3.3	scaladoc	2022-07-11T18:54:15Z	
3.36.1.4-1-3.0		2022-08-04T16:40:50Z	
3.36.1.4-1-3.0	scaladoc	2022-08-04T16:40:39Z	
3.36.1.4-1-3.1		2022-08-04T16:27:23Z	
3.36.1.4-1-3.1	scaladoc	2022-08-04T16:27:26Z	
3.36.1.4-1-3.2		2022-08-04T16:27:22Z	
3.36.1.4-1-3.2	scaladoc	2022-08-04T16:27:15Z	
3.36.1.4-1-3.3		2022-08-04T16:12:34Z	
3.36.1.4-1-3.3	scaladoc	2022-08-04T16:12:32Z	
3.36.1.5-1-3.0		2022-09-16T11:43:33Z	
3.36.1.5-1-3.0	scaladoc	2022-09-16T11:43:41Z	
3.36.1.5-1-3.1		2022-09-16T11:30:53Z	
3.36.1.5-1-3.1	scaladoc	2022-09-16T11:30:45Z	
3.36.1.5-1-3.2		2022-09-16T11:30:57Z	
3.36.1.5-1-3.2	scaladoc	2022-09-16T11:30:55Z	
3.36.1.5-1-3.3		2022-09-16T11:17:04Z	
3.36.1.5-1-3.3	scaladoc	2022-09-16T11:17:07Z	
3.38.0.1-1-3.0		2022-09-22T19:46:31Z	
3.38.0.1-1-3.0	scaladoc	2022-09-22T19:46:30Z	
3.38.0.1-1-3.1		2022-09-22T19:32:50Z	
3.38.0.1-1-3.1	scaladoc	2022-09-22T19:32:55Z	
3.38.0.1-1-3.2		2022-09-22T19:32:44Z	
3.38.0.1-1-3.2	scaladoc	2022-09-22T19:32:38Z	
3.38.0.1-1-3.3		2022-09-22T19:18:18Z	
3.38.0.1-1-3.3	scaladoc	2022-09-22T19:18:06Z	
3.38.0.2-1-3.0		2022-11-01T16:24:28Z	
3.38.0.2-1-3.0	scaladoc	2022-11-01T16:24:30Z	
3.38.0.2-1-3.1		2022-11-01T16:08:06Z	
3.38.0.2-1-3.1	scaladoc	2022-11-01T16:08:02Z	
3.38.0.2-1-3.2		2022-11-01T16:04:54Z	
3.38.0.2-1-3.2	scaladoc	2022-11-01T16:05:04Z	
3.38.0.2-1-3.3		2022-11-01T15:53:13Z	
3.38.0.2-1-3.3	scaladoc	2022-11-01T15:53:08Z	
3.38.0.3-1-3.0		2022-11-24T19:45:52Z	
3.38.0.3-1-3.0	scaladoc	2022-11-24T19:45:47Z	
3.38.0.3-1-3.1		2022-11-24T19:33:09Z	
3.38.0.3-1-3.1	scaladoc	2022-11-24T19:33:05Z	
3.38.0.3-1-3.2		2022-11-24T19:32:43Z	
3.38.0.3-1-3.2	scaladoc	2022-11-24T19:32:35Z	
3.38.0.3-1-3.3		2022-11-24T19:17:34Z	
3.38.0.3-1-3.3	scaladoc	2022-11-24T19:17:33Z	
3.38.0.4-1-3.0		2023-01-06T11:45:25Z	
3.38.0.4-1-3.0	scaladoc	2023-01-06T11:45:29Z	
3.38.0.4-1-3.1		2023-01-06T11:32:27Z	
3.38.0.4-1-3.1	scaladoc	2023-01-06T11:32:33Z	
3.38.0.4-1-3.2		2023-01-06T11:30:12Z	
3.38.0.4-1-3.2	scaladoc	2023-01-06T11:30:17Z	
3.38.0.4-1-3.3		2023-01-06T11:13:42Z	
3.38.0.4-1-3.3	scaladoc	2023-01-06T11:13:50Z	
3.40.0.1-1-3.0		2023-02-24T17:44:11Z	
3.40.0.1-1-3.0	scaladoc	2023-02-24T17:44:20Z	
3.40.0.1-1-3.1		2023-02-24T17:30:13Z	
3.40.0.1-1-3.1	scaladoc	2023-02-24T17:30:19Z	
3.40.0.1-1-3.2		2023-02-24T17:32:29Z	
3.40.0.1-1-3.2	scaladoc	2023-02-24T17:32:36Z	
3.40.0.1-1-3.3		2023-02-24T17:17:56Z	
3.40.0.1-1-3.3	scaladoc	2023-02-24T17:18:01Z	
3.40.0.2-1-3.0		2023-03-21T14:42:06Z	
3.40.0.2-1-3.0	scaladoc	2023-03-21T14:42:22Z	
3.40.0.2-1-3.1		2023-03-21T14:31:09Z	
3.40.0.2-1-3.1	scaladoc	2023-03-21T14:31:18Z	
3.40.0.2-1-3.2		2023-03-21T14:30:05Z	
3.40.0.2-1-3.2	scaladoc	2023-03-21T14:30:14Z	
3.40.0.2-1-3.3		2023-03-21T14:15:13Z	
3.40.0.2-1-3.3	scaladoc	2023-03-21T14:15:25Z	
3.40.0.3-1-3.0		2023-05-02T02:04:50Z	
3.40.0.3-1-3.0	scaladoc	2023-05-02T02:05:01Z	
3.40.0.3-1-3.1		2023-05-02T01:49:13Z	
3.40.0.3-1-3.1	scaladoc	2023-05-02T01:49:18Z	
3.40.0.3-1-3.2		2023-05-02T01:51:50Z	
3.40.0.3-1-3.2	scaladoc	2023-05-02T01:51:53Z	
3.40.0.3-1-3.3		2023-05-02T01:34:43Z	
3.40.0.3-1-3.3	scaladoc	2023-05-02T01:34:47Z	
3.40.0.4-1-3.0		2023-05-09T11:49:11Z	
3.40.0.4-1-3.0	scaladoc	2023-05-09T11:49:22Z	
3.40.0.4-1-3.1		2023-05-09T11:49:18Z	
3.40.0.4-1-3.1	scaladoc	2023-05-09T11:49:31Z	
3.40.0.4-1-3.2		2023-05-09T11:49:41Z	
3.40.0.4-1-3.2	scaladoc	2023-05-09T11:49:47Z	
3.40.0.4-1-3.3		2023-05-09T11:49:26Z	
3.40.0.4-1-3.3	scaladoc	2023-05-09T11:49:33Z	
3.42.0.1-1-3.0		2023-06-29T20:18:09Z	
3.42.0.1-1-3.0	scaladoc	2023-06-29T20:18:22Z	
3.42.0.1-1-3.1		2023-06-29T20:14:49Z	
3.42.0.1-1-3.1	scaladoc	2023-06-29T20:14:56Z	
3.42.0.1-1-3.2		2023-06-29T20:13:17Z	
3.42.0.1-1-3.2	scaladoc	2023-06-29T20:13:25Z	
3.42.0.1-1-3.3		2023-06-29T19:58:20Z	
3.42.0.1-1-3.3	scaladoc	2023-06-29T19:58:29Z	
3.42.0.1-1-3.4		2023-06-29T19:56:45Z	
3.42.0.1-1-3.4	scaladoc	2023-06-29T19:56:53Z	
3.42.0.2-1-3.0		2023-07-26T17:58:10Z	
3.42.0.2-1-3.0	scaladoc	2023-07-26T17:58:15Z	
3.42.0.2-1-3.1		2023-07-26T17:57:10Z	
3.42.0.2-1-3.1	scaladoc	2023-07-26T17:57:16Z	
3.42.0.2-1-3.2		2023-07-26T17:57:31Z	
3.42.0.2-1-3.2	scaladoc	2023-07-26T17:57:42Z	
3.42.0.2-1-3.3		2023-07-26T17:37:01Z	
3.42.0.2-1-3.3	scaladoc	2023-07-26T17:37:14Z	
3.42.0.2-1-3.4		2023-07-26T17:40:01Z	
3.42.0.2-1-3.4	scaladoc	2023-07-26T17:40:09Z	
3.42.0.3-1-3.0		2023-08-31T16:17:22Z	
3.42.0.3-1-3.0	scaladoc	2023-08-31T16:17:27Z	
3.42.0.3-1-3.1		2023-08-31T16:18:56Z	
3.42.0.3-1-3.1	scaladoc	2023-08-31T16:19:10Z	
3.42.0.3-1-3.2		2023-08-31T16:18:01Z	
3.42.0.3-1-3.2	scaladoc	2023-08-31T16:18:46Z	
3.42.0.3-1-3.3		2023-08-31T16:01:01Z	
3.42.0.3-1-3.3	scaladoc	2023-08-31T16:01:05Z	
3.42.0.3-1-3.4		2023-08-31T16:01:01Z	
3.42.0.3-1-3.4	scaladoc	2023-08-31T16:01:15Z	
3.42.0.4-1-3.0		2023-10-16T17:07:07Z	
3.42.0.4-1-3.0	scaladoc	2023-10-16T17:07:20Z	
3.42.0.4-1-3.1		2023-10-16T17:12:26Z	
3.42.0.4-1-3.1	scaladoc	2023-10-16T17:12:36Z	
3.42.0.4-1-3.2		2023-10-16T17:10:08Z	
3.42.0.4-1-3.2	scaladoc	2023-10-16T17:10:14Z	
3.42.0.4-1-3.3		2023-10-16T16:57:28Z	
3.42.0.4-1-3.3	scaladoc	2023-10-16T16:57:37Z	
3.42.0.4-1-3.4		2023-10-16T16:54:32Z	
3.42.0.4-1-3.4	scaladoc	2023-10-16T16:54:52Z	
3.44.0.1-1-3.0		2023-10-26T17:27:27Z	
3.44.0.1-1-3.0	scaladoc	2023-10-26T17:27:33Z	
3.44.0.1-1-3.1		2023-10-26T17:27:09Z	
3.44.0.1-1-3.1	scaladoc	2023-10-26T17:27:15Z	
3.44.0.1-1-3.2		2023-10-26T19:45:23Z	
3.44.0.1-1-3.2	scaladoc	2023-10-26T19:45:36Z	
3.44.0.1-1-3.4		2023-10-26T17:26:27Z	
3.44.0.1-1-3.4	scaladoc	2023-10-26T17:26:33Z	
3.44.0.1-1-3.5		2023-10-26T17:08:44Z	
3.44.0.1-1-3.5	scaladoc	2023-10-26T17:08:48Z	
3.44.0.2-1-3.0		2023-11-23T19:30:09Z	
3.44.0.2-1-3.0	scaladoc	2023-11-23T19:30:22Z	
3.44.0.2-1-3.1		2023-11-23T19:29:59Z	
3.44.0.2-1-3.1	scaladoc	2023-11-23T19:30:10Z	
3.44.0.2-1-3.2		2023-11-23T19:30:20Z	
3.44.0.2-1-3.2	scaladoc	2023-11-23T19:30:29Z	
3.44.0.2-1-3.3		2023-11-23T19:12:33Z	
3.44.0.2-1-3.3	scaladoc	2023-11-23T19:12:36Z	
3.44.0.2-1-3.4		2023-11-23T19:31:56Z	
3.44.0.2-1-3.4	scaladoc	2023-11-23T19:32:04Z	
3.44.0.2-1-3.5		2023-11-23T19:13:39Z	
3.44.0.2-1-3.5	scaladoc	2023-11-23T19:13:51Z	
3.44.0.3-1-3.0		2023-12-23T01:25:33Z	
3.44.0.3-1-3.0	scaladoc	2023-12-23T01:25:44Z	
3.44.0.3-1-3.1		2023-12-23T01:25:50Z	
3.44.0.3-1-3.1	scaladoc	2023-12-23T01:25:59Z	
3.44.0.3-1-3.2		2023-12-23T01:25:09Z	
3.44.0.3-1-3.2	scaladoc	2023-12-23T01:25:16Z	
3.44.0.3-1-3.3		2023-12-23T01:08:00Z	
3.44.0.3-1-3.3	scaladoc	2023-12-23T01:08:13Z	
3.44.0.3-1-3.4		2023-12-23T01:25:10Z	
3.44.0.3-1-3.4	scaladoc	2023-12-23T01:25:15Z	
3.44.0.3-1-3.5		2023-12-23T01:09:18Z	
3.44.0.3-1-3.5	scaladoc	2023-12-23T01:09:22Z	
3.46.0.1-1-3.0		2024-04-08T15:08:54Z	
3.46.0.1-1-3.0	scaladoc	2024-04-08T15:09:02Z	
3.46.0.1-1-3.1		2024-04-08T15:08:22Z	
3.46.0.1-1-3.1	scaladoc	2024-04-08T15:08:33Z	
3.46.0.1-1-3.2		2024-04-08T15:11:26Z	
3.46.0.1-1-3.2	scaladoc	2024-04-08T15:11:35Z	
3.46.0.1-1-3.3		2024-04-08T14:52:14Z	
3.46.0.1-1-3.3	scaladoc	2024-04-08T14:52:24Z	
3.46.0.1-1-3.4		2024-04-08T15:09:21Z	
3.46.0.1-1-3.4	scaladoc	2024-04-08T15:09:36Z	
3.46.0.1-1-3.5		2024-04-08T14:51:46Z	
3.46.0.1-1-3.5	scaladoc	2024-04-08T14:51:59Z	
3.46.0.2-1-3.0		2024-06-17T08:52:00Z	
3.46.0.2-1-3.0	scaladoc	2024-06-17T08:52:10Z	
3.46.0.2-1-3.1		2024-06-17T08:52:19Z	
3.46.0.2-1-3.1	scaladoc	2024-06-17T08:52:29Z	
3.46.0.2-1-3.2		2024-06-17T08:57:44Z	
3.46.0.2-1-3.2	scaladoc	2024-06-17T08:57:58Z	
3.46.0.2-1-3.3		2024-06-17T08:41:58Z	
3.46.0.2-1-3.3	scaladoc	2024-06-17T08:42:06Z	
3.46.0.2-1-3.4		2024-06-17T08:54:29Z	
3.46.0.2-1-3.4	scaladoc	2024-06-17T08:54:36Z	
3.46.0.2-1-3.5		2024-06-17T08:43:49Z	
3.46.0.2-1-3.5	scaladoc	2024-06-17T08:44:01Z	
3.46.0.3-1-3.0		2024-06-18T19:27:11Z	
3.46.0.3-1-3.0	scaladoc	2024-06-18T19:27:26Z	
3.46.0.3-1-3.1		2024-06-18T19:28:36Z	
3.46.0.3-1-3.1	scaladoc	2024-06-18T19:28:50Z	
3.46.0.3-1-3.2		2024-06-18T19:28:00Z	
3.46.0.3-1-3.2	scaladoc	2024-06-18T19:28:06Z	
3.46.0.3-1-3.3		2024-06-18T19:12:29Z	
3.46.0.3-1-3.3	scaladoc	2024-06-18T19:12:40Z	
3.46.0.3-1-3.4		2024-06-18T19:30:49Z	
3.46.0.3-1-3.4	scaladoc	2024-06-18T19:30:55Z	
3.46.0.3-1-3.5		2024-06-18T19:11:22Z	
3.46.0.3-1-3.5	scaladoc	2024-06-18T19:11:29Z	
3.46.0.4-1-3.0		2024-07-20T11:11:03Z	
3.46.0.4-1-3.0	scaladoc	2024-07-20T11:12:21Z	
3.46.0.4-1-3.1		2024-07-20T11:11:04Z	
3.46.0.4-1-3.1	scaladoc	2024-07-20T11:12:32Z	
3.46.0.4-1-3.2		2024-07-20T11:10:49Z	
3.46.0.4-1-3.2	scaladoc	2024-07-20T11:11:37Z	
3.46.0.4-1-3.3		2024-07-20T11:09:36Z	
3.46.0.4-1-3.3	scaladoc	2024-07-20T11:10:43Z	
3.46.0.4-1-3.4		2024-07-20T11:10:45Z	
3.46.0.4-1-3.4	scaladoc	2024-07-20T11:12:05Z	
3.46.0.4-1-3.5		2024-07-20T11:10:43Z	
3.46.0.4-1-3.5	scaladoc	2024-07-20T11:11:32Z	
3.46.0.6-1-3.0		2024-11-18T19:11:32Z	
3.46.0.6-1-3.0	scaladoc	2024-11-18T19:11:40Z	
3.46.0.6-1-3.1		2024-11-18T19:06:29Z	
3.46.0.6-1-3.1	scaladoc	2024-11-18T19:06:42Z	
3.46.0.6-1-3.2		2024-11-18T19:04:35Z	
3.46.0.6-1-3.2	scaladoc	2024-11-18T19:04:45Z	
3.46.0.6-1-3.3		2024-11-18T18:45:11Z	
3.46.0.6-1-3.3	scaladoc	2024-11-18T18:45:16Z	
3.46.0.6-1-3.4		2024-11-18T19:08:37Z	
3.46.0.6-1-3.4	scaladoc	2024-11-18T19:08:43Z	
3.46.0.6-1-3.5		2024-11-18T18:45:58Z	
3.46.0.6-1-3.5	scaladoc	2024-11-18T18:46:10Z	
