1.17		2021-02-01T18:04:25Z	
