0.2.1		2017-02-05T09:41:50Z	
