1.6.0		2020-12-22T16:31:07Z	
