1.0.0		2018-04-11T12:23:22Z	
1.0.1		2018-08-16T08:51:36Z	
1.0.2		2018-12-05T10:43:18Z	
2.0.0		2018-04-11T12:28:34Z	
2.0.1		2018-08-16T09:01:58Z	
2.1.0		2018-12-03T12:37:44Z	
2.1.1		2019-05-30T09:07:29Z	
2.1.2		2020-07-03T09:09:04Z	
2.1.3		2020-09-09T11:24:48Z	
2.2.0		2019-10-23T07:30:23Z	
2.3.0		2020-03-17T16:44:10Z	
2.3.1		2020-04-30T14:02:36Z	
2.3.2		2020-09-09T11:16:46Z	
2.3.3		2020-12-02T11:39:49Z	
2.4.0		2020-09-09T10:31:12Z	
2.4.1		2020-09-30T15:43:31Z	
2.5.0		2020-12-11T11:40:38Z	
2.5.1		2021-01-25T10:55:15Z	
2.5.2		2021-02-17T16:03:28Z	
2.5.3		2021-04-29T14:35:52Z	
2.6.0		2021-04-23T12:16:25Z	
2.6.1		2021-09-08T11:04:45Z	
2.6.1.Alpha2		2021-09-08T10:25:52Z	
2.6.1.Beta4		2021-09-08T10:51:21Z	
2.6.2		2022-01-17T12:02:35Z	
2.6.2.Beta7		2021-12-20T08:32:12Z	
2.6.2.Beta8		2021-12-20T13:43:19Z	
2.6.2.Beta9		2022-01-10T10:23:14Z	
2.6.3		2022-03-17T12:25:33Z	
2.6.3.Beta1		2022-03-03T12:26:46Z	
2.6.4		2022-06-01T08:51:32Z	
2.6.4.Beta1		2022-06-01T08:41:55Z	
2.6.5.Beta1		2023-09-12T07:33:41Z	
2.6.6.Beta2		2022-07-28T09:19:58Z	
2.6.7		2022-08-31T10:25:31Z	
2.6.7.Beta1		2022-07-28T11:33:58Z	
