0.4.0		2023-11-27T13:48:19Z	
0.5.0		2024-02-19T09:52:09Z	
0.6.0		2024-03-05T13:45:22Z	
1.0.0		2024-06-12T13:15:21Z	
1.1.0		2025-04-08T13:56:16Z	
1.2.0		2025-04-09T09:22:58Z	
2.0.0		2025-06-20T14:42:16Z	
2.1.0		2025-11-26T16:32:53Z	
