3.1		2011-02-28T07:15:23Z	
3.1-b01		2010-05-21T06:01:01Z	
3.1-b02		2010-05-26T15:49:01Z	
3.1-b03		2010-06-02T07:52:43Z	
3.1-b04		2010-06-08T20:58:40Z	
3.1-b05		2010-06-20T00:49:51Z	
3.1-b06		2010-06-24T01:25:13Z	
3.1-b07		2010-06-30T16:46:20Z	
3.1-b08		2010-07-03T13:19:58Z	
3.1-b09		2010-07-08T18:29:09Z	
3.1-b10		2010-07-14T19:13:50Z	
3.1-b11		2010-07-20T21:17:58Z	
3.1-b12		2010-07-22T02:49:16Z	
3.1-b13		2010-07-27T22:04:00Z	
3.1-b14		2010-08-05T13:07:06Z	
3.1-b15		2010-08-10T23:28:56Z	
3.1-b16		2010-08-22T07:01:02Z	
3.1-b17		2010-08-24T23:27:57Z	
3.1-b18		2010-09-01T18:06:56Z	
3.1-b19		2010-09-09T20:51:13Z	
3.1-b20		2010-09-16T18:22:17Z	
3.1-b21		2010-09-22T01:25:58Z	
3.1-b22		2010-09-29T09:38:30Z	
3.1-b23		2010-10-06T00:29:46Z	
3.1-b24		2010-10-13T11:09:57Z	
3.1-b25		2010-10-20T04:43:03Z	
3.1-b26		2010-10-28T18:47:57Z	
3.1-b27		2010-11-03T18:56:01Z	
3.1-b28		2010-11-10T14:00:20Z	
3.1-b30		2010-11-18T12:02:04Z	
3.1-b31		2010-12-01T12:44:59Z	
3.1-b32		2010-12-08T03:51:18Z	
3.1-b33		2010-12-15T20:43:23Z	
3.1-b34		2010-12-23T05:22:45Z	
3.1-b35		2010-12-28T21:46:59Z	
3.1-b36		2011-01-05T05:57:41Z	
3.1-b37		2011-01-12T03:21:58Z	
3.1-b38		2011-01-19T01:56:32Z	
3.1-b39		2011-01-27T21:30:50Z	
3.1-b40		2011-02-05T00:17:02Z	
3.1-b41		2011-02-06T11:46:14Z	
3.1.1		2011-07-28T18:24:30Z	
3.1.1-b01		2011-04-14T11:51:46Z	
3.1.1-b02		2011-04-21T21:52:21Z	
3.1.1-b03		2011-04-29T21:18:20Z	
3.1.1-b04		2011-05-05T13:41:15Z	
3.1.1-b05		2011-05-17T12:54:33Z	
3.1.1-b06		2011-05-29T12:50:16Z	
3.1.1-b07		2011-06-16T09:14:18Z	
3.1.1-b08		2011-06-16T21:56:20Z	
3.1.1-b09		2011-06-24T04:24:13Z	
3.1.1-b10		2011-07-03T01:34:28Z	
3.1.1-b11		2011-07-12T01:29:53Z	
3.2-b01		2011-04-06T20:30:39Z	
3.2-b02		2011-04-12T19:56:44Z	
3.2-b03		2011-04-19T21:28:51Z	
3.2-b04		2011-04-26T22:54:33Z	
3.2-b05		2011-05-03T20:59:22Z	
3.2-b06		2011-05-10T19:57:29Z	
