0.10.0		2021-04-08T15:38:27Z	
0.9.0		2019-09-13T16:59:48Z	
