2.0.0		2018-03-01T20:46:55Z	
2.0.1		2018-08-27T10:25:21Z	
2.0.2		2018-09-03T13:55:15Z	
2.0.3		2021-01-10T13:28:23Z	
2.0.4		2021-06-13T17:41:20Z	
2.0.5		2021-07-11T06:00:09Z	
2.0.6		2021-07-11T17:48:51Z	
3.0.0		2025-07-27T18:03:52Z	
3.0.1		2025-09-07T10:16:51Z	
4.0.0		2026-04-29T05:22:44Z	
4.0.1			
