0.0.1		2025-04-27T11:36:36Z	
0.0.10		2025-05-04T15:30:30Z	
0.0.11		2025-05-04T16:19:15Z	
0.0.12		2025-05-04T16:53:54Z	
0.0.13		2025-05-04T17:15:46Z	
0.0.14		2025-05-04T17:32:46Z	
0.0.15		2025-05-06T22:08:15Z	
0.0.16		2025-05-07T00:20:08Z	
0.0.17		2025-05-07T16:50:28Z	
0.0.18		2025-05-07T17:01:19Z	
0.0.19		2025-05-08T20:40:33Z	
0.0.2		2025-04-27T20:15:59Z	
0.0.20		2025-05-08T20:51:58Z	
0.0.21		2025-05-11T17:55:56Z	
0.0.22		2026-04-01T12:12:51Z	
0.0.3		2025-04-27T23:39:51Z	
0.0.4		2025-04-28T21:07:37Z	
0.0.5		2025-04-29T19:46:29Z	
0.0.6		2025-04-30T03:05:15Z	
0.0.7		2025-05-03T22:32:52Z	
0.0.8		2025-05-04T04:59:25Z	
0.0.9		2025-05-04T15:12:55Z	
0.1.0		2026-04-02T02:41:06Z	
0.2.1		2026-04-02T18:47:57Z	
0.3.0		2026-04-04T14:34:20Z	
0.4.0		2026-04-05T13:12:24Z	
0.4.1		2026-05-07T10:48:26Z	
0.4.2		2026-05-07T11:39:07Z	
0.4.3		2026-05-07T12:41:33Z	
0.4.4		2026-05-07T22:48:00Z	
0.4.5		2026-05-12T21:21:13Z	
0.4.6		2026-05-31T01:24:08Z	
0.4.7		2026-08-14T00:03:05Z	
0.4.8		2026-08-29T04:05:34Z	
0.4.9		2026-08-29T06:31:38Z	
