0.16.0		2018-03-29T16:02:03Z	
0.17.0		2018-05-07T08:02:47Z	
0.17.1		2018-05-23T08:55:29Z	
