4.5.0		2015-06-09T15:27:21Z	
4.5.1		2015-06-17T14:14:43Z	
4.5.2		2015-08-12T05:34:59Z	
4.5.3		2015-08-30T12:48:58Z	
4.5.4		2015-08-31T15:11:28Z	
4.5.5		2015-08-31T16:54:28Z	
4.5.6		2015-09-01T10:30:22Z	
4.5.7		2015-09-03T09:34:43Z	
4.5.8		2015-09-03T16:53:22Z	
4.5.9		2015-10-02T09:28:36Z	
4.6.0		2015-10-23T13:56:44Z	
4.6.1		2015-10-30T06:13:22Z	
4.6.2		2016-04-11T11:07:50Z	
4.6.2-alpha		2016-03-15T15:45:48Z	
4.6.2-alpha2		2016-03-21T12:36:18Z	
4.6.2-beta		2016-03-31T10:24:59Z	
4.6.3		2016-04-19T13:34:11Z	
4.6.4		2016-07-11T16:01:13Z	
4.6.5		2016-11-18T15:41:20Z	
4.7.0		2016-07-19T00:50:28Z	
4.7.1		2016-07-27T13:45:19Z	
4.7.10		2017-09-26T04:27:08Z	
4.7.11		2017-10-02T08:37:46Z	
4.7.12		2017-10-03T07:31:48Z	
4.7.13		2017-10-03T10:13:34Z	
4.7.14		2017-10-23T12:47:17Z	
4.7.15		2017-11-23T03:47:24Z	
4.7.16		2017-11-27T05:11:17Z	
4.7.17		2017-11-27T05:41:56Z	
4.7.18		2017-12-05T04:46:24Z	
4.7.19		2017-12-13T12:10:11Z	
4.7.2		2016-11-17T12:26:38Z	
4.7.20		2017-12-14T11:32:36Z	
4.7.21		2017-12-20T07:32:11Z	
4.7.22		2018-01-03T09:49:48Z	
4.7.23		2018-01-23T18:22:26Z	
4.7.24		2018-03-21T06:44:56Z	
4.7.25		2018-05-04T07:15:21Z	
4.7.26		2018-05-23T09:49:22Z	
4.7.27		2018-05-24T09:58:12Z	
4.7.28		2018-11-06T18:30:24Z	
4.7.29		2019-04-10T06:34:43Z	
4.7.3		2017-02-09T04:21:20Z	
4.7.30			IOException: Tail request on https://maven-central.storage-download.googleapis.com/maven2/org/wso2/carbon/governance/org.wso2.carbon.governance.common/4.7.30/org.wso2.carbon.governance.common-4.7.30.jar returned status 404
4.7.4		2017-02-17T15:44:49Z	
4.7.5		2017-02-19T06:39:32Z	
4.7.6		2017-03-07T12:14:44Z	
4.7.7		2017-04-17T12:06:52Z	
4.7.8		2017-07-12T13:59:21Z	
4.7.9		2017-07-27T13:51:01Z	
4.8.0			IOException: Tail request on https://maven-central.storage-download.googleapis.com/maven2/org/wso2/carbon/governance/org.wso2.carbon.governance.common/4.8.0/org.wso2.carbon.governance.common-4.8.0.jar returned status 404
4.8.1			IOException: Tail request on https://maven-central.storage-download.googleapis.com/maven2/org/wso2/carbon/governance/org.wso2.carbon.governance.common/4.8.1/org.wso2.carbon.governance.common-4.8.1.jar returned status 404
4.8.10		2019-10-24T15:42:14Z	
4.8.11			IOException: Tail request on https://maven-central.storage-download.googleapis.com/maven2/org/wso2/carbon/governance/org.wso2.carbon.governance.common/4.8.11/org.wso2.carbon.governance.common-4.8.11.jar returned status 404
4.8.12			IOException: Tail request on https://maven-central.storage-download.googleapis.com/maven2/org/wso2/carbon/governance/org.wso2.carbon.governance.common/4.8.12/org.wso2.carbon.governance.common-4.8.12.jar returned status 404
4.8.13		2020-02-17T11:47:28Z	
4.8.14		2020-02-21T14:44:40Z	
4.8.15		2020-03-20T16:24:23Z	
4.8.16		2020-05-02T06:23:19Z	
4.8.17		2020-05-25T11:36:05Z	
4.8.18		2020-05-29T11:55:11Z	
4.8.19		2020-07-02T10:38:44Z	
4.8.2			IOException: Tail request on https://maven-central.storage-download.googleapis.com/maven2/org/wso2/carbon/governance/org.wso2.carbon.governance.common/4.8.2/org.wso2.carbon.governance.common-4.8.2.jar returned status 404
4.8.21		2021-04-12T08:11:02Z	
4.8.22		2021-05-11T19:43:55Z	
4.8.23		2021-07-07T07:33:32Z	
4.8.24		2021-10-18T10:09:57Z	
4.8.25		2021-11-16T13:07:46Z	
4.8.26		2021-11-25T19:10:37Z	
4.8.27		2022-01-31T09:14:19Z	
4.8.28		2022-02-10T08:59:55Z	
4.8.29			IOException: Tail request on https://maven-central.storage-download.googleapis.com/maven2/org/wso2/carbon/governance/org.wso2.carbon.governance.common/4.8.29/org.wso2.carbon.governance.common-4.8.29.jar returned status 404
4.8.3			IOException: Tail request on https://maven-central.storage-download.googleapis.com/maven2/org/wso2/carbon/governance/org.wso2.carbon.governance.common/4.8.3/org.wso2.carbon.governance.common-4.8.3.jar returned status 404
4.8.30		2023-01-30T01:50:51Z	
4.8.31		2023-03-23T00:16:59Z	
4.8.32			IOException: Tail request on https://maven-central.storage-download.googleapis.com/maven2/org/wso2/carbon/governance/org.wso2.carbon.governance.common/4.8.32/org.wso2.carbon.governance.common-4.8.32.jar returned status 404
4.8.33		2024-03-02T12:26:37Z	
4.8.34			IOException: Tail request on https://maven-central.storage-download.googleapis.com/maven2/org/wso2/carbon/governance/org.wso2.carbon.governance.common/4.8.34/org.wso2.carbon.governance.common-4.8.34.jar returned status 404
4.8.35			IOException: Tail request on https://maven-central.storage-download.googleapis.com/maven2/org/wso2/carbon/governance/org.wso2.carbon.governance.common/4.8.35/org.wso2.carbon.governance.common-4.8.35.jar returned status 404
4.8.36			IOException: Tail request on https://maven-central.storage-download.googleapis.com/maven2/org/wso2/carbon/governance/org.wso2.carbon.governance.common/4.8.36/org.wso2.carbon.governance.common-4.8.36.jar returned status 404
4.8.37			IOException: Tail request on https://maven-central.storage-download.googleapis.com/maven2/org/wso2/carbon/governance/org.wso2.carbon.governance.common/4.8.37/org.wso2.carbon.governance.common-4.8.37.jar returned status 404
4.8.38			IOException: Tail request on https://maven-central.storage-download.googleapis.com/maven2/org/wso2/carbon/governance/org.wso2.carbon.governance.common/4.8.38/org.wso2.carbon.governance.common-4.8.38.jar returned status 404
4.8.4			IOException: Tail request on https://maven-central.storage-download.googleapis.com/maven2/org/wso2/carbon/governance/org.wso2.carbon.governance.common/4.8.4/org.wso2.carbon.governance.common-4.8.4.jar returned status 404
4.8.5			IOException: Tail request on https://maven-central.storage-download.googleapis.com/maven2/org/wso2/carbon/governance/org.wso2.carbon.governance.common/4.8.5/org.wso2.carbon.governance.common-4.8.5.jar returned status 404
4.8.6			IOException: Tail request on https://maven-central.storage-download.googleapis.com/maven2/org/wso2/carbon/governance/org.wso2.carbon.governance.common/4.8.6/org.wso2.carbon.governance.common-4.8.6.jar returned status 404
4.8.7			IOException: Tail request on https://maven-central.storage-download.googleapis.com/maven2/org/wso2/carbon/governance/org.wso2.carbon.governance.common/4.8.7/org.wso2.carbon.governance.common-4.8.7.jar returned status 404
4.8.8			IOException: Tail request on https://maven-central.storage-download.googleapis.com/maven2/org/wso2/carbon/governance/org.wso2.carbon.governance.common/4.8.8/org.wso2.carbon.governance.common-4.8.8.jar returned status 404
4.8.9		2019-10-24T15:18:27Z	
4.9.0		2026-02-13T06:00:36Z	
4.9.1		2026-02-26T07:03:14Z	
4.9.2		2026-02-26T14:53:09Z	
4.9.3		2026-03-06T18:19:20Z	
4.9.4		2026-03-20T05:59:11Z	
4.9.5		2026-04-08T09:31:18Z	
4.9.6		2026-04-09T11:06:03Z	
4.9.7		2026-04-16T07:40:18Z	
