v1-rev20190329-1.29.2	automatic	com.google.apis	google-api-services-run	2019-06-26T15:40:30Z	
v1-rev20190329-1.30.1	automatic	com.google.apis	google-api-services-run	2019-06-26T15:43:41Z	
v1alpha1-rev20190614-1.28.0	automatic	com.google.apis	google-api-services-run	2019-06-26T15:46:12Z	
v1alpha1-rev20190614-1.29.2	automatic	com.google.apis	google-api-services-run	2019-06-26T15:49:11Z	
v1alpha1-rev20190614-1.30.1	automatic	com.google.apis	google-api-services-run	2019-06-26T15:53:03Z	
v1alpha1-rev20190620-1.28.0	automatic	com.google.apis	google-api-services-run	2019-06-27T20:44:41Z	
v1alpha1-rev20190620-1.29.2	automatic	com.google.apis	google-api-services-run	2019-06-27T20:46:08Z	
v1alpha1-rev20190620-1.30.1	automatic	com.google.apis	google-api-services-run	2019-06-27T20:47:37Z	
v1alpha1-rev20190701-1.28.0	automatic	com.google.apis	google-api-services-run	2019-07-11T20:14:33Z	
v1alpha1-rev20190701-1.29.2	automatic	com.google.apis	google-api-services-run	2019-07-11T20:16:04Z	
v1alpha1-rev20190701-1.30.1	automatic	com.google.apis	google-api-services-run	2019-07-11T20:17:35Z	
v1beta1-rev20190701-1.28.0	automatic	com.google.apis	google-api-services-run	2019-07-11T20:19:00Z	
v1beta1-rev20190701-1.29.2	automatic	com.google.apis	google-api-services-run	2019-07-11T20:20:24Z	
v1beta1-rev20190701-1.30.1	automatic	com.google.apis	google-api-services-run	2019-07-11T20:22:08Z	
v1alpha1-rev20190703-1.28.0	automatic	com.google.apis	google-api-services-run	2019-08-07T00:58:34Z	
v1alpha1-rev20190703-1.29.2	automatic	com.google.apis	google-api-services-run	2019-08-07T01:01:12Z	
v1alpha1-rev20190703-1.30.1	automatic	com.google.apis	google-api-services-run	2019-08-07T01:04:01Z	
v1alpha1-rev20190731-1.28.0	automatic	com.google.apis	google-api-services-run	2019-08-08T22:32:36Z	
v1alpha1-rev20190731-1.29.2	automatic	com.google.apis	google-api-services-run	2019-08-08T22:34:16Z	
v1alpha1-rev20190731-1.30.1	automatic	com.google.apis	google-api-services-run	2019-08-08T22:35:52Z	
v1alpha1-rev20190805-1.28.0	automatic	com.google.apis	google-api-services-run	2019-08-19T20:35:48Z	
v1alpha1-rev20190805-1.29.2	automatic	com.google.apis	google-api-services-run	2019-08-19T20:37:32Z	
v1alpha1-rev20190805-1.30.1	automatic	com.google.apis	google-api-services-run	2019-08-19T20:39:18Z	
v1-rev20190809-1.28.0	automatic	com.google.apis	google-api-services-run	2019-08-20T20:50:05Z	
v1-rev20190809-1.29.2	automatic	com.google.apis	google-api-services-run	2019-08-20T20:53:00Z	
v1-rev20190809-1.30.1	automatic	com.google.apis	google-api-services-run	2019-08-20T20:55:57Z	
v1alpha1-rev20190809-1.28.0	automatic	com.google.apis	google-api-services-run	2019-08-20T21:00:42Z	
v1alpha1-rev20190809-1.29.2	automatic	com.google.apis	google-api-services-run	2019-08-20T21:03:41Z	
v1alpha1-rev20190809-1.30.1	automatic	com.google.apis	google-api-services-run	2019-08-20T21:05:51Z	
v1alpha1-rev20190816-1.28.0	automatic	com.google.apis	google-api-services-run	2019-08-30T00:12:31Z	
v1alpha1-rev20190816-1.29.2	automatic	com.google.apis	google-api-services-run	2019-08-30T00:14:56Z	
v1alpha1-rev20190816-1.30.1	automatic	com.google.apis	google-api-services-run	2019-08-30T00:16:31Z	
v1alpha1-rev20190823-1.28.0	automatic	com.google.apis	google-api-services-run	2019-09-06T23:47:06Z	
v1alpha1-rev20190823-1.29.2	automatic	com.google.apis	google-api-services-run	2019-09-06T23:48:43Z	
v1alpha1-rev20190823-1.30.1	automatic	com.google.apis	google-api-services-run	2019-09-06T23:51:07Z	
v1alpha1-rev20190828-1.28.0	automatic	com.google.apis	google-api-services-run	2019-09-14T00:36:06Z	
v1alpha1-rev20190828-1.29.2	automatic	com.google.apis	google-api-services-run	2019-09-14T00:37:39Z	
v1alpha1-rev20190828-1.30.1	automatic	com.google.apis	google-api-services-run	2019-09-14T00:39:15Z	
v1alpha1-rev20190903-1.28.0	automatic	com.google.apis	google-api-services-run	2019-09-16T21:48:14Z	
v1alpha1-rev20190903-1.29.2	automatic	com.google.apis	google-api-services-run	2019-09-16T21:50:17Z	
v1alpha1-rev20190903-1.30.3	automatic	com.google.apis	google-api-services-run	2019-09-16T21:52:01Z	
v1-rev20190911-1.28.0	automatic	com.google.apis	google-api-services-run	2019-09-24T23:17:32Z	
v1-rev20190911-1.29.2	automatic	com.google.apis	google-api-services-run	2019-09-24T23:19:07Z	
v1-rev20190911-1.30.3	automatic	com.google.apis	google-api-services-run	2019-09-24T23:20:34Z	
v1alpha1-rev20190911-1.28.0	automatic	com.google.apis	google-api-services-run	2019-09-24T23:23:02Z	
v1alpha1-rev20190911-1.29.2	automatic	com.google.apis	google-api-services-run	2019-09-24T23:24:49Z	
v1alpha1-rev20190911-1.30.3	automatic	com.google.apis	google-api-services-run	2019-09-24T23:26:43Z	
v1-rev20190916-1.28.0	automatic	com.google.apis	google-api-services-run	2019-10-12T01:16:57Z	
v1-rev20190916-1.29.2	automatic	com.google.apis	google-api-services-run	2019-10-12T01:19:06Z	
v1-rev20190916-1.30.3	automatic	com.google.apis	google-api-services-run	2019-10-12T01:21:16Z	
v1alpha1-rev20190916-1.28.0	automatic	com.google.apis	google-api-services-run	2019-10-12T01:23:40Z	
v1alpha1-rev20190916-1.29.2	automatic	com.google.apis	google-api-services-run	2019-10-12T01:25:13Z	
v1alpha1-rev20190916-1.30.3	automatic	com.google.apis	google-api-services-run	2019-10-12T01:26:32Z	
v1-rev20191112-1.28.0	automatic	com.google.apis	google-api-services-run	2020-02-12T11:04:51Z	
v1-rev20191112-1.29.2	automatic	com.google.apis	google-api-services-run	2020-02-12T11:08:00Z	
v1-rev20200130-1.30.8	automatic	com.google.apis	google-api-services-run	2020-02-12T11:10:12Z	
v1alpha1-rev20191115-1.28.0	automatic	com.google.apis	google-api-services-run	2020-02-12T11:11:53Z	
v1alpha1-rev20191115-1.29.2	automatic	com.google.apis	google-api-services-run	2020-02-12T11:13:38Z	
v1alpha1-rev20200130-1.30.8	automatic	com.google.apis	google-api-services-run	2020-02-12T11:15:28Z	
v1beta1-rev20190927-1.28.0	automatic	com.google.apis	google-api-services-run	2020-02-12T11:17:26Z	
v1beta1-rev20190927-1.29.2	automatic	com.google.apis	google-api-services-run	2020-02-12T11:19:07Z	
v1beta1-rev20200110-1.30.8	automatic	com.google.apis	google-api-services-run	2020-02-12T11:20:37Z	
v1-rev20200219-1.30.9	automatic	com.google.apis	google-api-services-run	2020-03-06T09:15:22Z	
v1alpha1-rev20200219-1.30.9	automatic	com.google.apis	google-api-services-run	2020-03-06T09:19:15Z	
v1beta1-rev20200219-1.30.9	automatic	com.google.apis	google-api-services-run	2020-03-06T09:23:51Z	
v1-rev20200302-1.30.9	automatic	com.google.apis	google-api-services-run	2020-03-09T20:19:40Z	
v1alpha1-rev20200302-1.30.9	automatic	com.google.apis	google-api-services-run	2020-03-10T08:07:26Z	
v1-rev20200327-1.30.9	automatic	com.google.apis	google-api-services-run	2020-04-07T20:40:47Z	
v1-rev20200407-1.30.9	automatic	com.google.apis	google-api-services-run	2020-04-14T20:09:26Z	
v1alpha1-rev20200407-1.30.9	automatic	com.google.apis	google-api-services-run	2020-04-14T20:11:50Z	
v1-rev20200415-1.30.9	automatic	com.google.apis	google-api-services-run	2020-04-21T20:16:59Z	
v1alpha1-rev20200415-1.30.9	automatic	com.google.apis	google-api-services-run	2020-04-21T20:19:34Z	
v1-rev20200505-1.30.9	automatic	com.google.apis	google-api-services-run	2020-05-14T21:10:42Z	
v1alpha1-rev20200505-1.30.9	automatic	com.google.apis	google-api-services-run	2020-05-14T21:14:02Z	
v1-rev20200521-1.30.9	automatic	com.google.apis	google-api-services-run	2020-06-04T21:04:07Z	
v1alpha1-rev20200521-1.30.9	automatic	com.google.apis	google-api-services-run	2020-06-04T21:07:46Z	
v1-rev20200609-1.30.9	automatic	com.google.apis	google-api-services-run	2020-06-18T11:06:05Z	
v1alpha1-rev20200609-1.30.9	automatic	com.google.apis	google-api-services-run	2020-06-18T11:09:21Z	
v1beta1-rev20200609-1.30.9	automatic	com.google.apis	google-api-services-run	2020-06-18T11:13:26Z	
v1-rev20200616-1.30.9	automatic	com.google.apis	google-api-services-run	2020-06-30T10:13:43Z	
v1alpha1-rev20200616-1.30.9	automatic	com.google.apis	google-api-services-run	2020-06-30T10:17:35Z	
v1beta1-rev20200616-1.30.9	automatic	com.google.apis	google-api-services-run	2020-06-30T10:19:58Z	
v1-rev20200622-1.30.9	automatic	com.google.apis	google-api-services-run	2020-07-01T20:50:15Z	
v1alpha1-rev20200622-1.30.9	automatic	com.google.apis	google-api-services-run	2020-07-01T20:52:28Z	
v1beta1-rev20200622-1.30.9	automatic	com.google.apis	google-api-services-run	2020-07-01T20:57:33Z	
v1-rev20200622-1.30.10	automatic	com.google.apis	google-api-services-run	2020-07-10T22:43:57Z	
v1alpha1-rev20200622-1.30.10	automatic	com.google.apis	google-api-services-run	2020-07-10T22:46:06Z	
v1beta1-rev20200622-1.30.10	automatic	com.google.apis	google-api-services-run	2020-07-10T22:48:30Z	
v1-rev20200706-1.30.10	automatic	com.google.apis	google-api-services-run	2020-07-16T20:45:04Z	
v1alpha1-rev20200706-1.30.10	automatic	com.google.apis	google-api-services-run	2020-07-16T20:46:33Z	
v1beta1-rev20200706-1.30.10	automatic	com.google.apis	google-api-services-run	2020-07-16T20:47:41Z	
v1-rev20200720-1.30.10	automatic	com.google.apis	google-api-services-run	2020-07-24T08:55:51Z	
v1alpha1-rev20200720-1.30.10	automatic	com.google.apis	google-api-services-run	2020-07-24T08:57:09Z	
v1beta1-rev20200720-1.30.10	automatic	com.google.apis	google-api-services-run	2020-07-24T08:58:16Z	
v1-rev20200727-1.30.10	automatic	com.google.apis	google-api-services-run	2020-07-31T20:42:29Z	
v1-rev20200814-1.30.10	automatic	com.google.apis	google-api-services-run	2020-08-15T20:10:38Z	
v1alpha1-rev20200814-1.30.10	automatic	com.google.apis	google-api-services-run	2020-08-15T20:12:08Z	
v1beta1-rev20200814-1.30.10	automatic	com.google.apis	google-api-services-run	2020-08-15T20:13:47Z	
v1-rev20200907-1.30.10	automatic	com.google.apis	google-api-services-run	2020-09-15T20:18:18Z	
v1-rev20200918-1.30.10	automatic	com.google.apis	google-api-services-run	2020-09-25T20:22:36Z	
v1-rev20201002-1.30.10	automatic	com.google.apis	google-api-services-run	2020-10-09T20:13:28Z	
v1-rev20201012-1.30.10	automatic	com.google.apis	google-api-services-run	2020-10-17T20:06:07Z	
v1-rev20201030-1.30.10	automatic	com.google.apis	google-api-services-run	2020-11-07T21:15:48Z	
v1alpha1-rev20201030-1.30.10	automatic	com.google.apis	google-api-services-run	2020-11-07T21:17:31Z	
v1-rev20201106-1.30.10	automatic	com.google.apis	google-api-services-run	2020-11-14T21:18:14Z	
v1alpha1-rev20201106-1.30.10	automatic	com.google.apis	google-api-services-run	2020-11-14T21:21:25Z	
v1-rev20201113-1.30.10	automatic	com.google.apis	google-api-services-run	2020-12-04T02:54:38Z	
v1-rev20201113-1.31.0	automatic	com.google.apis	google-api-services-run	2020-12-04T02:56:30Z	
v1alpha1-rev20201113-1.30.10	automatic	com.google.apis	google-api-services-run	2020-12-04T02:59:08Z	
v1alpha1-rev20201113-1.31.0	automatic	com.google.apis	google-api-services-run	2020-12-05T09:24:38Z	
v1beta1-rev20200814-1.31.0	automatic	com.google.apis	google-api-services-run	2020-12-05T09:28:27Z	
v1alpha1-rev20210122-1.31.0	automatic	com.google.apis	google-api-services-run	2021-02-11T03:06:08Z	
v1alpha1-rev20210212-1.31.0	automatic	com.google.apis	google-api-services-run	2021-02-23T21:30:55Z	
v1-rev20210301-1.31.0	automatic	com.google.apis	google-api-services-run	2021-03-06T21:15:39Z	
v1-rev20210308-1.31.0	automatic	com.google.apis	google-api-services-run	2021-03-13T21:20:17Z	
v1-rev20210312-1.31.0	automatic	com.google.apis	google-api-services-run	2021-03-20T20:27:38Z	
v1alpha1-rev20210312-1.31.0	automatic	com.google.apis	google-api-services-run	2021-03-20T20:29:05Z	
v1-rev20210319-1.31.0	automatic	com.google.apis	google-api-services-run	2021-03-26T20:50:02Z	
v1alpha1-rev20210319-1.31.0	automatic	com.google.apis	google-api-services-run	2021-03-26T20:53:03Z	
v1-rev20210326-1.31.0	automatic	com.google.apis	google-api-services-run	2021-04-07T08:09:14Z	
v1-rev20210402-1.31.0	automatic	com.google.apis	google-api-services-run	2021-04-10T20:10:48Z	
v1alpha1-rev20210402-1.31.0	automatic	com.google.apis	google-api-services-run	2021-04-10T20:12:21Z	
v1-rev20210409-1.31.0	automatic	com.google.apis	google-api-services-run	2021-04-17T20:15:19Z	
v1-rev20210503-1.31.0	automatic	com.google.apis	google-api-services-run	2021-05-11T20:23:35Z	
v1alpha1-rev20210503-1.31.0	automatic	com.google.apis	google-api-services-run	2021-05-11T20:25:04Z	
v1-rev20210517-1.31.0	automatic	com.google.apis	google-api-services-run	2021-05-22T20:10:05Z	
v1alpha1-rev20210604-1.31.0	automatic	com.google.apis	google-api-services-run	2021-06-12T20:05:28Z	
v1-rev20210517-1.31.5	automatic	com.google.apis	google-api-services-run	2021-06-18T22:37:30Z	
v1alpha1-rev20210604-1.31.5	automatic	com.google.apis	google-api-services-run	2021-06-18T22:38:07Z	
v1beta1-rev20200814-1.31.5	automatic	com.google.apis	google-api-services-run	2021-06-18T22:38:39Z	
v1-rev20210611-1.31.5	automatic	com.google.apis	google-api-services-run	2021-07-01T20:18:21Z	
v1alpha1-rev20210611-1.31.5	automatic	com.google.apis	google-api-services-run	2021-07-01T20:18:58Z	
v1-rev20210611-1.32.1	automatic	com.google.apis	google-api-services-run	2021-07-02T22:23:47Z	
v1alpha1-rev20210611-1.32.1	automatic	com.google.apis	google-api-services-run	2021-07-02T22:24:24Z	
v1beta1-rev20200814-1.32.1	automatic	com.google.apis	google-api-services-run	2021-07-02T22:24:55Z	
v1-rev20210716-1.32.1	automatic	com.google.apis	google-api-services-run	2021-07-22T20:07:30Z	
v1alpha1-rev20210716-1.32.1	automatic	com.google.apis	google-api-services-run	2021-07-22T20:08:10Z	
v1-rev20210730-1.32.1	automatic	com.google.apis	google-api-services-run	2021-08-06T20:10:42Z	
v1alpha1-rev20210730-1.32.1	automatic	com.google.apis	google-api-services-run	2021-08-06T20:11:20Z	
v1-rev20210806-1.32.1	automatic	com.google.apis	google-api-services-run	2021-08-13T20:14:15Z	
v1alpha1-rev20210806-1.32.1	automatic	com.google.apis	google-api-services-run	2021-08-13T20:14:52Z	
v1-rev20210813-1.32.1	automatic	com.google.apis	google-api-services-run	2021-08-20T20:18:31Z	
v1alpha1-rev20210813-1.32.1	automatic	com.google.apis	google-api-services-run	2021-08-20T20:19:08Z	
v1alpha1-rev20210910-1.32.1	automatic	com.google.apis	google-api-services-run	2021-09-17T20:08:19Z	
v1-rev20211001-1.32.1	automatic	com.google.apis	google-api-services-run	2021-10-06T20:07:20Z	
v1alpha1-rev20211001-1.32.1	automatic	com.google.apis	google-api-services-run	2021-10-07T20:08:54Z	
v1-rev20211015-1.32.1	automatic	com.google.apis	google-api-services-run	2021-10-21T20:22:10Z	
v1-rev20211022-1.32.1	automatic	com.google.apis	google-api-services-run	2021-10-27T20:10:04Z	
v1-rev20211105-1.32.1	automatic	com.google.apis	google-api-services-run	2021-11-10T21:15:01Z	
v1-rev20211112-1.32.1	automatic	com.google.apis	google-api-services-run	2021-11-17T21:16:19Z	
v1alpha1-rev20211112-1.32.1	automatic	com.google.apis	google-api-services-run	2021-11-17T21:16:55Z	
v1-rev20220103-1.32.1	automatic	com.google.apis	google-api-services-run	2022-01-12T21:39:36Z	
v2-rev20220103-1.32.1	automatic	com.google.apis	google-api-services-run	2022-01-12T21:40:10Z	
v1-rev20220107-1.32.1	automatic	com.google.apis	google-api-services-run	2022-01-13T21:26:33Z	
v1alpha1-rev20220107-1.32.1	automatic	com.google.apis	google-api-services-run	2022-01-13T21:27:11Z	
v2-rev20220107-1.32.1	automatic	com.google.apis	google-api-services-run	2022-01-13T21:27:43Z	
v1-rev20220121-1.32.1	automatic	com.google.apis	google-api-services-run	2022-02-01T22:01:16Z	
v2-rev20220121-1.32.1	automatic	com.google.apis	google-api-services-run	2022-02-01T22:01:53Z	
v1alpha1-rev20220128-1.32.1	automatic	com.google.apis	google-api-services-run	2022-02-08T09:09:10Z	
v2-rev20220128-1.32.1	automatic	com.google.apis	google-api-services-run	2022-02-08T09:09:48Z	
v1-rev20220204-1.32.1	automatic	com.google.apis	google-api-services-run	2022-02-19T09:19:20Z	
v2-rev20220211-1.32.1	automatic	com.google.apis	google-api-services-run	2022-02-19T09:19:54Z	
v1alpha1-rev20220218-1.32.1	automatic	com.google.apis	google-api-services-run	2022-02-24T21:25:30Z	
v2-rev20220218-1.32.1	automatic	com.google.apis	google-api-services-run	2022-02-24T21:26:08Z	
v1-rev20220218-1.32.1	automatic	com.google.apis	google-api-services-run	2022-02-28T21:26:12Z	
v1-rev20220304-1.32.1	automatic	com.google.apis	google-api-services-run	2022-03-10T09:13:24Z	
v2-rev20220304-1.32.1	automatic	com.google.apis	google-api-services-run	2022-03-10T09:13:58Z	
v1-rev20220318-1.32.1	automatic	com.google.apis	google-api-services-run	2022-03-24T08:18:28Z	
v1alpha1-rev20220318-1.32.1	automatic	com.google.apis	google-api-services-run	2022-03-24T08:19:06Z	
v2-rev20220318-1.32.1	automatic	com.google.apis	google-api-services-run	2022-03-24T08:19:42Z	
v1-rev20220401-1.32.1	automatic	com.google.apis	google-api-services-run	2022-04-06T08:09:20Z	
v2-rev20220401-1.32.1	automatic	com.google.apis	google-api-services-run	2022-04-06T08:09:59Z	
v2-rev20220408-1.32.1	automatic	com.google.apis	google-api-services-run	2022-04-13T08:09:31Z	
v1-rev20220408-1.32.1	automatic	com.google.apis	google-api-services-run	2022-04-14T08:14:59Z	
v1alpha1-rev20220408-1.32.1	automatic	com.google.apis	google-api-services-run	2022-04-14T08:15:35Z	
v2-rev20220415-1.32.1	automatic	com.google.apis	google-api-services-run	2022-04-20T08:06:30Z	
v1-rev20220422-1.32.1	automatic	com.google.apis	google-api-services-run	2022-04-27T08:14:03Z	
v2-rev20220422-1.32.1	automatic	com.google.apis	google-api-services-run	2022-04-28T08:16:14Z	
v1-rev20220429-1.32.1	automatic	com.google.apis	google-api-services-run	2022-05-04T08:08:15Z	
v2-rev20220429-1.32.1	automatic	com.google.apis	google-api-services-run	2022-05-04T08:08:54Z	
v1alpha1-rev20220429-1.32.1	automatic	com.google.apis	google-api-services-run	2022-05-05T08:23:01Z	
v2-rev20220506-1.32.1	automatic	com.google.apis	google-api-services-run	2022-05-12T08:10:42Z	
v1-rev20220506-1.32.1	automatic	com.google.apis	google-api-services-run	2022-05-13T08:07:48Z	
v1-rev20220603-1.32.1	automatic	com.google.apis	google-api-services-run	2022-06-08T08:17:57Z	
v2-rev20220603-1.32.1	automatic	com.google.apis	google-api-services-run	2022-06-08T08:18:33Z	
v1-rev20220617-1.32.1	automatic	com.google.apis	google-api-services-run	2022-06-23T08:22:18Z	
v1alpha1-rev20220617-1.32.1	automatic	com.google.apis	google-api-services-run	2022-06-23T08:22:57Z	
v1-rev20220710-1.32.1	automatic	com.google.apis	google-api-services-run	2022-07-13T08:21:02Z	
v1alpha1-rev20220710-1.32.1	automatic	com.google.apis	google-api-services-run	2022-07-13T08:21:40Z	
v2-rev20220710-1.32.1	automatic	com.google.apis	google-api-services-run	2022-07-13T08:22:20Z	
v1-rev20220710-2.0.0	automatic	com.google.apis	google-api-services-run	2022-08-01T21:18:01Z	
v1alpha1-rev20220710-2.0.0	automatic	com.google.apis	google-api-services-run	2022-08-01T21:18:35Z	
v2-rev20220710-2.0.0	automatic	com.google.apis	google-api-services-run	2022-08-01T21:19:10Z	
v1-rev20220731-2.0.0	automatic	com.google.apis	google-api-services-run	2022-08-03T08:33:47Z	
v2-rev20220731-2.0.0	automatic	com.google.apis	google-api-services-run	2022-08-04T08:10:38Z	
v1-rev20220807-2.0.0	automatic	com.google.apis	google-api-services-run	2022-08-10T08:19:16Z	
v2-rev20220807-2.0.0	automatic	com.google.apis	google-api-services-run	2022-08-10T08:19:51Z	
v1-rev20220814-2.0.0	automatic	com.google.apis	google-api-services-run	2022-08-20T08:12:59Z	
v1-rev20220821-2.0.0	automatic	com.google.apis	google-api-services-run	2022-08-27T08:05:45Z	
v2-rev20220828-2.0.0	automatic	com.google.apis	google-api-services-run	2022-09-02T08:13:20Z	
v1-rev20220828-2.0.0	automatic	com.google.apis	google-api-services-run	2022-09-04T08:13:03Z	
v1-rev20220911-2.0.0	automatic	com.google.apis	google-api-services-run	2022-09-21T23:26:26Z	
v2-rev20220918-2.0.0	automatic	com.google.apis	google-api-services-run	2022-09-23T08:56:44Z	
v1-rev20220925-2.0.0	automatic	com.google.apis	google-api-services-run	2022-09-30T08:35:04Z	
v2-rev20220925-2.0.0	automatic	com.google.apis	google-api-services-run	2022-09-30T08:36:27Z	
v2-rev20221016-2.0.0	automatic	com.google.apis	google-api-services-run	2022-10-20T09:00:41Z	
v1-rev20221016-2.0.0	automatic	com.google.apis	google-api-services-run	2022-10-21T08:27:24Z	
v1-rev20221023-2.0.0	automatic	com.google.apis	google-api-services-run	2022-10-28T08:43:42Z	
v2-rev20221023-2.0.0	automatic	com.google.apis	google-api-services-run	2022-10-28T08:44:55Z	
v2-rev20221030-2.0.0	automatic	com.google.apis	google-api-services-run	2022-11-03T08:34:45Z	
v1-rev20221106-2.0.0	automatic	com.google.apis	google-api-services-run	2022-11-15T09:51:11Z	
v2-rev20221106-2.0.0	automatic	com.google.apis	google-api-services-run	2022-11-15T09:53:19Z	
v1-rev20221129-2.0.0	automatic	com.google.apis	google-api-services-run	2022-12-05T22:55:29Z	
v2-rev20221129-2.0.0	automatic	com.google.apis	google-api-services-run	2022-12-05T22:58:02Z	
v2-rev20221211-2.0.0	automatic	com.google.apis	google-api-services-run	2022-12-15T09:25:44Z	
v1-rev20221213-2.0.0	automatic	com.google.apis	google-api-services-run	2022-12-17T09:22:24Z	
v2-rev20230102-2.0.0	automatic	com.google.apis	google-api-services-run	2023-01-06T09:39:11Z	
v2-rev20230113-2.0.0	automatic	com.google.apis	google-api-services-run	2023-01-20T09:44:48Z	
v1-rev20230122-2.0.0	automatic	com.google.apis	google-api-services-run	2023-01-26T09:38:23Z	
v2-rev20230122-2.0.0	automatic	com.google.apis	google-api-services-run	2023-01-26T09:41:00Z	
v1-rev20230129-2.0.0	automatic	com.google.apis	google-api-services-run	2023-02-07T10:09:45Z	
v2-rev20230129-2.0.0	automatic	com.google.apis	google-api-services-run	2023-02-07T10:12:07Z	
v1-rev20230205-2.0.0	automatic	com.google.apis	google-api-services-run	2023-02-09T09:37:12Z	
v2-rev20230205-2.0.0	automatic	com.google.apis	google-api-services-run	2023-02-09T09:40:04Z	
v2-rev20230212-2.0.0	automatic	com.google.apis	google-api-services-run	2023-02-15T09:48:43Z	
v1-rev20230305-2.0.0	automatic	com.google.apis	google-api-services-run	2023-03-20T21:05:27Z	
v2-rev20230312-2.0.0	automatic	com.google.apis	google-api-services-run	2023-03-20T21:07:58Z	
v1-rev20230402-2.0.0	automatic	com.google.apis	google-api-services-run	2023-04-06T08:53:46Z	
v1-rev20230409-2.0.0	automatic	com.google.apis	google-api-services-run	2023-04-13T08:52:44Z	
v1-rev20230416-2.0.0	automatic	com.google.apis	google-api-services-run	2023-04-20T08:44:40Z	
v2-rev20230416-2.0.0	automatic	com.google.apis	google-api-services-run	2023-04-20T08:46:35Z	
v2-rev20230423-2.0.0	automatic	com.google.apis	google-api-services-run	2023-04-27T09:12:05Z	
v1-rev20230423-2.0.0	automatic	com.google.apis	google-api-services-run	2023-04-28T08:49:03Z	
v1-rev20230430-2.0.0	automatic	com.google.apis	google-api-services-run	2023-05-05T08:28:23Z	
v2-rev20230430-2.0.0	automatic	com.google.apis	google-api-services-run	2023-05-05T08:30:46Z	
v1-rev20230521-2.0.0	automatic	com.google.apis	google-api-services-run	2023-05-24T09:29:27Z	
v2-rev20230528-2.0.0	automatic	com.google.apis	google-api-services-run	2023-05-31T08:57:48Z	
v1-rev20230528-2.0.0	automatic	com.google.apis	google-api-services-run	2023-06-01T08:32:39Z	
v1-rev20230604-2.0.0	automatic	com.google.apis	google-api-services-run	2023-06-07T09:02:24Z	
v2-rev20230604-2.0.0	automatic	com.google.apis	google-api-services-run	2023-06-07T09:04:21Z	
v1-rev20230611-2.0.0	automatic	com.google.apis	google-api-services-run	2023-06-14T09:12:46Z	
v2-rev20230611-2.0.0	automatic	com.google.apis	google-api-services-run	2023-06-14T09:15:00Z	
v1-rev20230806-2.0.0	automatic	com.google.apis	google-api-services-run	2023-08-11T10:44:16Z	
v2-rev20230806-2.0.0	automatic	com.google.apis	google-api-services-run	2023-08-11T10:46:36Z	
v2-rev20230910-2.0.0	automatic	com.google.apis	google-api-services-run	2023-09-12T08:43:44Z	
v1-rev20230910-2.0.0	automatic	com.google.apis	google-api-services-run	2023-09-13T09:11:07Z	
v2-rev20230917-2.0.0	automatic	com.google.apis	google-api-services-run	2023-09-19T08:46:36Z	
v1-rev20230924-2.0.0	automatic	com.google.apis	google-api-services-run	2023-09-26T08:49:41Z	
v2-rev20230924-2.0.0	automatic	com.google.apis	google-api-services-run	2023-09-26T08:51:30Z	
v1-rev20231001-2.0.0	automatic	com.google.apis	google-api-services-run	2023-10-04T09:12:40Z	
v2-rev20231001-2.0.0	automatic	com.google.apis	google-api-services-run	2023-10-04T09:15:18Z	
v2-rev20231008-2.0.0	automatic	com.google.apis	google-api-services-run	2023-10-10T08:40:27Z	
v1-rev20231008-2.0.0	automatic	com.google.apis	google-api-services-run	2023-10-11T08:57:06Z	
v2-rev20231022-2.0.0	automatic	com.google.apis	google-api-services-run	2023-10-24T08:35:58Z	
v1-rev20231022-2.0.0	automatic	com.google.apis	google-api-services-run	2023-10-25T09:03:22Z	
v1-rev20231112-2.0.0	automatic	com.google.apis	google-api-services-run	2023-11-29T10:13:22Z	
v2-rev20231112-2.0.0	automatic	com.google.apis	google-api-services-run	2023-11-29T10:15:46Z	
v1-rev20231203-2.0.0	automatic	com.google.apis	google-api-services-run	2023-12-06T09:52:58Z	
v2-rev20231203-2.0.0	automatic	com.google.apis	google-api-services-run	2023-12-06T09:54:33Z	
v1-rev20231210-2.0.0	automatic	com.google.apis	google-api-services-run	2024-01-09T14:14:43Z	
v2-rev20240107-2.0.0	automatic	com.google.apis	google-api-services-run	2024-01-09T14:16:41Z	
v1-rev20240107-2.0.0	automatic	com.google.apis	google-api-services-run	2024-01-10T10:12:48Z	
v1-rev20240114-2.0.0	automatic	com.google.apis	google-api-services-run	2024-01-17T09:47:13Z	
v1-rev20240121-2.0.0	automatic	com.google.apis	google-api-services-run	2024-01-23T09:56:50Z	
v2-rev20240121-2.0.0	automatic	com.google.apis	google-api-services-run	2024-01-24T10:24:42Z	
v2-rev20240128-2.0.0	automatic	com.google.apis	google-api-services-run	2024-01-30T09:54:59Z	
v1-rev20240128-2.0.0	automatic	com.google.apis	google-api-services-run	2024-01-31T09:48:23Z	
v1-rev20240204-2.0.0	automatic	com.google.apis	google-api-services-run	2024-02-06T09:39:50Z	
v2-rev20240204-2.0.0	automatic	com.google.apis	google-api-services-run	2024-02-07T09:44:12Z	
v2-rev20240211-2.0.0	automatic	com.google.apis	google-api-services-run	2024-02-14T09:55:08Z	
v1-rev20240303-2.0.0	automatic	com.google.apis	google-api-services-run	2024-03-06T09:48:24Z	
v2-rev20240303-2.0.0	automatic	com.google.apis	google-api-services-run	2024-03-06T09:50:04Z	
v2-rev20240310-2.0.0	automatic	com.google.apis	google-api-services-run	2024-03-12T08:31:48Z	
v1-rev20240310-2.0.0	automatic	com.google.apis	google-api-services-run	2024-03-13T09:07:04Z	
v2-rev20240322-2.0.0	automatic	com.google.apis	google-api-services-run	2024-03-27T08:46:58Z	
v1-rev20240322-2.0.0	automatic	com.google.apis	google-api-services-run	2024-03-28T08:53:27Z	
v2-rev20240412-2.0.0	automatic	com.google.apis	google-api-services-run	2024-04-16T08:46:42Z	
v1-rev20240412-2.0.0	automatic	com.google.apis	google-api-services-run	2024-04-17T08:57:31Z	
v1-rev20240426-2.0.0	automatic	com.google.apis	google-api-services-run	2024-05-01T08:37:58Z	
v2-rev20240426-2.0.0	automatic	com.google.apis	google-api-services-run	2024-05-01T08:40:22Z	
v1-rev20240503-2.0.0	automatic	com.google.apis	google-api-services-run	2024-05-08T08:53:18Z	
v2-rev20240503-2.0.0	automatic	com.google.apis	google-api-services-run	2024-05-08T08:55:40Z	
v2-rev20240510-2.0.0	automatic	com.google.apis	google-api-services-run	2024-05-14T08:36:32Z	
v1-rev20240510-2.0.0	automatic	com.google.apis	google-api-services-run	2024-05-15T08:48:55Z	
v1-rev20240524-2.0.0	automatic	com.google.apis	google-api-services-run	2024-05-28T08:38:25Z	
v2-rev20240524-2.0.0	automatic	com.google.apis	google-api-services-run	2024-05-28T08:40:42Z	
v2-rev20240607-2.0.0	automatic	com.google.apis	google-api-services-run	2024-06-11T08:37:44Z	
v2-rev20240614-2.0.0	automatic	com.google.apis	google-api-services-run	2024-06-19T08:43:15Z	
v1-rev20240628-2.0.0	automatic	com.google.apis	google-api-services-run	2024-07-09T08:36:54Z	
v2-rev20240628-2.0.0	automatic	com.google.apis	google-api-services-run	2024-07-09T08:37:39Z	
v1-rev20240705-2.0.0	automatic	com.google.apis	google-api-services-run	2024-07-11T08:19:51Z	
v2-rev20240705-2.0.0	automatic	com.google.apis	google-api-services-run	2024-07-11T08:20:40Z	
v1-rev20240712-2.0.0	automatic	com.google.apis	google-api-services-run	2024-07-24T08:50:34Z	
v2-rev20240712-2.0.0	automatic	com.google.apis	google-api-services-run	2024-07-24T08:51:20Z	
v1-rev20240719-2.0.0	automatic	com.google.apis	google-api-services-run	2024-07-27T08:07:19Z	
v1-rev20240731-2.0.0	automatic	com.google.apis	google-api-services-run	2024-08-07T08:34:58Z	
v1-rev20240802-2.0.0	automatic	com.google.apis	google-api-services-run	2024-08-11T08:08:46Z	
v2-rev20240802-2.0.0	automatic	com.google.apis	google-api-services-run	2024-08-11T08:09:29Z	
v2-rev20240809-2.0.0	automatic	com.google.apis	google-api-services-run	2024-08-17T08:12:53Z	
v2-rev20240816-2.0.0	automatic	com.google.apis	google-api-services-run	2024-08-23T08:13:02Z	
v2-rev20240823-2.0.0	automatic	com.google.apis	google-api-services-run	2024-08-31T08:07:28Z	
v2-rev20240831-2.0.0	automatic	com.google.apis	google-api-services-run	2024-09-07T08:10:40Z	
v1-rev20240916-2.0.0	automatic	com.google.apis	google-api-services-run	2024-09-20T08:09:56Z	
v2-rev20240916-2.0.0	automatic	com.google.apis	google-api-services-run	2024-09-21T08:14:20Z	
v1-rev20240927-2.0.0	automatic	com.google.apis	google-api-services-run	2024-10-04T08:11:24Z	
v2-rev20240927-2.0.0	automatic	com.google.apis	google-api-services-run	2024-10-04T08:12:17Z	
v1-rev20241004-2.0.0	automatic	com.google.apis	google-api-services-run	2024-10-13T08:35:56Z	
v2-rev20241004-2.0.0	automatic	com.google.apis	google-api-services-run	2024-10-13T08:36:45Z	
v2-rev20241011-2.0.0	automatic	com.google.apis	google-api-services-run	2024-10-18T20:09:49Z	
v2-rev20241025-2.0.0	automatic	com.google.apis	google-api-services-run	2024-10-31T08:12:18Z	
v2-rev20241109-2.0.0	automatic	com.google.apis	google-api-services-run	2024-11-18T21:25:27Z	
v2-rev20241115-2.0.0	automatic	com.google.apis	google-api-services-run	2024-11-27T09:10:04Z	
v2-rev20241206-2.0.0	automatic	com.google.apis	google-api-services-run	2024-12-12T09:18:31Z	
v2-rev20241213-2.0.0	automatic	com.google.apis	google-api-services-run	2024-12-19T09:08:14Z	
v2-rev20250103-2.0.0	automatic	com.google.apis	google-api-services-run	2025-01-10T09:06:16Z	
v1-rev20250117-2.0.0	automatic	com.google.apis	google-api-services-run	2025-01-24T09:12:17Z	
v2-rev20250117-2.0.0	automatic	com.google.apis	google-api-services-run	2025-01-25T09:14:32Z	
v2-rev20250124-2.0.0	automatic	com.google.apis	google-api-services-run	2025-02-01T09:19:35Z	
v1-rev20250131-2.0.0	automatic	com.google.apis	google-api-services-run	2025-02-06T09:05:56Z	
v2-rev20250131-2.0.0	automatic	com.google.apis	google-api-services-run	2025-02-08T09:31:21Z	
v1-rev20250207-2.0.0	automatic	com.google.apis	google-api-services-run	2025-02-13T09:11:46Z	
v2-rev20250207-2.0.0	automatic	com.google.apis	google-api-services-run	2025-02-14T09:06:51Z	
v1-rev20250214-2.0.0	automatic	com.google.apis	google-api-services-run	2025-02-21T09:14:49Z	
v2-rev20250214-2.0.0	automatic	com.google.apis	google-api-services-run	2025-02-22T09:32:00Z	
v2-rev20250223-2.0.0	automatic	com.google.apis	google-api-services-run	2025-03-01T09:09:57Z	
v2-rev20250228-2.0.0	automatic	com.google.apis	google-api-services-run	2025-03-07T09:10:12Z	
v1-rev20250307-2.0.0	automatic	com.google.apis	google-api-services-run	2025-03-09T09:24:52Z	
v1-rev20250309-2.0.0	automatic	com.google.apis	google-api-services-run	2025-03-14T08:23:26Z	
v2-rev20250309-2.0.0	automatic	com.google.apis	google-api-services-run	2025-03-14T08:24:15Z	
v2-rev20250314-2.0.0	automatic	com.google.apis	google-api-services-run	2025-03-21T08:08:28Z	
v1-rev20250321-2.0.0	automatic	com.google.apis	google-api-services-run	2025-03-27T08:25:53Z	
v2-rev20250321-2.0.0	automatic	com.google.apis	google-api-services-run	2025-03-27T08:26:46Z	
v1-rev20250411-2.0.0	automatic	com.google.apis	google-api-services-run	2025-04-23T22:03:10Z	
v2-rev20250411-2.0.0	automatic	com.google.apis	google-api-services-run	2025-04-23T22:05:03Z	
v1-rev20250425-2.0.0	automatic	com.google.apis	google-api-services-run	2025-05-02T08:40:07Z	
v2-rev20250425-2.0.0	automatic	com.google.apis	google-api-services-run	2025-05-02T08:41:43Z	
v2-rev20250504-2.0.0	automatic	com.google.apis	google-api-services-run	2025-05-10T08:42:32Z	
v1-rev20250509-2.0.0	automatic	com.google.apis	google-api-services-run	2025-05-17T08:16:07Z	
v2-rev20250509-2.0.0	automatic	com.google.apis	google-api-services-run	2025-05-17T08:17:07Z	
v1-rev20250606-2.0.0	automatic	com.google.apis	google-api-services-run	2025-06-18T18:19:11Z	
v2-rev20250606-2.0.0	automatic	com.google.apis	google-api-services-run	2025-06-18T18:20:22Z	
v2-rev20250620-2.0.0	automatic	com.google.apis	google-api-services-run	2025-06-26T08:09:23Z	
v1-rev20250704-2.0.0	automatic	com.google.apis	google-api-services-run	2025-07-10T08:12:56Z	
v2-rev20250704-2.0.0	automatic	com.google.apis	google-api-services-run	2025-07-12T08:19:18Z	
v2-rev20250712-2.0.0	automatic	com.google.apis	google-api-services-run	2025-07-17T08:11:04Z	
v2-rev20250718-2.0.0	automatic	com.google.apis	google-api-services-run	2025-07-26T08:22:46Z	
v1-rev20250801-2.0.0	automatic	com.google.apis	google-api-services-run	2025-08-10T08:15:02Z	
v2-rev20250801-2.0.0	automatic	com.google.apis	google-api-services-run	2025-08-10T08:16:16Z	
v2-rev20250808-2.0.0	automatic	com.google.apis	google-api-services-run	2025-08-15T08:17:27Z	
v1-rev20250818-2.0.0	automatic	com.google.apis	google-api-services-run	2025-08-22T08:34:35Z	
v2-rev20250818-2.0.0	automatic	com.google.apis	google-api-services-run	2025-08-22T08:35:49Z	
v1-rev20250822-2.0.0	automatic	com.google.apis	google-api-services-run	2025-08-29T08:19:08Z	
v2-rev20250829-2.0.0	automatic	com.google.apis	google-api-services-run	2025-09-05T08:16:10Z	
v1-rev20250829-2.0.0	automatic	com.google.apis	google-api-services-run	2025-09-06T08:33:35Z	
v1-rev20250905-2.0.0	automatic	com.google.apis	google-api-services-run	2025-09-12T08:31:36Z	
v2-rev20250905-2.0.0	automatic	com.google.apis	google-api-services-run	2025-09-13T08:17:44Z	
v1-rev20250912-2.0.0	automatic	com.google.apis	google-api-services-run	2025-09-20T08:23:30Z	
v1-rev20250929-2.0.0	automatic	com.google.apis	google-api-services-run	2025-10-04T08:39:16Z	
v2-rev20250929-2.0.0	automatic	com.google.apis	google-api-services-run	2025-10-04T08:40:22Z	
v1-rev20251003-2.0.0	automatic	com.google.apis	google-api-services-run	2025-10-10T08:34:09Z	
v2-rev20251003-2.0.0	automatic	com.google.apis	google-api-services-run	2025-10-11T08:37:21Z	
v2-rev20251019-2.0.0	automatic	com.google.apis	google-api-services-run	2025-10-24T09:00:33Z	
v1-rev20251024-2.0.0	automatic	com.google.apis	google-api-services-run	2025-11-01T08:43:28Z	
v2-rev20251024-2.0.0	automatic	com.google.apis	google-api-services-run	2025-11-01T08:44:23Z	
v1-rev20251031-2.0.0	automatic	com.google.apis	google-api-services-run	2025-11-07T09:37:26Z	
v2-rev20251031-2.0.0	automatic	com.google.apis	google-api-services-run	2025-11-07T09:38:20Z	
v1-rev20251107-2.0.0	automatic	com.google.apis	google-api-services-run	2025-11-14T09:28:05Z	
v2-rev20251107-2.0.0	automatic	com.google.apis	google-api-services-run	2025-11-15T09:37:34Z	
v1-rev20251202-2.0.0	automatic	com.google.apis	google-api-services-run	2025-12-12T10:28:52Z	
v2-rev20251202-2.0.0	automatic	com.google.apis	google-api-services-run	2025-12-12T10:29:50Z	
v2-rev20251205-2.0.0	automatic	com.google.apis	google-api-services-run	2025-12-13T09:09:47Z	
v1-rev20260306-2.0.0	automatic	com.google.apis	google-api-services-run	2026-03-15T08:42:10Z	
v2-rev20260306-2.0.0	automatic	com.google.apis	google-api-services-run	2026-03-15T08:43:23Z	
v1-rev20260320-2.0.0	automatic	com.google.apis	google-api-services-run	2026-03-27T08:11:59Z	
v2-rev20260320-2.0.0	automatic	com.google.apis	google-api-services-run	2026-03-27T08:12:53Z	
v1-rev20260327-2.0.0	automatic	com.google.apis	google-api-services-run	2026-04-06T08:12:32Z	
v2-rev20260327-2.0.0	automatic	com.google.apis	google-api-services-run	2026-04-06T08:13:25Z	
v1-rev20260403-2.0.0	automatic	com.google.apis	google-api-services-run	2026-04-10T08:02:47Z	
v2-rev20260403-2.0.0	automatic	com.google.apis	google-api-services-run	2026-04-10T08:03:44Z	
v1-rev20260427-2.0.0	automatic	com.google.apis	google-api-services-run	2026-05-02T08:10:49Z	
v2-rev20260427-2.0.0	automatic	com.google.apis	google-api-services-run	2026-05-02T08:11:46Z	
v1-rev20260501-2.0.0	automatic	com.google.apis	google-api-services-run	2026-05-07T08:15:54Z	
v2-rev20260501-2.0.0	automatic	com.google.apis	google-api-services-run	2026-05-07T08:16:47Z	
v1-rev20260512-2.0.0	automatic	com.google.apis	google-api-services-run	2026-05-15T08:22:54Z	
v2-rev20260512-2.0.0	automatic	com.google.apis	google-api-services-run	2026-05-15T08:23:52Z	
v1-rev20260522-2.0.0	automatic	com.google.apis	google-api-services-run	2026-05-28T08:08:55Z	
v2-rev20260522-2.0.0	automatic	com.google.apis	google-api-services-run	2026-05-28T08:09:48Z	
v1-rev20260529-2.0.0	automatic	com.google.apis	google-api-services-run	2026-06-08T08:21:33Z	
v2-rev20260529-2.0.0	automatic	com.google.apis	google-api-services-run	2026-06-08T08:22:26Z	
v1-rev20260603-2.0.0	automatic	com.google.apis	google-api-services-run	2026-06-11T20:08:21Z	
v2-rev20260603-2.0.0	automatic	com.google.apis	google-api-services-run	2026-06-11T20:09:16Z	
v1-rev20260612-2.0.0	automatic	com.google.apis	google-api-services-run	2026-06-20T08:28:15Z	
v2-rev20260612-2.0.0	automatic	com.google.apis	google-api-services-run	2026-06-20T08:29:09Z	
v1-rev20260619-2.0.0	automatic	com.google.apis	google-api-services-run	2026-06-27T08:23:12Z	
v2-rev20260619-2.0.0	automatic	com.google.apis	google-api-services-run	2026-06-27T08:24:06Z	
v1-rev20260629-2.0.0	automatic	com.google.apis	google-api-services-run	2026-07-01T08:14:20Z	
v2-rev20260713-2.0.0	automatic	com.google.apis	google-api-services-run	2026-07-17T02:44:45Z	
v1-rev20260713-2.0.0	automatic	com.google.apis	google-api-services-run	2026-07-17T02:44:45Z	
v2-rev20260717-2.0.0	automatic	com.google.apis	google-api-services-run	2026-07-30T02:28:59Z	
v1-rev20260807-2.0.0	automatic	com.google.apis	google-api-services-run	2026-08-13T08:07:00Z	
v2-rev20260807-2.0.0	automatic	com.google.apis	google-api-services-run	2026-08-13T08:07:54Z	
v1-rev20260814-2.0.0	automatic	com.google.apis	google-api-services-run	2026-08-19T08:07:25Z	
v2-rev20260814-2.0.0	automatic	com.google.apis	google-api-services-run	2026-08-19T08:08:22Z	
v1-rev20260822-2.0.0	automatic	com.google.apis	google-api-services-run	2026-08-27T08:11:40Z	
v2-rev20260828-2.0.0	automatic	com.google.apis	google-api-services-run	2026-09-04T02:33:31Z	
v1-rev20260904-2.0.0	automatic	com.google.apis	google-api-services-run	2026-09-10T08:08:06Z	
v2-rev20260904-2.0.0	automatic	com.google.apis	google-api-services-run	2026-09-10T08:09:04Z	
v1-rev20260917-2.0.0	automatic	com.google.apis	google-api-services-run	2026-09-24T01:43:53Z	
v2-rev20260917-2.0.0	automatic	com.google.apis	google-api-services-run	2026-09-29T02:08:52Z	
v1-rev20260925-2.0.0	automatic	com.google.apis	google-api-services-run	2026-10-01T03:44:31Z	
