0.1.0		2026-03-24T13:07:33Z	
0.2.0		2026-03-25T01:08:01Z	
0.2.1		2026-03-25T11:44:16Z	
