0.4.2		2020-07-19T15:10:16Z	
0.4.2	jar-with-dependencies	2020-07-19T15:10:02Z	
0.4.3		2020-12-21T11:30:21Z	
0.4.3	jar-with-dependencies	2020-12-21T11:30:22Z	
0.4.5		2020-12-21T15:05:12Z	
0.4.5	jar-with-dependencies	2020-12-21T15:05:18Z	
