5.5.5		2025-04-30T16:15:11Z	
