0.0.1-rc2		2026-02-14T05:27:43Z	
0.0.1-rc3		2026-02-14T06:00:30Z	
0.0.1-rc4		2026-02-14T06:22:29Z	
0.0.1-rc5		2026-02-14T11:59:46Z	
