1.0-RELEASE		2016-09-07T12:41:22Z	
1.1-RELEASE		2016-11-07T16:48:53Z	
