1.3	named	com.dorkbox	Crypto
1.2	named	com.dorkbox	Crypto
1.1	named	com.dorkbox	Crypto
1.0	named	com.dorkbox	Crypto
