0.0.1	named	com.sshtools	liftlib	2023-05-22T23:10:18Z	0.0.1
0.9.0	named	com.sshtools	liftlib	2023-09-02T15:51:15Z	0.9.0
0.9.1	named	com.sshtools	liftlib	2023-10-02T15:34:43Z	0.9.1
0.9.2	named	com.sshtools	liftlib	2023-10-15T09:19:35Z	0.9.2
0.9.3	named	com.sshtools	liftlib	2023-10-15T10:49:33Z	0.9.3
0.9.4	named	com.sshtools	liftlib	2023-10-15T15:49:34Z	0.9.4
0.9.5	named	com.sshtools	liftlib	2023-10-17T11:19:53Z	0.9.5
0.9.6	named	com.sshtools	liftlib	2024-01-04T15:08:45Z	0.9.6
0.9.7	named	com.sshtools	liftlib	2024-01-15T15:58:35Z	0.9.7
0.9.8	named	com.sshtools	liftlib	2024-01-17T12:19:44Z	0.9.8
0.9.9	named	com.sshtools	liftlib	2024-01-19T14:04:22Z	0.9.9
0.9.10	named	com.sshtools	liftlib	2024-01-26T23:44:43Z	0.9.10
0.9.11	named	com.sshtools	liftlib	2024-08-08T21:17:49Z	0.9.11
0.9.12	named	com.sshtools	liftlib	2024-08-25T14:26:39Z	0.9.12
0.9.13	named	com.sshtools	liftlib	2025-02-27T22:34:09Z	0.9.13
0.9.14	named	com.sshtools	liftlib	2025-10-26T11:35:07Z	0.9.14
0.9.15	named	com.sshtools	liftlib	2026-06-25T23:48:38Z	0.9.15
