3.7.4	com.hexagonkt	web	3.7.4
3.7.3	com.hexagonkt	web	3.7.3
3.7.2	com.hexagonkt	web	3.7.2
3.7.1	com.hexagonkt	web	3.7.1
3.7.0	com.hexagonkt	web	3.7.0
3.6.6	com.hexagonkt	web	3.6.6
3.6.5	com.hexagonkt	web	3.6.5
3.6.4	com.hexagonkt	web	3.6.4
3.6.3	com.hexagonkt	web	3.6.3
3.6.2	com.hexagonkt	web	3.6.2
3.6.1	com.hexagonkt	web	3.6.1
3.6.0	com.hexagonkt	web	3.6.0
3.5.3	com.hexagonkt	web	3.5.3
3.5.2	com.hexagonkt	web	3.5.2
3.5.1	com.hexagonkt	web	3.5.1
3.5.0	com.hexagonkt	web	3.5.0
3.4.7	com.hexagonkt	web	3.4.7
3.4.6	com.hexagonkt	web	3.4.6
3.4.5	com.hexagonkt	web	3.4.5
3.4.4	com.hexagonkt	web	3.4.4
3.4.3	com.hexagonkt	web	3.4.3
3.4.2	com.hexagonkt	web	3.4.2
3.4.1	com.hexagonkt	web	3.4.1
3.4.0	com.hexagonkt	web	3.4.0
3.3.1	com.hexagonkt	web	3.3.1
3.3.0	com.hexagonkt	web	3.3.0
