3.0.0		2018-07-07T09:26:05Z	
3.1.0		2018-10-05T21:37:30Z	
3.10.0		2019-05-12T18:33:57Z	
3.10.1		2019-05-14T20:41:31Z	
3.10.2		2019-05-16T03:47:34Z	
3.10.3		2019-06-15T12:31:09Z	
3.11.0		2019-07-05T17:07:55Z	
3.12.0		2019-07-21T14:20:16Z	
3.13.0		2019-09-08T20:14:28Z	
3.14.0		2019-09-21T19:41:38Z	
3.15.0		2019-11-14T18:49:19Z	
3.16.0		2019-12-12T07:05:45Z	
3.17.0		2019-12-29T08:10:17Z	
3.18.0		2020-01-05T01:10:36Z	
3.19.0		2020-01-15T08:22:24Z	
3.2.0		2018-11-02T20:26:38Z	
3.20.0		2020-02-20T19:54:22Z	
3.21.0		2020-03-11T04:20:51Z	
3.22.0		2020-04-08T12:52:19Z	
3.23.0		2020-04-22T17:00:20Z	
3.24.0		2020-04-29T14:27:07Z	
3.25.0		2020-05-27T04:52:27Z	
3.26.0		2020-07-29T04:38:31Z	
3.27.0		2020-09-12T17:01:07Z	
3.28.0		2020-10-27T18:37:30Z	
3.28.1		2020-11-12T20:33:51Z	
3.28.2		2020-11-23T10:13:03Z	
3.29.0		2020-12-11T08:18:54Z	
3.3.0		2018-11-22T16:52:03Z	
3.30.0		2020-12-16T06:25:28Z	
3.30.2		2021-01-04T17:45:22Z	
3.31.0		2021-01-21T05:45:19Z	
3.32.0		2021-02-14T19:38:17Z	
3.33.0		2021-03-20T09:37:45Z	
3.34.0		2021-04-09T13:28:13Z	
3.35.0		2021-05-04T21:38:56Z	
3.36.0		2021-05-18T06:33:42Z	
3.37.0		2021-07-01T08:29:11Z	
3.38.0		2021-07-18T07:01:07Z	
3.39.0		2021-08-08T22:22:18Z	
3.4.0		2018-12-07T10:41:08Z	
3.40.0		2021-08-11T19:57:25Z	
3.5.0		2018-12-16T06:01:44Z	
3.5.1		2018-12-23T06:12:43Z	
3.6.0		2019-02-20T17:18:08Z	
3.6.1		2019-03-04T19:28:26Z	
3.6.2		2019-03-09T06:26:19Z	
3.7.0		2019-03-23T08:07:29Z	
3.8.0		2019-03-25T17:41:34Z	
3.9.0		2019-04-11T03:20:45Z	
3.9.1		2019-04-18T08:19:10Z	
3.9.2		2019-04-27T18:53:37Z	
4.0.0		2026-06-01T14:17:01Z	
4.0.1		2026-06-13T07:36:41Z	
4.0.2		2026-06-17T22:48:54Z	
