0.1.0		2026-08-17T13:04:34Z	
0.1.0-RC1		2026-08-08T09:23:46Z	
1.0.0			
1.0.1			
1.0.2			
1.0.3			
1.0.4			
