2.5.2		2017-05-24T09:54:14Z	
2.5.3		2017-06-19T14:12:40Z	
2.5.4		2017-08-10T13:26:46Z	
2.5.5		2017-09-29T08:58:08Z	
2.5.6		2017-09-29T14:45:00Z	
2.5.7		2017-11-17T15:55:42Z	
2.5.8		2017-12-07T17:19:00Z	
