5.0.0		2021-02-13T19:32:14Z	
5.0.1		2021-02-13T19:33:48Z	
5.1.0		2021-02-13T19:37:19Z	
5.1.1		2021-02-13T19:40:05Z	
5.2.0		2021-02-13T19:42:45Z	
5.3.0		2021-02-13T19:46:02Z	
6.0.0		2021-02-13T19:49:03Z	
6.0.1		2021-02-13T19:52:01Z	
6.1.0		2021-02-13T19:54:59Z	
6.2.0		2021-02-13T19:58:08Z	
6.2.1		2021-02-13T20:01:06Z	
6.3.0		2021-02-13T20:04:04Z	
6.3.1		2021-02-13T20:07:06Z	
6.3.2		2021-02-13T20:10:20Z	
6.3.3		2021-02-13T20:13:19Z	
6.4.0		2021-02-13T20:16:26Z	
6.4.1		2021-02-13T20:19:26Z	
6.5.0		2021-02-13T20:22:29Z	
6.5.1		2021-02-13T20:25:33Z	
6.5.2		2021-02-13T20:28:58Z	
6.5.3		2021-02-13T20:32:48Z	
6.5.4		2021-02-13T20:36:37Z	
6.5.5		2021-02-13T20:40:19Z	
