0.1.4		2017-03-08T08:46:00Z	
0.1.5		2017-03-10T20:52:14Z	
