0.36.0		2020-03-08T14:20:25Z	
0.36.1		2020-03-15T14:24:30Z	
0.37.0		2020-05-04T21:54:44Z	
0.38.0		2020-07-08T16:14:42Z	
0.38.1		2020-07-17T13:23:20Z	
0.38.3		2020-09-08T17:34:54Z	
0.38.4		2020-09-27T20:05:59Z	
0.38.5		2020-11-03T22:33:59Z	
0.38.6		2020-11-07T14:56:56Z	
0.38.7		2020-11-21T14:42:28Z	
0.38.8		2020-12-18T01:09:42Z	
0.38.9		2021-02-03T23:49:47Z	
0.39.0		2021-02-04T03:45:18Z	
0.39.1		2021-02-14T05:45:12Z	
0.39.10		2021-10-28T02:25:52Z	
0.39.11		2021-11-01T16:57:54Z	
0.39.12		2021-11-14T19:37:56Z	
0.39.2		2021-02-24T00:01:19Z	
0.39.3		2021-02-25T03:41:07Z	
0.39.4		2021-05-12T02:47:02Z	
0.39.5		2021-05-25T02:02:26Z	
0.39.6		2021-08-23T00:18:45Z	
0.39.7		2021-08-30T22:32:48Z	
0.39.8		2021-09-20T02:24:16Z	
0.39.9		2021-10-21T21:48:24Z	
0.40.0		2022-01-28T03:54:13Z	
0.40.1		2022-02-05T18:59:42Z	
0.40.10		2022-07-30T02:04:29Z	
0.40.11		2022-10-11T02:22:32Z	
0.40.12		2022-12-04T18:03:55Z	
0.40.13		2023-03-21T18:34:50Z	
0.40.14		2023-03-21T20:07:31Z	
0.40.15		2023-04-16T12:28:41Z	
0.40.16		2023-05-26T03:27:19Z	
0.40.17		2023-06-17T19:42:22Z	
0.40.2		2022-02-20T13:51:49Z	
0.40.3		2022-03-16T01:35:24Z	
0.40.4		2022-03-29T13:07:04Z	
0.40.5		2022-04-03T15:57:47Z	
0.40.6		2022-04-24T17:19:15Z	
0.40.7		2022-04-27T13:26:59Z	
0.40.8		2022-05-31T20:15:42Z	
0.40.9		2022-07-14T12:56:17Z	
0.41.0		2023-08-29T13:57:15Z	
0.41.1		2024-01-24T03:49:53Z	
0.41.2		2024-01-29T04:05:15Z	
0.41.3		2024-02-18T14:38:37Z	
0.41.4		2024-06-13T13:19:49Z	
0.41.5		2024-12-19T02:41:11Z	
0.41.8		2025-01-20T15:05:41Z	
0.43.0		2025-03-11T18:42:18Z	
0.43.6		2025-10-26T21:18:44Z	
0.44.0		2025-11-24T15:40:01Z	
0.44.1		2025-12-23T02:42:41Z	
