0.10.0		2018-04-19T20:35:28Z	
0.11.0		2018-04-26T23:41:44Z	
0.12.0		2018-05-03T22:21:26Z	
0.13.0		2018-05-18T19:57:17Z	
0.14.0		2018-05-24T17:59:59Z	
0.15.0		2018-06-01T21:35:01Z	
0.16.0		2018-06-07T22:20:57Z	
0.17.0		2018-06-14T18:49:47Z	
0.18.0		2018-06-22T07:04:46Z	
0.19.0		2018-07-12T18:47:21Z	
0.2.0		2018-02-27T01:23:02Z	
0.20.0		2018-07-20T02:15:59Z	
0.20.1		2018-07-20T19:56:55Z	
0.21.0		2018-08-01T22:03:14Z	
0.22.0		2018-08-10T05:58:21Z	
0.23.0		2018-08-15T23:18:44Z	
0.24.0		2018-08-23T00:48:19Z	
0.25.0		2018-08-30T23:37:55Z	
0.26.0		2018-09-07T01:10:06Z	
0.27.0		2018-09-13T17:21:37Z	
0.28.0		2018-09-20T23:56:06Z	
0.29.0		2018-09-27T20:22:07Z	
0.3.0		2018-03-06T16:35:49Z	
0.30.0		2018-10-04T17:17:14Z	
0.31.0		2018-10-06T01:06:25Z	
0.32.0		2018-10-11T00:37:18Z	
0.33.0		2018-10-25T21:28:14Z	
0.34.0		2018-11-01T20:32:34Z	
0.35.0		2018-11-07T23:11:53Z	
0.36.0		2018-11-16T00:43:33Z	
0.37.0		2018-11-29T21:24:45Z	
0.38.0		2018-12-07T00:24:58Z	
0.39.0		2018-12-13T23:34:01Z	
0.40.0		2019-01-03T21:40:10Z	
0.41.0		2019-01-07T19:35:13Z	
0.42.0		2019-01-10T22:08:34Z	
0.43.0		2019-01-17T22:26:41Z	
0.44.0		2019-01-23T20:58:43Z	
0.45.0		2019-02-07T20:35:52Z	
0.46.0		2019-02-21T22:51:17Z	
0.47.0		2019-03-04T20:26:16Z	
0.48.0		2019-03-11T19:45:37Z	
0.49.0		2019-03-21T18:31:43Z	
0.5.0		2018-03-16T17:43:47Z	
0.50.0		2019-03-29T19:57:00Z	
0.51.0		2019-04-03T18:58:17Z	
0.52.0		2019-04-04T21:15:14Z	
0.53.0		2019-04-17T19:45:01Z	
0.54.0		2019-04-24T21:04:25Z	
0.55.0		2019-05-01T23:18:06Z	
0.56.0		2019-05-07T18:58:41Z	
0.57.0		2019-05-15T21:43:28Z	
0.58.0		2019-05-22T23:46:30Z	
0.59.0		2019-05-29T19:50:33Z	
0.6.0		2018-03-22T02:19:11Z	
0.60.0		2019-06-06T21:41:00Z	
0.61.0		2019-06-13T22:26:08Z	
0.62.0		2019-06-20T22:29:56Z	
0.63.0		2019-06-26T23:05:46Z	
0.64.0		2019-07-03T18:04:09Z	
0.65.0		2019-07-10T19:38:19Z	
0.66.0		2019-07-18T19:48:07Z	
0.67.0		2019-07-24T22:29:41Z	
0.68.0		2019-07-31T20:02:44Z	
0.69.0		2019-08-07T19:56:22Z	
0.7.0		2018-03-27T18:30:32Z	
0.70.0		2019-08-14T19:57:47Z	
0.71.0		2019-08-22T21:15:06Z	
0.72.0		2019-08-29T00:22:24Z	
0.73.0		2019-09-05T23:44:51Z	
0.74.0		2019-09-11T20:04:31Z	
0.75.0		2019-09-18T23:37:07Z	
0.76.0		2019-09-25T19:28:55Z	
0.79.0		2019-10-03T18:16:47Z	
0.8.0		2018-03-30T21:48:19Z	
0.80.0		2019-10-14T18:08:27Z	
0.81.0		2019-10-25T21:21:38Z	
0.82.0		2019-11-12T19:41:01Z	
0.83.0		2019-12-09T21:51:50Z	
0.83.1		2020-01-09T20:26:04Z	
0.9.0		2018-04-13T20:18:36Z	
1.0.0		2020-01-27T17:53:27Z	
1.0.1		2020-02-06T15:56:28Z	
1.1.0		2020-03-30T19:36:49Z	
1.1.1		2020-04-07T18:43:53Z	
1.1.2		2020-04-13T19:06:04Z	
1.1.3		2020-04-20T23:36:57Z	
1.1.4		2020-05-04T17:24:54Z	
2.0.0		2020-06-23T22:11:29Z	
2.1.0		2020-08-11T17:24:38Z	
2.2.0		2020-10-31T00:21:58Z	
2.2.2		2020-11-17T19:01:11Z	
2.2.3		2020-12-10T01:25:31Z	
2.2.4		2020-12-15T21:41:13Z	
2.2.5		2021-01-06T23:24:45Z	
2.2.6		2021-02-05T00:25:35Z	
2.2.7		2021-02-22T21:54:47Z	
2.2.8		2021-02-26T18:08:24Z	
2.2.9		2021-02-26T20:24:10Z	
2.3.0		2021-03-11T01:53:37Z	
2.3.1		2021-04-12T22:13:00Z	
2.3.2		2021-04-27T01:11:06Z	
2.3.3		2021-05-11T02:02:19Z	
2.3.4		2021-05-14T16:35:09Z	
2.4.0		2021-05-31T22:36:17Z	
2.4.1		2021-06-02T20:35:02Z	
2.4.2		2021-06-04T15:39:49Z	
2.4.3		2021-06-10T23:20:02Z	
2.4.4		2021-07-05T20:37:33Z	
2.4.5		2021-07-06T00:34:17Z	
2.4.6		2021-08-11T01:59:41Z	
3.0.0		2021-08-11T21:00:21Z	
3.0.1		2021-08-11T23:04:05Z	
3.0.10		2021-10-19T02:56:22Z	
3.0.11		2021-10-20T15:41:05Z	
3.0.2		2021-08-23T21:34:41Z	
3.0.3		2021-09-01T00:35:08Z	
3.0.4		2021-09-13T20:32:32Z	
3.0.5		2021-09-14T02:39:15Z	
3.0.6		2021-09-20T20:15:32Z	
3.0.7		2021-09-22T18:35:31Z	
3.0.8		2021-09-29T16:55:46Z	
3.0.9		2021-10-13T15:59:22Z	
3.1.0		2021-12-03T22:03:25Z	
3.1.1		2022-01-07T22:58:51Z	
3.1.2		2022-02-03T21:20:26Z	
3.1.3		2022-03-01T18:37:37Z	
3.1.4		2022-03-03T02:11:49Z	
3.10.0		2022-11-15T20:20:25Z	
3.100.0		2026-08-24T22:30:31Z	
3.101.0			
3.102.0			
3.103.0			
3.11.0		2022-12-12T19:32:17Z	
3.12.0		2023-01-12T19:54:50Z	
3.13.0		2023-01-23T19:44:55Z	
3.14.0		2023-02-03T19:54:04Z	
3.15.0		2023-02-16T21:26:19Z	
3.16.0		2023-03-01T22:06:30Z	
3.17.0		2023-03-17T18:34:52Z	
3.18.0		2023-03-30T18:28:32Z	
3.19.0		2023-04-14T16:21:05Z	
3.2.0		2022-03-29T23:53:06Z	
3.2.1		2022-04-01T18:11:06Z	
3.20.0		2023-04-26T20:38:37Z	
3.21.0		2023-05-11T16:14:47Z	
3.22.0		2023-05-26T22:59:27Z	
3.23.0		2023-06-08T16:08:45Z	
3.24.0		2023-06-23T23:34:12Z	
3.25.0		2023-07-13T17:50:35Z	
3.26.0		2023-07-24T17:06:03Z	
3.27.0		2023-08-08T18:55:17Z	
3.28.0		2023-09-12T19:40:39Z	
3.3.0		2022-04-19T18:17:20Z	
3.3.1		2022-04-21T19:49:20Z	
3.3.2		2022-05-12T20:56:39Z	
3.31.0		2023-09-28T23:34:02Z	
3.32.0		2023-10-11T19:20:39Z	
3.33.0		2023-10-25T18:28:08Z	
3.34.0		2023-11-06T18:11:00Z	
3.35.0		2023-12-04T21:14:57Z	
3.36.0		2023-12-12T23:22:33Z	
3.37.0		2024-01-10T23:15:04Z	
3.38.0		2024-01-23T22:25:30Z	
3.39.0		2024-02-09T16:35:05Z	
3.4.0		2022-06-01T13:49:33Z	
3.40.0		2024-02-20T19:58:41Z	
3.41.0		2024-03-07T05:30:49Z	
3.42.0		2024-03-23T01:23:55Z	
3.43.0		2024-03-29T00:48:42Z	
3.44.0		2024-04-03T00:20:59Z	
3.45.0		2024-04-04T22:48:59Z	
3.46.0		2024-04-26T16:11:54Z	
3.47.0		2024-05-09T01:23:36Z	
3.48.0		2024-05-24T01:29:03Z	
3.49.0		2024-06-07T22:53:19Z	
3.5.0		2022-07-01T16:33:31Z	
3.50.0		2024-06-27T15:37:23Z	
3.51.0		2024-08-01T00:56:18Z	
3.52.0		2024-08-22T00:07:52Z	
3.53.0		2024-09-13T01:40:27Z	
3.55.0		2024-09-27T20:12:27Z	
3.56.0		2024-10-09T20:26:08Z	
3.56.1		2024-10-28T20:54:33Z	
3.57.0		2024-10-28T22:57:36Z	
3.58.0		2024-11-18T21:49:40Z	
3.59.0		2024-12-16T21:13:39Z	
3.6.0		2022-07-13T20:53:25Z	
3.6.1		2022-07-26T19:35:28Z	
3.6.2		2022-07-29T22:05:36Z	
3.6.3		2022-07-30T00:43:48Z	
3.6.4		2022-08-02T22:33:40Z	
3.6.5		2022-08-04T05:19:20Z	
3.6.6		2022-08-04T22:57:24Z	
3.6.7		2022-08-11T00:30:05Z	
3.60.0		2025-01-10T01:50:01Z	
3.61.0		2025-01-29T09:10:57Z	
3.62.0		2025-02-14T00:53:16Z	
3.63.0		2025-02-27T22:55:28Z	
3.64.0		2025-03-19T15:50:36Z	
3.65.0		2025-05-01T00:07:00Z	
3.66.0		2025-05-07T07:51:36Z	
3.67.0		2025-05-15T22:45:44Z	
3.68.0		2025-06-05T07:15:23Z	
3.7.0		2022-09-16T16:17:11Z	
3.7.1		2022-09-20T14:33:48Z	
3.7.2		2022-09-20T20:28:03Z	
3.7.3		2022-09-22T16:17:24Z	
3.7.4		2022-10-03T14:07:14Z	
3.7.5		2022-10-05T18:41:40Z	
3.7.6		2022-10-07T18:27:50Z	
3.70.0		2025-06-20T21:05:34Z	
3.71.0		2025-06-26T18:15:30Z	
3.72.0		2025-07-14T19:33:26Z	
3.74.0		2025-07-30T21:09:28Z	
3.75.0		2025-08-08T19:49:01Z	
3.76.0		2025-08-13T22:45:37Z	
3.77.0		2025-08-26T00:34:50Z	
3.78.0		2025-09-12T06:17:58Z	
3.79.0		2025-09-24T04:12:05Z	
3.8.0		2022-10-17T21:22:56Z	
3.80.0		2025-10-07T23:21:00Z	
3.81.0		2025-10-14T01:54:51Z	
3.82.0		2025-10-21T21:11:11Z	
3.83.0		2025-11-12T18:31:24Z	
3.84.0		2025-11-15T05:03:08Z	
3.85.0		2025-12-16T23:05:41Z	
3.86.0		2026-01-15T06:34:03Z	
3.86.0-rc1		2025-12-18T21:36:05Z	
3.87.0		2026-01-30T21:18:10Z	
3.88.0		2026-02-10T23:32:36Z	
3.89.0		2026-02-14T01:57:46Z	
3.9.0		2022-10-24T22:58:42Z	
3.90.0		2026-02-26T01:31:22Z	
3.91.0		2026-03-12T22:17:15Z	
3.92.0		2026-03-20T20:25:07Z	
3.94.0		2026-04-13T01:30:35Z	
3.95.0		2026-04-14T02:35:57Z	
3.96.0		2026-05-06T16:03:22Z	
3.97.0		2026-06-04T06:39:08Z	
3.98.0		2026-07-08T00:26:51Z	
3.99.0			
