10.0.0.Alpha2		2017-07-24T20:39:16Z	
10.0.0.Beta1		2017-08-27T14:38:29Z	
10.0.0.Beta2		2017-09-17T01:07:33Z	
10.0.0.CR1		2017-10-06T18:09:36Z	
10.0.0.CR2		2017-10-25T14:51:04Z	
10.0.0.Final		2017-11-02T15:10:27Z	
10.0.1		2017-12-06T15:29:14Z	
10.0.2		2018-01-09T15:00:52Z	
10.0.3		2018-02-06T18:12:40Z	
10.0.4		2018-03-14T17:24:55Z	
10.0.5		2018-04-02T00:17:55Z	
10.1.0		2018-01-25T23:17:07Z	
10.1.1		2018-02-27T18:36:13Z	
10.1.2		2018-03-15T18:25:32Z	
10.1.3		2018-04-17T20:13:43Z	
10.1.4		2018-05-22T00:19:44Z	
10.2.0		2018-03-21T18:22:26Z	
10.2.1		2018-04-20T13:33:27Z	
10.2.2		2018-05-23T16:00:48Z	
10.2.3		2018-07-02T21:29:36Z	
10.3.0		2018-05-19T19:28:13Z	
10.3.1		2018-05-21T21:08:33Z	
10.3.2		2018-07-02T19:43:50Z	
10.3.3		2018-07-27T14:33:22Z	
10.3.4		2018-09-02T19:39:24Z	
10.3.5		2018-10-23T16:40:32Z	
11.0.0		2018-07-02T17:55:04Z	
11.0.1		2018-07-27T16:53:18Z	
11.0.2		2018-09-04T12:07:24Z	
11.0.3		2018-11-20T00:07:16Z	
11.1.0		2018-09-04T20:16:01Z	
11.1.1		2018-09-17T14:44:20Z	
11.1.2		2019-01-10T21:43:52Z	
11.2.0		2018-10-23T14:55:18Z	
11.2.1		2018-12-05T15:18:19Z	
11.2.2		2019-02-01T15:56:43Z	
11.2.3		2019-05-03T14:25:01Z	
12.0.0		2019-01-15T16:33:13Z	
12.0.1		2019-02-26T17:27:59Z	
12.0.2		2019-04-30T11:40:31Z	
12.1.0		2019-03-04T17:44:58Z	
12.1.1		2019-04-29T23:41:00Z	
12.1.2		2019-09-23T19:16:28Z	
12.2.0		2019-05-09T16:45:58Z	
12.2.1		2019-06-12T13:29:18Z	
12.2.2		2019-12-14T03:45:18Z	
12.3.0		2019-09-17T03:35:52Z	
12.3.1		2019-11-08T19:54:12Z	
12.3.2		2020-03-04T00:35:35Z	
13.0.1		2019-12-16T20:01:48Z	
13.0.2		2020-01-31T17:50:23Z	
13.0.3		2020-05-21T13:12:50Z	
13.1.0		2020-03-06T13:41:46Z	
13.1.1		2020-05-21T14:52:28Z	
13.1.2		2020-08-12T14:55:53Z	
14.0.0		2020-05-20T13:13:47Z	
14.0.1		2020-07-30T21:09:32Z	
14.0.2		2020-11-13T16:16:18Z	
15.0.0		2020-08-07T17:26:08Z	
15.0.1		2020-11-12T14:26:45Z	
15.0.2		2021-05-07T01:45:59Z	
16.0.0		2020-12-22T16:04:41Z	
