4.3.1.Final		2014-09-05T12:36:05Z	
4.3.2.Final		2014-10-31T10:24:35Z	
5.0.0.Beta1		2014-09-02T10:05:10Z	
5.0.0.Beta2		2014-11-07T15:05:21Z	
5.0.0.Beta3		2015-02-16T20:54:49Z	
5.0.0.CR1		2015-04-17T08:10:37Z	
5.0.0.Final		2015-04-24T08:39:14Z	
