1.0.0-M1		2023-10-12T05:17:48Z	
