3.24.0		2025-06-19T08:22:26Z	
3.24.0.CR1		2025-06-11T14:56:24Z	
3.24.1		2025-06-25T09:51:25Z	
3.24.2		2025-07-02T06:48:00Z	
3.24.3		2025-07-09T09:19:58Z	
3.24.4		2025-07-17T15:01:20Z	
3.24.5		2025-07-23T09:22:33Z	
3.25.0		2025-07-23T09:27:57Z	
3.25.0.CR1		2025-07-16T12:11:41Z	
3.25.1		2025-08-06T14:09:44Z	
3.25.2		2025-08-08T12:50:45Z	
3.25.3		2025-08-13T12:20:02Z	
3.25.4		2025-08-20T09:29:31Z	
3.26.0		2025-08-20T10:13:10Z	
3.26.0.CR1		2025-08-13T12:35:59Z	
3.26.1		2025-08-29T09:32:42Z	
3.26.2		2025-09-03T09:40:52Z	
3.26.3		2025-09-09T12:59:49Z	
3.26.4		2025-09-17T09:30:31Z	
3.27.0		2025-09-17T09:29:17Z	
3.27.0.CR1		2025-09-09T13:26:23Z	
3.27.1		2025-11-12T12:31:26Z	
3.27.2		2026-01-14T10:42:32Z	
3.27.3		2026-03-18T10:37:09Z	
3.27.3.1		2026-05-04T11:47:09Z	
3.27.4		2026-05-20T09:04:52Z	
3.27.4.1		2026-06-17T14:03:53Z	
3.27.5			
3.27.5.1			
3.27.5.2			
3.27.5.3			
3.27.6			
3.28.0		2025-09-17T09:25:42Z	
3.28.0.CR1		2025-09-10T07:03:42Z	
3.28.1		2025-09-24T11:07:53Z	
3.28.2		2025-10-01T13:08:43Z	
3.28.3		2025-10-09T10:58:57Z	
3.28.4		2025-10-16T10:46:09Z	
3.28.5		2025-10-22T10:39:01Z	
3.29.0		2025-10-22T14:07:03Z	
3.29.0.CR1		2025-10-15T20:15:55Z	
3.29.1		2025-11-05T15:10:18Z	
3.29.2		2025-11-08T10:58:58Z	
3.29.3		2025-11-13T15:55:01Z	
3.29.4		2025-11-19T15:34:25Z	
