1.11.0		2020-09-23T02:26:41Z	
1.16.0		2020-01-21T13:16:41Z	
1.16.1		2020-05-07T02:32:02Z	
2.0.6		2020-02-24T22:55:09Z	
2.3.3		2020-04-26T01:18:11Z	
2.4.4		2020-08-25T17:41:13Z	
2.9.2		2021-05-11T04:49:53Z	
