4.1.0.Final		2018-09-17T17:56:11Z	
4.1.1.Final		2018-09-26T15:24:09Z	
4.2.0.Final		2018-09-24T09:44:16Z	
4.2.1.Final		2018-09-26T15:35:29Z	
4.3.0.Final		2018-09-24T10:18:05Z	
4.3.1.Final		2018-09-26T15:46:55Z	
4.4.0.Final		2018-09-26T19:02:17Z	
4.5.0.Final		2018-10-25T16:06:37Z	
4.8.3.Final		2019-02-14T22:13:11Z	
