1.0.0		2019-05-06T05:43:09Z	
