2.4.4		2020-09-29T06:02:59Z	
2.4.5		2021-02-09T10:08:10Z	
2.4.6		2021-02-22T07:37:34Z	
2.4.7		2021-05-18T08:09:51Z	
3.0.0		2021-01-13T10:38:58Z	
3.0.0-RC2		2020-12-10T08:01:28Z	
3.0.1		2021-02-10T11:28:06Z	
3.0.2		2021-02-22T08:14:54Z	
3.0.3		2021-03-26T07:53:50Z	
3.0.4		2021-11-03T06:49:14Z	
3.0.5		2022-05-27T07:30:02Z	
4.0.0		2022-09-05T12:43:22Z	
4.0.0-RC1		2022-01-05T09:56:39Z	
5.0.0		2023-02-24T20:04:38Z	
5.0.0-M1		2022-09-21T01:41:50Z	
5.0.0-M2		2022-09-27T20:24:20Z	
5.0.0-M3		2022-10-05T18:28:20Z	
5.0.0-M4		2022-10-06T14:46:01Z	
5.0.0-M5		2022-10-27T15:06:03Z	
5.0.0-M6		2023-01-20T21:49:49Z	
5.0.0-RC1		2022-05-25T13:19:39Z	
5.0.0-RC2		2022-09-20T23:25:12Z	
5.0.0-RC3		2023-02-06T17:51:22Z	
5.0.0-RC4		2023-02-21T02:43:55Z	
5.0.1		2023-08-01T16:05:22Z	
5.0.1-RC1		2023-07-31T23:49:46Z	
5.1.0		2023-10-16T21:30:38Z	
5.1.0-RC1		2023-08-18T17:27:16Z	
5.1.0-RC2		2023-10-03T22:21:32Z	
5.1.0-RC3		2023-10-11T21:22:03Z	
5.1.0-RC4		2023-10-12T21:11:25Z	
