0.0.1		2023-01-27T11:09:16Z	
0.0.2		2023-04-23T11:12:35Z	
