3.16.1		2020-03-26T11:53:26Z	
3.17.1		2020-04-09T13:04:06Z	
3.17.2		2020-04-15T16:44:21Z	
3.18.0		2020-04-23T08:33:32Z	
3.19.1		2020-05-07T13:15:17Z	
3.20.0		2020-05-20T18:55:55Z	
3.21.0		2020-06-04T07:16:24Z	
3.22.0		2020-06-22T20:29:32Z	
3.23.0		2020-07-07T08:17:54Z	
3.24.0		2020-07-16T10:33:55Z	
3.25.0		2020-07-30T07:51:20Z	
3.26.0		2020-08-13T11:34:43Z	
3.27.0		2020-08-27T09:01:59Z	
3.28.1		2020-09-10T08:05:00Z	
3.29.1		2020-09-24T08:09:14Z	
3.30.0		2020-10-08T10:54:28Z	
3.31.0		2020-10-22T09:45:23Z	
3.32.0		2020-11-05T10:40:56Z	
3.33.0		2020-11-23T22:16:26Z	
3.34.0		2020-12-03T20:47:44Z	
3.34.1		2020-12-09T12:02:56Z	
3.35.0		2020-12-17T10:50:39Z	
3.36.0		2021-01-18T14:50:31Z	
3.37.0		2021-01-28T12:20:05Z	
3.38.0		2021-02-12T17:52:09Z	
3.39.0		2021-03-04T09:22:58Z	
3.40.0		2021-03-19T14:54:14Z	
3.41.0		2021-03-26T11:47:08Z	
3.42.0		2021-04-09T08:13:29Z	
3.43.0		2021-04-22T08:12:17Z	
3.44.1		2021-05-12T21:12:36Z	
3.45.0		2021-05-21T06:35:35Z	
3.46.0		2021-06-03T07:09:41Z	
3.47.0		2021-06-23T15:06:20Z	
3.48.0		2021-07-01T11:11:24Z	
3.49.0		2021-07-15T08:39:38Z	
3.50.0		2021-07-30T18:40:24Z	
3.51.0		2021-08-13T06:51:47Z	
3.52.0		2021-08-26T07:43:29Z	
3.53.0		2021-09-16T08:17:54Z	
3.54.0		2021-09-23T11:49:23Z	
3.55.1		2021-10-07T15:50:13Z	
3.56.0		2021-10-21T09:03:47Z	
3.57.0		2021-11-04T09:07:43Z	
3.58.0		2021-11-18T12:42:01Z	
3.59.0		2021-12-02T14:30:37Z	
3.60.0		2021-12-20T22:28:50Z	
3.61.0		2022-01-13T14:25:28Z	
3.62.0		2022-01-27T12:48:49Z	
3.63.0		2022-02-11T09:58:55Z	
3.64.0		2022-02-24T12:43:34Z	
3.65.0		2022-03-10T10:27:59Z	
3.66.0		2022-03-24T13:43:59Z	
3.67.0		2022-04-14T13:58:06Z	
3.68.0		2022-05-21T08:35:31Z	
3.69.0		2022-06-03T09:20:41Z	
3.70.0		2022-06-22T08:23:37Z	
3.71.0		2022-07-05T22:22:18Z	
3.72.0		2022-07-15T17:43:52Z	
3.73.0		2022-07-28T09:52:31Z	
3.74.0		2022-08-15T09:29:14Z	
3.75.0		2022-09-23T09:38:59Z	
3.76.0		2022-11-09T17:39:38Z	
3.77.0		2022-11-17T10:34:16Z	
3.78.0		2022-12-19T12:44:12Z	
4.0.0		2022-10-14T11:30:15Z	
4.1.0		2022-11-03T18:15:14Z	
4.10.0		2023-03-21T14:56:23Z	
4.11.0		2023-04-03T07:58:53Z	
4.12.0		2023-04-14T07:41:32Z	
4.13.0		2023-05-02T08:17:22Z	
4.14.0		2023-05-12T12:24:58Z	
4.15.0		2023-05-26T19:42:03Z	
4.16.0		2023-06-14T06:47:19Z	
4.17.0		2023-07-05T08:50:22Z	
4.18.0		2023-07-14T13:53:54Z	
4.19.0		2023-07-28T11:04:57Z	
4.2.0		2022-11-17T07:59:27Z	
4.20.0		2023-08-07T07:09:48Z	
4.21.0		2023-08-18T12:46:29Z	
4.22.0		2023-09-06T14:18:46Z	
4.23.0		2023-09-19T07:49:18Z	
4.24.0		2023-09-29T08:34:10Z	
4.25.0		2023-10-16T13:20:22Z	
4.26.0		2023-10-30T08:37:20Z	
4.27.0		2023-11-17T19:52:01Z	
4.28.0		2023-12-05T13:29:38Z	
4.29.0		2024-01-19T23:33:09Z	
4.3.0		2022-12-05T16:26:10Z	
4.30.0		2024-03-01T09:05:43Z	
4.31.0		2024-04-30T09:56:18Z	
4.32.0		2024-06-11T10:16:54Z	
4.4.0		2022-12-19T12:57:07Z	
4.5.0		2022-12-29T08:05:03Z	
4.6.0		2023-02-01T09:12:35Z	
4.7.0		2023-02-09T11:03:03Z	
4.8.0		2023-02-23T10:08:17Z	
4.9.0		2023-03-14T17:05:34Z	
