1.2.1.aghost-fix.20201109		2020-11-12T04:56:42Z	
1.2.1.aghost-fix.20201113		2020-11-13T08:49:17Z	
1.2.1.aghost-fix.20210122		2021-01-22T04:21:53Z	
