1.0.0		2022-06-22T13:39:45Z	
