1.0.0.Alpha		2015-10-22T16:22:16Z	
