1.0.0.Alpha		2015-10-22T16:20:18Z	
