0.1.6		2010-12-07T21:02:37Z	
0.1.8		2010-12-09T05:40:59Z	
0.1.9		2010-12-13T21:55:37Z	
0.2.0		2010-12-15T02:03:23Z	
0.2.3		2011-01-24T17:06:42Z	
