1.1.1		2021-04-08T10:21:26Z	
1.1.2		2021-04-13T03:30:17Z	
