1.3.4-h-1		2013-09-18T00:13:58Z	
