0.1		2012-07-02T16:31:33Z	
