0.1.0		2018-01-11T13:10:34Z	
