1.0.0		2017-01-20T00:39:13Z	
1.1.0		2017-08-15T22:07:03Z	
1.1.1		2019-06-30T20:26:05Z	
