1.1		2021-02-16T13:51:48Z	
1.2		2021-04-19T07:42:27Z	
1.3		2021-09-13T19:50:19Z	
1.4		2022-02-06T03:32:46Z	
