5.0.1		2014-09-09T12:26:31Z	
5.0.10		2014-09-24T15:50:56Z	
5.0.11		2014-09-24T18:10:54Z	
5.0.12		2014-09-25T13:17:46Z	
5.0.2		2014-09-16T08:14:51Z	
5.0.3		2014-09-16T08:40:45Z	
5.0.4		2014-09-16T12:07:28Z	
5.0.5		2014-09-19T09:46:55Z	
5.0.6		2014-09-19T13:45:44Z	
5.0.7		2014-09-19T15:00:09Z	
5.0.8		2014-09-22T10:55:33Z	
5.0.9		2014-09-22T16:42:12Z	
5.1.0		2014-10-01T10:22:06Z	
5.1.1		2014-10-28T08:30:31Z	
5.1.2		2014-10-29T17:06:15Z	
5.1.3		2014-10-30T10:53:33Z	
5.1.4		2014-11-24T13:03:26Z	
5.2.0		2014-12-17T17:32:20Z	
5.2.1		2014-12-18T13:13:30Z	
5.2.2		2015-01-08T15:52:06Z	
5.2.3		2015-01-08T16:58:37Z	
5.2.4		2015-01-09T12:59:16Z	
5.2.5		2015-01-15T20:29:24Z	
5.2.6		2015-10-12T14:27:13Z	
5.2.7		2015-10-12T15:12:25Z	
5.2.8		2015-10-13T09:23:26Z	
5.3.0		2015-11-23T10:22:33Z	
5.3.1		2015-12-16T14:53:43Z	
5.3.2		2016-06-28T16:32:15Z	
5.4.0		2017-01-20T10:37:21Z	
