7.1.2		2018-11-12T04:04:47Z	
7.10.1		2020-06-17T15:41:14Z	
7.10.4		2020-07-30T23:38:24Z	
7.12.13		2021-03-06T06:41:47Z	
7.12.7		2020-12-23T02:18:54Z	
7.14.5		2021-07-18T11:18:30Z	
7.15.4		2021-10-08T08:40:24Z	
7.16.7		2022-02-08T20:16:07Z	
7.18.10		2022-08-17T10:34:22Z	
7.18.6		2022-07-20T09:59:06Z	
7.2.2		2019-01-29T17:18:36Z	
7.20.7		2022-12-27T16:21:28Z	
7.24.0		2024-03-05T14:34:54Z	
7.25.7		2024-10-21T13:28:51Z	
7.27.0		2025-04-23T07:17:29Z	
7.27.2		2025-05-16T13:16:45Z	
7.29.7		2026-05-26T11:18:00Z	
7.4.0		2019-03-20T18:08:24Z	
7.4.4		2019-05-26T23:19:50Z	
7.6.0		2019-09-28T12:21:28Z	
7.7.4		2019-12-17T14:33:14Z	
7.8.0		2020-01-13T20:24:50Z	
7.8.3		2020-01-20T00:40:56Z	
7.8.6		2020-05-09T01:38:02Z	
8.0.0		2026-08-10T13:57:16Z	
8.0.0-alpha.1		2023-07-27T17:00:04Z	
8.0.0-alpha.13		2024-11-13T17:20:52Z	
8.0.0-alpha.4		2023-11-14T17:12:32Z	
8.0.0-alpha.6		2024-02-01T13:21:44Z	
