1.12.0		2017-02-08T22:33:55Z	
