1.44.15		2017-06-27T12:14:19Z	
