0.5.2		2026-01-27T13:45:03Z	
