1.2.1		2015-11-10T14:58:19Z	
1.3.0		2016-03-15T11:22:14Z	
1.4.0		2016-03-15T11:23:34Z	
1.4.1		2016-05-30T13:19:54Z	
3.0.0		2017-06-07T05:55:54Z	
3.0.1		2017-10-04T19:11:08Z	
3.2.0		2020-06-17T05:43:42Z	
3.3.0		2020-06-17T05:43:38Z	
3.3.2		2021-02-16T08:39:09Z	
3.4.1		2023-02-24T09:30:35Z	
3.5.0		2025-08-05T05:01:59Z	
3.5.2		2024-10-30T08:41:36Z	
3.6.0		2026-01-01T08:49:16Z	
4.0.2		2026-01-23T06:58:15Z	
