0.3.8		2020-10-14T15:29:55Z	
