1.3.0		2019-01-01T17:17:20Z	
