0.0.0		2017-05-10T12:31:36Z	
