1.0.3		2018-02-19T02:07:12Z	
