2.0.0		2024-08-19T16:03:48Z	
3.0.0		2025-05-14T03:00:41Z	
