1.0.1		2017-03-14T21:15:51Z	
1.0.2		2017-10-12T08:32:50Z	
