1.1.0		2021-05-06T13:28:51Z	
