2.9.4		2023-03-12T17:35:23Z	
