1.0		2011-03-31T22:33:23Z	
1.1		2012-01-27T11:10:39Z	
1.2		2012-05-17T19:18:51Z	
1.3		2012-06-29T10:45:28Z	
