0.12.0		2023-02-03T15:37:55Z	
0.14.0		2023-05-09T23:29:59Z	
0.14.1		2023-05-13T07:44:16Z	
0.14.2		2023-05-15T22:37:41Z	
0.15.0		2023-10-13T16:21:22Z	
0.15.0-RC1		2023-10-03T21:59:15Z	
0.15.0-RC2		2023-10-05T16:34:59Z	
0.5.0		2022-11-22T22:53:10Z	
