2.10.0		2026-06-23T09:11:13Z	
2.11.0		2026-06-27T16:20:52Z	
2.12.0		2026-06-30T22:43:19Z	
2.13.0			
2.14.0			
2.8.0		2025-11-03T12:15:37Z	
2.8.1		2025-12-15T00:36:17Z	
2.9.0		2026-02-10T07:43:55Z	
