2.0.0		2022-03-28T19:48:56Z	
2.1.0		2022-06-26T09:56:30Z	
