0.1.0		2026-07-01T03:36:51Z	
