2.0-RC1		2020-02-23T02:32:14Z	
2.0-RC4		2020-09-06T16:51:53Z	
