0.0.14		2022-10-01T14:10:40Z	
