0.2.0		2018-11-19T23:28:28Z	
