0.10.0-incubating		2012-06-21T08:08:00Z	
0.11.0		2013-01-22T20:45:41Z	
0.12.0		2014-02-24T14:17:14Z	
0.9.0-incubating		2012-05-07T21:15:07Z	
1.0.0		2016-09-16T10:09:39Z	
