0.5.0		2019-08-07T22:30:51Z	
0.6.0		2020-02-25T16:18:21Z	
0.6.1		2021-03-23T17:00:00Z	
