1.10.0		2023-02-23T21:02:00Z	
1.10.1		2023-02-24T16:00:02Z	
1.10.2		2023-02-27T18:34:20Z	
1.10.3		2023-02-28T17:51:31Z	
1.10.4		2023-03-21T14:26:41Z	
1.10.5		2023-04-10T14:29:09Z	
1.10.6		2023-04-11T13:05:58Z	
1.10.7		2023-04-21T17:53:35Z	
1.10.8		2023-05-22T14:10:03Z	
1.10.9		2023-05-24T18:44:26Z	
1.11.0		2023-05-24T19:21:37Z	
1.11.1		2023-05-24T20:05:27Z	
1.11.2		2023-06-02T13:57:00Z	
1.12.0		2023-06-16T16:08:41Z	
1.12.1		2023-06-27T18:43:41Z	
1.12.2		2023-07-07T15:53:29Z	
1.12.3		2023-07-10T02:24:15Z	
1.12.4		2023-07-16T22:31:14Z	
1.12.5		2023-08-05T13:32:21Z	
1.12.6		2023-08-16T18:46:42Z	
1.12.7		2023-11-17T18:04:24Z	
1.12.8		2023-11-22T23:53:07Z	
1.13.0		2024-01-09T14:33:40Z	
1.13.1		2024-01-23T02:52:10Z	
1.14.0		2024-02-15T16:50:42Z	
1.14.1		2024-02-19T18:14:41Z	
1.14.2		2024-03-26T20:06:10Z	
1.14.3		2024-04-18T18:13:47Z	
1.14.4		2024-05-06T19:55:52Z	
1.14.5		2024-05-29T19:31:11Z	
1.15.0		2024-06-01T14:54:48Z	
1.15.1		2024-06-01T23:52:23Z	
1.15.2		2024-06-26T23:15:38Z	
1.15.3		2024-07-25T17:20:21Z	
1.15.4		2024-09-06T15:00:04Z	
1.15.5		2024-12-17T17:29:36Z	
1.15.6		2024-12-21T14:54:16Z	
1.15.7		2025-01-20T16:16:06Z	
1.15.8		2025-01-31T14:13:38Z	
1.15.9		2025-01-31T15:43:12Z	
1.16.0		2025-04-04T14:14:26Z	
1.17.0		2025-06-01T13:40:36Z	
1.17.1		2025-06-01T19:44:10Z	
1.17.2		2025-06-14T22:11:53Z	
1.18.0		2025-07-26T01:27:40Z	
1.18.1		2025-07-26T15:58:04Z	
1.18.2		2025-07-26T17:20:37Z	
1.18.3		2025-08-26T18:19:14Z	
1.18.4		2025-10-24T14:04:39Z	
1.19.0		2025-12-09T15:13:26Z	
1.19.1		2026-03-06T15:05:52Z	
1.20.0		2026-03-21T15:55:50Z	
1.20.1		2026-03-22T16:00:55Z	
1.21.2		2026-03-31T19:49:25Z	
1.22.0		2026-04-03T13:26:27Z	
1.23.0		2026-04-13T16:31:32Z	
1.24.0		2026-04-13T23:58:17Z	
1.24.1		2026-04-17T17:58:54Z	
1.25.0		2026-04-19T14:29:48Z	
1.26.0		2026-04-20T17:40:43Z	
1.27.0		2026-05-01T18:59:43Z	
1.28.0		2026-05-05T23:20:38Z	
1.28.1		2026-05-23T22:12:17Z	
1.29.1		2026-05-24T00:34:33Z	
1.29.2		2026-05-24T01:06:22Z	
1.29.3		2026-05-24T01:17:03Z	
1.30.0		2026-06-13T16:57:20Z	
1.30.1			
1.7.1		2022-11-08T17:44:49Z	
1.7.2		2022-11-08T20:44:25Z	
1.7.3		2022-11-09T14:03:59Z	
1.7.4		2022-12-02T20:28:02Z	
1.8.0		2022-12-08T15:38:59Z	
1.8.1		2022-12-09T15:15:41Z	
1.8.10		2022-12-26T18:24:13Z	
1.8.11		2022-12-27T19:20:33Z	
1.8.12		2023-01-10T19:28:05Z	
1.8.13		2023-01-16T16:31:38Z	
1.8.14		2023-01-19T14:48:10Z	
1.8.2		2022-12-09T15:59:46Z	
1.8.3		2022-12-09T19:38:35Z	
1.8.4		2022-12-19T18:12:34Z	
1.8.6		2022-12-19T20:09:04Z	
1.8.7		2022-12-20T18:25:40Z	
1.8.8		2022-12-20T20:53:46Z	
1.8.9		2022-12-26T15:01:19Z	
1.9.0		2023-02-02T18:16:00Z	
