0.10.0		2024-09-24T16:21:52Z	
0.11.0		2024-11-02T09:19:08Z	
0.11.1		2024-11-16T08:33:48Z	
0.11.2		2024-11-29T18:10:19Z	
0.12.0		2025-03-25T06:49:09Z	
0.12.0-RC1		2024-12-31T14:21:48Z	
0.12.0-RC2		2025-01-01T21:55:54Z	
0.12.0-RC3		2025-02-28T08:46:55Z	
0.12.0-RC4		2025-03-21T10:02:01Z	
0.13.0		2025-06-19T18:38:59Z	
0.13.1		2025-07-09T06:07:17Z	
0.13.2		2025-09-30T21:31:21Z	
0.14.0		2025-10-18T09:10:47Z	
0.14.0-RC1		2025-09-11T07:13:27Z	
0.14.0-RC2		2025-09-17T18:09:45Z	
0.14.0-RC3		2025-10-02T08:36:52Z	
0.16.0		2026-01-21T20:44:45Z	
0.16.1		2026-02-08T21:04:06Z	
0.17.0		2026-03-07T17:12:00Z	
0.18.0		2026-04-11T11:40:49Z	
0.19.0		2026-05-10T13:36:32Z	
0.19.0-RC1		2026-04-20T12:28:22Z	
0.19.1		2026-08-09T17:38:25Z	
0.19.2		2026-08-27T09:54:17Z	
0.19.3		2026-09-18T14:51:09Z	
0.19.4			
0.7.0		2024-05-05T08:38:21Z	
0.8.0		2024-06-03T07:53:40Z	
0.8.1		2024-07-27T09:56:20Z	
0.9.0		2024-08-31T11:36:55Z	
