0.18.0		2026-04-11T11:40:46Z	
0.19.0		2026-05-10T13:36:33Z	
0.19.0-RC1		2026-04-20T12:28:19Z	
0.19.1		2026-08-09T17:38:22Z	
0.19.2		2026-08-27T09:54:18Z	
0.19.3		2026-09-18T14:51:09Z	
0.19.4			
