0.7		2020-08-04T20:26:42Z	
