27.0.0-M1	named	io.helidon.config.metadata	helidon-config-metadata-codegen
4.5.5	named	io.helidon.config.metadata	helidon-config-metadata-codegen
4.5.4	named	io.helidon.config.metadata	helidon-config-metadata-codegen
4.5.3	named	io.helidon.config.metadata	helidon-config-metadata-codegen
4.5.2	named	io.helidon.config.metadata	helidon-config-metadata-codegen
4.5.1	named	io.helidon.config.metadata	helidon-config-metadata-codegen
4.5.1-M1	named	io.helidon.config.metadata	helidon-config-metadata-codegen
4.5.0	named	io.helidon.config.metadata	helidon-config-metadata-codegen
4.5.0-M1	named	io.helidon.config.metadata	helidon-config-metadata-codegen
4.4.1	named	io.helidon.config.metadata	helidon-config-metadata-codegen
4.4.0	named	io.helidon.config.metadata	helidon-config-metadata-codegen
4.4.0-M3	named	io.helidon.config.metadata	helidon-config-metadata-codegen
4.4.0-M2	named	io.helidon.config.metadata	helidon-config-metadata-codegen
4.4.0-M1	named	io.helidon.config.metadata	helidon-config-metadata-codegen
4.3.4	named	io.helidon.config.metadata	helidon-config-metadata-codegen
4.3.3	named	io.helidon.config.metadata	helidon-config-metadata-codegen
4.3.2	named	io.helidon.config.metadata	helidon-config-metadata-codegen
4.3.1	named	io.helidon.config.metadata	helidon-config-metadata-codegen
4.3.0	named	io.helidon.config.metadata	helidon-config-metadata-codegen
4.3.0-M4	named	io.helidon.config.metadata	helidon-config-metadata-codegen
4.3.0-M3	named	io.helidon.config.metadata	helidon-config-metadata-codegen
4.3.0-M2	named	io.helidon.config.metadata	helidon-config-metadata-codegen
4.3.0-M1	named	io.helidon.config.metadata	helidon-config-metadata-codegen
4.2.7	named	io.helidon.config.metadata	helidon-config-metadata-codegen
4.2.6	named	io.helidon.config.metadata	helidon-config-metadata-codegen
4.2.5	named	io.helidon.config.metadata	helidon-config-metadata-codegen
4.2.4	named	io.helidon.config.metadata	helidon-config-metadata-codegen
4.2.3	named	io.helidon.config.metadata	helidon-config-metadata-codegen
4.2.2	named	io.helidon.config.metadata	helidon-config-metadata-codegen
4.2.1	named	io.helidon.config.metadata	helidon-config-metadata-codegen
4.2.0	named	io.helidon.config.metadata	helidon-config-metadata-codegen
4.1.7	named	io.helidon.config.metadata	helidon-config-metadata-codegen
4.1.6	named	io.helidon.config.metadata	helidon-config-metadata-codegen
4.1.5	named	io.helidon.config.metadata	helidon-config-metadata-codegen
4.1.4	named	io.helidon.config.metadata	helidon-config-metadata-codegen
4.1.3	named	io.helidon.config.metadata	helidon-config-metadata-codegen
4.1.2	named	io.helidon.config.metadata	helidon-config-metadata-codegen
4.1.1	named	io.helidon.config.metadata	helidon-config-metadata-codegen
4.1.0	named	io.helidon.config.metadata	helidon-config-metadata-codegen
