0.3		2022-02-15T03:56:22Z	
