1.1.0		2012-12-22T14:12:44Z	
