0.1.0		2019-05-19T16:51:50Z	
