2.0.0		2016-04-13T12:31:55Z	
