1.18.0		2019-05-26T01:01:36Z	
