2.1.0.1-LIFERAY-PATCHED-1		2023-12-14T21:58:24Z	
