1.0.0		2021-04-27T14:49:33Z	
1.1.0		2021-05-17T10:24:07Z	
1.2.0		2021-07-19T17:52:46Z	
1.3.0		2021-09-09T10:45:55Z	
2.0.0		2021-11-09T12:52:13Z	
2.1.0		2021-11-19T11:03:40Z	
2.2.0		2022-02-04T13:47:16Z	
2.3.0		2022-03-11T10:50:51Z	
2.4.0		2022-04-29T12:08:13Z	
2.5.0		2022-06-30T09:33:14Z	
2.6.0		2023-02-08T12:50:29Z	
