0.3.0		2016-10-26T17:29:51Z	
