.30.0.rc1			
.30.0.rc18			
.30.0.rc5			
3.21.14		2025-04-25T19:51:16Z	
3.21.15		2025-06-13T07:43:06Z	
3.21.16		2025-06-27T06:19:49Z	
3.21.17		2025-07-21T19:00:15Z	
3.21.18		2025-07-25T06:26:44Z	
3.21.19		2025-09-15T03:40:09Z	
3.21.20		2025-10-30T05:41:39Z	
3.21.21		2025-11-25T03:24:02Z	
3.21.22		2025-12-19T17:18:45Z	
3.21.23		2026-01-10T19:56:24Z	
3.21.24-rc.1		2026-02-03T20:13:30Z	
3.21.24-rc1		2026-01-19T06:15:01Z	
3.22.0		2026-03-01T18:07:07Z	
3.22.1		2026-03-09T23:15:32Z	
3.22.2		2026-03-10T16:29:35Z	
3.22.3		2026-03-18T17:13:18Z	
3.23.0		2026-03-26T18:46:03Z	
3.3.0.rc2		2026-03-28T17:34:14Z	
3.3.0.rc3		2026-03-28T22:03:23Z	
3.3.0.rc4		2026-03-31T14:39:18Z	
3.3.0.rc5		2026-04-02T06:18:13Z	
3.3.0.rc6		2026-04-04T22:18:07Z	
3.3.0.rc7		2026-04-06T06:02:02Z	
3.3.0.rc8		2026-04-06T21:15:54Z	
3.30.0		2026-05-21T21:39:05Z	
3.30.0.rc1		2026-04-13T06:37:29Z	
3.30.0.rc10		2026-05-05T14:50:11Z	
3.30.0.rc11		2026-05-07T17:16:07Z	
3.30.0.rc12		2026-05-08T01:07:41Z	
3.30.0.rc13		2026-05-14T10:45:47Z	
3.30.0.rc14		2026-05-14T15:45:57Z	
3.30.0.rc15		2026-05-15T18:35:14Z	
3.30.0.rc16		2026-05-18T22:26:24Z	
3.30.0.rc17		2026-05-20T15:23:48Z	
3.30.0.rc18		2026-05-21T18:32:24Z	
3.30.0.rc2		2026-04-17T19:41:55Z	
3.30.0.rc3		2026-04-22T15:36:15Z	
3.30.0.rc4		2026-04-27T21:57:58Z	
3.30.0.rc5		2026-04-28T19:25:23Z	
3.30.0.rc6		2026-04-29T03:53:35Z	
3.30.0.rc7		2026-05-01T19:44:00Z	
3.30.0.rc8		2026-05-04T06:17:17Z	
3.30.0.rc9		2026-05-04T22:34:57Z	
3.30.1		2026-05-22T06:42:27Z	
3.30.2		2026-06-03T03:46:02Z	
3.31.0		2026-06-26T00:09:18Z	
3.31.0-rc.2		2026-06-04T23:46:30Z	
3.31.0-rc.3		2026-06-12T21:42:28Z	
3.31.0-rc.4		2026-06-17T19:38:17Z	
3.31.0-rc.5		2026-06-24T06:25:40Z	
3.31.0-rc1		2026-05-22T22:49:05Z	
3.31.0-rc6		2026-06-24T08:07:42Z	
3.31.0-rc7		2026-06-24T10:04:38Z	
3.32.0		2026-08-11T16:54:00Z	
3.32.0-rc.1		2026-06-30T02:46:13Z	
3.32.0-rc.10			
3.32.0-rc.11			
3.32.0-rc.12			
3.32.0-rc.13			
3.32.0-rc.14			
3.32.0-rc.15			
3.32.0-rc.16			
3.32.0-rc.2		2026-06-30T03:12:57Z	
3.32.0-rc.20			
3.32.0-rc.21			
3.32.0-rc.22			
3.32.0-rc.23		2026-08-04T22:10:04Z	
3.32.0-rc.25		2026-08-10T21:02:46Z	
3.32.0-rc.26		2026-08-18T21:22:03Z	
3.32.0-rc.27		2026-08-20T18:27:20Z	
3.32.0-rc.28		2026-08-27T16:34:13Z	
3.32.0-rc.29			
3.32.0-rc.3		2026-06-30T07:33:40Z	
3.32.0-rc.30			
3.32.0-rc.4			
3.32.0-rc.5			
3.32.0-rc.6			
3.32.0-rc.7			
3.32.0-rc.8			
3.32.0-rc.9			
3.32.0-rc17			
3.32.0-rc18			
3.32.0-rc19			
3.32.0-rc20			
3.32.1		2026-08-12T20:17:44Z	
3.32.2			
3.32.2.rc1		2026-08-25T18:52:38Z	
3.32.2.rc2		2026-08-25T19:13:33Z	
3.32.2.rc3		2026-08-27T20:08:54Z	
3.32.2.rc5			
3.32.3			
3.32.4			
3.32.5			
3.33.0-rc1			
3.33.0-rc10			
3.33.0-rc2			
3.33.0-rc3			
3.33.0-rc4			
3.33.0-rc5			
3.33.0-rc6			
3.33.0-rc7			
3.33.0-rc8			
3.33.0-rc9			
3.4.0		2026-08-07T19:35:57Z	
4.0.0-alpha.1		2026-08-26T17:21:19Z	
