1.1		2012-11-08T21:36:45Z	
1.2		2013-08-05T18:04:46Z	
2.0		2014-12-16T12:25:15Z	
2.1		2014-12-31T16:30:41Z	
