0.1		2026-07-04T05:22:09Z	
