0.1		2022-07-20T04:16:56Z	
0.2		2022-07-21T10:57:05Z	
0.3		2022-07-22T19:37:00Z	
