0.1.0		2019-06-13T09:20:39Z	
0.1.1		2019-06-13T12:21:41Z	
0.2.0		2019-06-16T02:59:44Z	
2.0.2		2019-06-13T09:31:04Z	
