1.4.1		2021-05-03T20:01:35Z	
1.4.2		2021-05-17T19:06:24Z	
1.5.0		2021-06-11T20:18:49Z	
1.5.1		2021-07-14T22:10:05Z	
1.6.0		2021-08-10T23:57:59Z	
1.7.0		2021-12-17T02:53:14Z	
1.7.1		2021-12-21T21:18:42Z	
1.7.2		2022-01-10T07:17:50Z	
1.8.0		2022-08-30T19:14:40Z	
1.9.0		2023-10-31T06:50:32Z	
1.9.1		2023-11-01T07:04:41Z	
