0.7.0		2021-12-22T08:37:42Z	
0.7.1		2022-04-18T10:12:12Z	
0.8.0		2022-10-16T18:38:26Z	
0.8.1		2022-10-25T10:27:54Z	
0.8.2		2022-11-06T16:21:36Z	
0.8.3		2023-04-13T09:27:31Z	
0.9.0		2023-09-24T14:32:07Z	
