1.0.0		2026-03-05T02:43:39Z	
4.0.3		2026-03-09T05:05:51Z	
