5.2.0		2014-04-23T12:33:42Z	
5.2.0	test-javadoc	2014-04-23T12:33:45Z	
5.2.1		2014-05-14T09:00:25Z	
5.2.1	test-javadoc	2014-05-14T09:00:24Z	
5.2.11		2014-05-21T07:42:17Z	
5.2.11	test-javadoc	2014-05-21T07:43:41Z	
5.2.12		2014-06-03T05:06:56Z	
5.2.12	test-javadoc	2014-06-03T05:07:41Z	
5.2.13		2014-07-15T18:47:35Z	
5.2.13	test-javadoc	2014-07-15T18:47:36Z	
5.2.15		2014-07-23T07:12:18Z	
5.2.15	test-javadoc	2014-07-23T07:13:10Z	
5.2.17		2014-07-23T18:21:05Z	
5.2.17	test-javadoc	2014-07-23T18:21:06Z	
5.2.18		2014-07-24T19:53:43Z	
5.2.18	test-javadoc	2014-07-24T19:53:40Z	
5.2.19		2014-07-28T10:11:41Z	
5.2.19	test-javadoc	2014-07-28T10:11:34Z	
5.2.2		2014-05-20T06:44:01Z	
5.2.2	test-javadoc	2014-05-20T06:43:58Z	
5.2.20		2014-07-28T11:58:26Z	
5.2.20	test-javadoc	2014-07-28T11:58:25Z	
5.2.21		2014-07-30T05:21:44Z	
5.2.21	test-javadoc	2014-07-30T05:21:03Z	
5.2.22		2014-07-30T06:34:26Z	
5.2.22	test-javadoc	2014-07-30T06:33:47Z	
5.2.25		2014-07-30T10:18:02Z	
5.2.25	test-javadoc	2014-07-30T10:18:09Z	
5.2.30		2014-07-30T10:59:04Z	
5.2.30	test-javadoc	2014-07-30T10:59:03Z	
5.2.31		2014-08-19T05:58:44Z	
5.2.31	test-javadoc	2014-08-19T05:58:41Z	
5.2.32		2014-08-20T17:00:33Z	
5.2.32	test-javadoc	2014-08-20T17:00:18Z	
5.2.33		2014-08-21T06:29:04Z	
5.2.33	test-javadoc	2014-08-21T06:29:07Z	
5.2.34		2014-08-25T18:29:16Z	
5.2.34	test-javadoc	2014-08-25T18:29:16Z	
5.2.35		2014-11-19T13:35:23Z	
5.2.35	test-javadoc	2014-11-19T13:35:20Z	
5.2.36		2014-11-27T11:03:39Z	
5.2.36	test-javadoc	2014-11-27T11:03:32Z	
5.2.37		2014-12-03T10:28:46Z	
5.2.37	test-javadoc	2014-12-03T10:28:33Z	
5.2.38		2014-12-03T14:22:34Z	
5.2.38	test-javadoc	2014-12-03T14:22:32Z	
5.2.39		2014-12-15T11:33:24Z	
5.2.39	test-javadoc	2014-12-15T11:33:19Z	
5.2.40		2014-12-16T13:41:43Z	
5.2.40	test-javadoc	2014-12-16T13:41:44Z	
5.2.41		2015-01-28T12:25:05Z	
5.2.41	test-javadoc	2015-01-28T12:25:02Z	
5.2.42		2015-03-23T11:48:46Z	
5.2.42	test-javadoc	2015-03-23T11:48:53Z	
5.2.43		2015-04-05T19:40:58Z	
5.2.43	test-javadoc	2015-04-05T19:41:01Z	
5.2.44		2015-04-06T06:24:29Z	
5.2.44	test-javadoc	2015-04-06T06:24:30Z	
5.2.45		2015-04-16T16:30:03Z	
5.2.45	test-javadoc	2015-04-16T16:30:01Z	
5.2.46		2015-04-17T11:52:32Z	
5.2.46	test-javadoc	2015-04-17T11:52:27Z	
5.2.47		2015-04-20T07:03:58Z	
5.2.47	test-javadoc	2015-04-20T07:03:59Z	
5.2.48		2015-04-21T17:53:11Z	
5.2.48	test-javadoc	2015-04-21T17:53:12Z	
5.2.49		2015-04-22T17:54:45Z	
5.2.49	test-javadoc	2015-04-22T17:54:41Z	
5.2.50		2015-04-23T07:25:36Z	
5.2.50	test-javadoc	2015-04-23T07:25:28Z	
5.2.51		2015-04-27T13:10:11Z	
5.2.51	test-javadoc	2015-04-27T13:10:11Z	
5.2.52		2015-04-27T16:03:39Z	
5.2.52	test-javadoc	2015-04-27T16:03:34Z	
5.2.53		2015-04-29T15:18:11Z	
5.2.53	test-javadoc	2015-04-29T15:18:17Z	
5.2.54		2015-05-15T07:35:19Z	
5.2.54	test-javadoc	2015-05-15T07:35:20Z	
5.2.55		2015-05-15T19:49:58Z	
5.2.55	test-javadoc	2015-05-15T19:49:58Z	
5.2.56		2015-05-18T08:38:09Z	
5.2.56	test-javadoc	2015-05-18T08:38:15Z	
5.2.57		2015-05-21T10:49:31Z	
5.2.57	test-javadoc	2015-05-21T10:49:37Z	
5.2.59		2015-06-04T06:46:43Z	
5.2.59	test-javadoc	2015-06-04T06:46:42Z	
5.2.60		2015-06-11T10:15:56Z	
5.2.60	test-javadoc	2015-06-11T10:15:57Z	
5.2.61		2015-06-15T09:48:23Z	
5.2.61	test-javadoc	2015-06-15T09:48:23Z	
5.2.62		2015-06-19T09:21:22Z	
5.2.62	test-javadoc	2015-06-19T09:21:21Z	
5.2.63		2015-06-24T07:57:29Z	
5.2.63	test-javadoc	2015-06-24T07:57:26Z	
5.2.64		2015-12-09T09:53:26Z	
5.2.64	test-javadoc	2015-12-09T09:53:27Z	
5.2.65		2016-02-26T10:13:29Z	
5.2.65	test-javadoc	2016-02-26T10:13:29Z	
5.2.66		2016-04-06T14:03:58Z	
5.2.66	test-javadoc	2016-04-06T14:03:55Z	
5.2.67		2016-09-05T08:12:43Z	
5.2.67	test-javadoc	2016-09-05T08:12:39Z	
5.2.68		2016-09-09T14:19:22Z	
5.2.68	test-javadoc	2016-09-09T14:19:15Z	
5.2.69		2016-09-15T09:01:17Z	
5.2.69	test-javadoc	2016-09-15T09:01:29Z	
5.3.0.5		2016-12-02T07:34:47Z	
5.3.0.5	test-javadoc	2016-12-02T07:34:49Z	
5.3.0.6		2016-12-03T10:16:12Z	
5.3.0.6	test-javadoc	2016-12-03T10:16:11Z	
5.3.0.7		2016-12-03T11:45:15Z	
5.3.0.7	test-javadoc	2016-12-03T11:45:13Z	
5.3.0.8		2016-12-05T20:57:23Z	
5.3.0.8	test-javadoc	2016-12-05T20:57:24Z	
5.3.1		2017-03-02T11:05:46Z	
5.3.1	test-javadoc	2017-03-02T11:05:46Z	
5.3.10		2018-04-26T06:49:23Z	
5.3.10	test-javadoc	2018-04-26T06:49:27Z	
5.3.11		2018-10-08T09:33:15Z	
5.3.11	test-javadoc	2018-10-08T09:33:16Z	
5.3.12		2019-01-23T14:15:50Z	
5.3.12	test-javadoc	2019-01-23T14:15:49Z	
5.3.13		2019-05-10T11:28:17Z	
5.3.13	test-javadoc	2019-05-10T11:28:20Z	
5.3.2		2017-07-12T10:42:02Z	
5.3.2	test-javadoc	2017-07-12T10:42:01Z	
5.3.3		2017-08-09T10:46:00Z	
5.3.3	test-javadoc	2017-08-09T10:45:59Z	
5.3.4		2017-08-16T07:52:55Z	
5.3.4	test-javadoc	2017-08-16T07:53:03Z	
5.3.5		2017-09-01T13:38:56Z	
5.3.5	test-javadoc	2017-09-01T13:39:07Z	
5.3.6		2017-09-04T11:46:33Z	
5.3.6	test-javadoc	2017-09-04T11:46:45Z	
5.3.7		2017-09-15T15:00:17Z	
5.3.7	test-javadoc	2017-09-15T15:00:21Z	
5.3.8		2017-09-22T12:06:01Z	
5.3.8	test-javadoc	2017-09-22T12:06:03Z	
5.3.9		2018-01-09T11:41:32Z	
5.3.9	test-javadoc	2018-01-09T11:41:34Z	
