1.0		2020-05-17T10:29:29Z	
1.1		2020-05-17T11:16:13Z	
