814.2.1053.0		2022-01-10T16:03:15Z	
821.2.1107.0		2022-04-05T21:00:40Z	
822.2.1181.0		2022-07-25T17:21:39Z	
823.2.1216.0		2022-09-15T17:19:57Z	
825.2.1263.0		2022-11-29T18:04:02Z	
825.2.1283.0		2022-12-28T15:34:17Z	
847.2.1365.0		2023-04-26T05:22:11Z	
847.2.1387.0		2023-05-31T03:07:30Z	
847.2.1398.0		2023-06-16T16:00:06Z	
848.2.1413.0		2023-07-10T16:49:47Z	
857.2.1574.0		2024-03-09T18:52:27Z	
869.2.1616.0		2024-05-09T13:39:12Z	
869.2.1687.0		2024-09-03T20:46:54Z	
871.2.29.35		2024-12-17T18:23:05Z	
871.2.31.23		2025-04-17T14:41:26Z	
871.2.31.64		2025-06-18T21:17:58Z	
871.2.32.15		2025-08-05T08:28:02Z	
871.2.32.2		2025-07-16T18:48:37Z	
871.2.32.20		2025-08-12T08:26:48Z	
871.2.39.3		2025-11-25T08:29:34Z	
871.2.40.4		2025-12-09T08:27:19Z	
871.2.41.30		2026-02-17T08:30:10Z	
871.2.46.6		2026-06-09T09:28:30Z	
871.2.49.4			
871.2.51.4		2026-08-11T08:35:24Z	
