0.1		2020-02-08T12:54:36Z	
0.2		2020-02-14T22:46:58Z	
0.3		2020-05-11T08:51:21Z	
