3.8.3		2025-09-14T02:12:44Z	
3.9.0		2025-11-25T01:45:47Z	
3.9.1		2026-01-21T11:14:33Z	
3.9.2		2026-04-29T06:15:46Z	
