1.1		2025-11-30T10:03:21Z	
1.1	with-dependencies	2025-11-30T10:03:21Z	
