1.8.0		2019-03-22T15:28:27Z	
