0.9		2013-07-23T19:30:49Z	
1.0.0		2019-04-18T18:03:59Z	
