0.1.0		2018-12-22T15:53:34Z	
0.2.0		2018-12-23T05:42:42Z	
0.3.0		2019-01-20T16:42:24Z	
0.4.0		2020-11-30T17:54:44Z	
0.4.3		2020-11-30T20:29:58Z	
1.0.0		2023-01-02T17:30:29Z	
1.1.0		2023-07-01T22:27:03Z	
