0.0.1		2019-07-05T18:54:05Z	
