0.2.0		2019-09-10T16:08:55Z	
0.2.0-M2		2019-06-18T17:06:58Z	
0.2.0-RC1		2019-08-08T00:29:43Z	
0.2.0-RC2		2019-08-28T23:23:18Z	
