2.3.13		2026-02-17T11:37:31Z	
3.0.0			
