5.0.0	named	io.github.sinri	keel-mysql	2026-02-10T03:01:39Z	
5.0.1	named	io.github.sinri	keel-mysql	2026-03-26T08:17:21Z	
5.0.2	named	io.github.sinri	keel-mysql	2026-05-11T11:22:50Z	
5.0.3	named	io.github.sinri	keel-mysql	2026-06-22T06:53:34Z	
