1.0.0		2024-11-16T07:41:44Z	
