0.0.2		2024-01-06T12:58:24Z	
