1.0.0			IOException: Tail request on https://maven-central.storage-download.googleapis.com/maven2/tech/poool/engage-android/1.0.0/engage-android-1.0.0.jar returned status 404
1.1.1			IOException: Tail request on https://maven-central.storage-download.googleapis.com/maven2/tech/poool/engage-android/1.1.1/engage-android-1.1.1.jar returned status 404
1.1.2			IOException: Tail request on https://maven-central.storage-download.googleapis.com/maven2/tech/poool/engage-android/1.1.2/engage-android-1.1.2.jar returned status 404
1.2.0			IOException: Tail request on https://maven-central.storage-download.googleapis.com/maven2/tech/poool/engage-android/1.2.0/engage-android-1.2.0.jar returned status 404
1.2.1			IOException: Tail request on https://maven-central.storage-download.googleapis.com/maven2/tech/poool/engage-android/1.2.1/engage-android-1.2.1.jar returned status 404
1.3.0			IOException: Tail request on https://maven-central.storage-download.googleapis.com/maven2/tech/poool/engage-android/1.3.0/engage-android-1.3.0.jar returned status 404
1.3.1			IOException: Tail request on https://maven-central.storage-download.googleapis.com/maven2/tech/poool/engage-android/1.3.1/engage-android-1.3.1.jar returned status 404
1.3.2			IOException: Tail request on https://maven-central.storage-download.googleapis.com/maven2/tech/poool/engage-android/1.3.2/engage-android-1.3.2.jar returned status 404
1.4.0			IOException: Tail request on https://maven-central.storage-download.googleapis.com/maven2/tech/poool/engage-android/1.4.0/engage-android-1.4.0.jar returned status 404
1.4.1			IOException: Tail request on https://maven-central.storage-download.googleapis.com/maven2/tech/poool/engage-android/1.4.1/engage-android-1.4.1.jar returned status 404
1.4.2			IOException: Tail request on https://maven-central.storage-download.googleapis.com/maven2/tech/poool/engage-android/1.4.2/engage-android-1.4.2.jar returned status 404
1.5.0			IOException: Tail request on https://maven-central.storage-download.googleapis.com/maven2/tech/poool/engage-android/1.5.0/engage-android-1.5.0.jar returned status 404
1.5.1			IOException: Tail request on https://maven-central.storage-download.googleapis.com/maven2/tech/poool/engage-android/1.5.1/engage-android-1.5.1.jar returned status 404
1.5.2			IOException: Tail request on https://maven-central.storage-download.googleapis.com/maven2/tech/poool/engage-android/1.5.2/engage-android-1.5.2.jar returned status 404
1.5.3			IOException: Tail request on https://maven-central.storage-download.googleapis.com/maven2/tech/poool/engage-android/1.5.3/engage-android-1.5.3.jar returned status 404
1.5.4			IOException: Tail request on https://maven-central.storage-download.googleapis.com/maven2/tech/poool/engage-android/1.5.4/engage-android-1.5.4.jar returned status 404
1.5.5			IOException: Tail request on https://maven-central.storage-download.googleapis.com/maven2/tech/poool/engage-android/1.5.5/engage-android-1.5.5.jar returned status 404
1.5.7			IOException: Tail request on https://maven-central.storage-download.googleapis.com/maven2/tech/poool/engage-android/1.5.7/engage-android-1.5.7.jar returned status 404
1.5.8			IOException: Tail request on https://maven-central.storage-download.googleapis.com/maven2/tech/poool/engage-android/1.5.8/engage-android-1.5.8.jar returned status 404
1.6.0			IOException: Tail request on https://maven-central.storage-download.googleapis.com/maven2/tech/poool/engage-android/1.6.0/engage-android-1.6.0.jar returned status 404
1.6.1			IOException: Tail request on https://maven-central.storage-download.googleapis.com/maven2/tech/poool/engage-android/1.6.1/engage-android-1.6.1.jar returned status 404
1.6.2			IOException: Tail request on https://maven-central.storage-download.googleapis.com/maven2/tech/poool/engage-android/1.6.2/engage-android-1.6.2.jar returned status 404
1.7.0		2026-06-09T07:46:26Z	IOException: Tail request on https://maven-central.storage-download.googleapis.com/maven2/tech/poool/engage-android/1.7.0/engage-android-1.7.0.jar returned status 404
1.7.1		2026-06-12T09:10:04Z	IOException: Tail request on https://maven-central.storage-download.googleapis.com/maven2/tech/poool/engage-android/1.7.1/engage-android-1.7.1.jar returned status 404
1.7.2		2026-06-22T10:15:43Z	IOException: Tail request on https://maven-central.storage-download.googleapis.com/maven2/tech/poool/engage-android/1.7.2/engage-android-1.7.2.jar returned status 404
1.8.0		2026-06-30T14:23:26Z	IOException: Tail request on https://maven-central.storage-download.googleapis.com/maven2/tech/poool/engage-android/1.8.0/engage-android-1.8.0.jar returned status 404
1.8.1		2026-06-30T17:10:27Z	IOException: Tail request on https://maven-central.storage-download.googleapis.com/maven2/tech/poool/engage-android/1.8.1/engage-android-1.8.1.jar returned status 404
1.8.2			IOException: Tail request on https://maven-central.storage-download.googleapis.com/maven2/tech/poool/engage-android/1.8.2/engage-android-1.8.2.jar returned status 404
1.9.0		2026-08-03T08:47:23Z	IOException: Tail request on https://maven-central.storage-download.googleapis.com/maven2/tech/poool/engage-android/1.9.0/engage-android-1.9.0.jar returned status 404
