4.0.0		2023-09-01T06:32:27Z	
4.0.1		2023-10-07T01:51:20Z	
4.0.10		2024-03-22T08:27:07Z	
4.0.11		2024-03-25T07:50:29Z	
4.0.12		2024-04-08T05:00:08Z	
4.0.14		2024-06-19T12:36:21Z	
4.0.15		2024-08-28T08:49:49Z	
4.0.16		2024-10-09T06:00:38Z	
4.0.17		2025-03-04T06:13:30Z	
4.0.18		2025-06-19T08:04:11Z	
4.0.19		2025-07-14T08:47:30Z	
4.0.2		2023-10-31T04:04:53Z	
4.0.20		2025-12-16T00:56:00Z	
4.0.21		2025-12-20T01:31:50Z	
4.0.22		2026-01-05T09:20:06Z	
4.0.23			
4.0.4		2023-11-09T08:27:59Z	
4.0.5		2023-11-11T08:29:04Z	
4.0.6		2023-12-01T05:35:35Z	
4.0.7		2024-01-11T09:17:47Z	
4.0.8		2024-03-07T03:29:34Z	
