2.5.2		2009-06-18T09:12:03Z	
