0.0.6		2012-11-10T18:03:48Z	
