1.0.0		2021-12-31T11:13:10Z	
1.0.1		2021-12-31T16:21:06Z	
1.0.10		2022-02-07T21:58:47Z	
1.0.11		2022-02-09T20:29:38Z	
1.0.12		2022-02-10T14:07:24Z	
1.0.13		2022-02-14T10:29:47Z	
1.0.14		2022-02-15T15:53:37Z	
1.0.15		2022-02-23T17:26:13Z	
1.0.16		2022-02-28T16:28:13Z	
1.0.17		2022-03-04T10:13:34Z	
1.0.18		2022-03-04T13:15:52Z	
1.0.19		2022-03-07T13:56:12Z	
1.0.2		2022-01-12T13:32:42Z	
1.0.20		2022-03-08T17:24:58Z	
1.0.21		2022-03-09T15:54:26Z	
1.0.22		2022-03-10T10:40:49Z	
1.0.23		2022-03-17T07:44:38Z	
1.0.24		2022-03-21T18:05:21Z	
1.0.25		2022-03-24T22:30:45Z	
1.0.26		2022-03-29T13:56:39Z	
1.0.27		2022-03-30T07:44:12Z	
1.0.28		2022-03-30T07:59:57Z	
1.0.29		2022-04-04T08:39:27Z	
1.0.3		2022-01-25T23:15:29Z	
1.0.30		2022-04-06T17:52:31Z	
1.0.32		2022-04-11T17:42:52Z	
1.0.33		2022-04-13T14:04:39Z	
1.0.34		2022-04-27T10:04:45Z	
1.0.35		2022-05-06T11:15:49Z	
1.0.36		2022-05-12T16:36:40Z	
1.0.37		2022-05-16T08:51:33Z	
1.0.38		2022-05-16T09:32:20Z	
1.0.4		2022-01-27T22:33:51Z	
1.0.41		2022-06-02T15:12:26Z	
1.0.42		2022-06-07T08:06:17Z	
1.0.43		2022-06-09T09:58:12Z	
1.0.44		2022-06-30T13:21:14Z	
1.0.45		2022-07-01T16:05:29Z	
1.0.46		2022-07-12T16:19:37Z	
1.0.47		2022-07-25T08:54:16Z	
1.0.48		2022-07-28T08:33:50Z	
1.0.49		2022-08-11T17:48:40Z	
1.0.5		2022-01-30T12:10:35Z	
1.0.50		2022-09-14T14:30:44Z	
1.0.6		2022-01-30T21:57:48Z	
1.0.7		2022-01-31T15:57:25Z	
1.0.8		2022-01-31T21:39:31Z	
1.0.9		2022-02-03T09:38:49Z	
1.1.0		2022-09-27T11:36:07Z	
1.1.1		2022-09-27T13:00:02Z	
1.1.2		2022-09-27T14:00:15Z	
1.1.3		2022-10-05T08:46:52Z	
1.2.0		2022-10-05T10:45:41Z	
1.2.1		2022-10-14T18:43:02Z	
1.2.10		2022-11-22T10:55:49Z	
1.2.11		2022-11-22T11:08:17Z	
1.2.12		2022-11-22T17:02:25Z	
1.2.13		2022-11-29T17:37:39Z	
1.2.14		2022-11-29T17:46:00Z	
1.2.15		2022-12-08T00:13:31Z	
1.2.16		2022-12-11T22:45:58Z	
1.2.17		2022-12-13T11:32:14Z	
1.2.18		2022-12-13T11:41:40Z	
1.2.19		2022-12-22T11:48:27Z	
1.2.2		2022-10-18T15:10:01Z	
1.2.20		2022-12-23T11:24:24Z	
1.2.21		2023-01-09T09:49:20Z	
1.2.22		2023-01-19T16:35:14Z	
1.2.23		2023-01-24T09:27:35Z	
1.2.25		2023-01-31T08:49:02Z	
1.2.26		2023-02-02T14:12:12Z	
1.2.3		2022-10-28T09:16:10Z	
1.2.5		2022-11-15T14:36:37Z	
1.2.6		2022-11-16T16:26:54Z	
1.2.7		2022-11-17T17:02:51Z	
1.2.8		2022-11-21T09:45:43Z	
1.2.9		2022-11-21T17:51:46Z	
1.3.0		2023-02-03T08:51:47Z	
1.3.1		2023-02-08T08:43:19Z	
1.3.10		2023-05-23T10:12:13Z	
1.3.11		2023-05-30T08:31:16Z	
1.3.12		2023-06-19T17:24:37Z	
1.3.13		2023-07-19T14:29:03Z	
1.3.14		2024-01-23T13:23:58Z	
1.3.15		2024-01-29T09:29:56Z	
1.3.16		2024-01-31T13:02:41Z	
1.3.2		2023-02-24T16:30:42Z	
1.3.3		2023-02-24T16:45:15Z	
1.3.4		2023-03-08T13:54:13Z	
1.3.5		2023-03-08T14:30:38Z	
1.3.6		2023-03-21T10:14:18Z	
1.3.7		2023-03-21T15:44:15Z	
1.3.8		2023-03-22T11:43:51Z	
1.3.9		2023-05-02T13:07:55Z	
1.4.0		2023-12-07T15:56:28Z	
1.5.0		2024-01-19T09:21:12Z	
1.5.1		2024-01-29T10:17:51Z	
1.5.2		2024-01-31T12:52:38Z	
1.5.3		2024-09-04T15:25:46Z	
1.6.0		2024-09-25T07:01:44Z	
1.6.1		2024-10-01T07:23:32Z	
1.6.2		2024-10-07T14:06:44Z	
1.7.0		2024-10-29T14:42:08Z	
1.8.0		2025-01-10T12:23:35Z	
1.8.1		2025-02-07T12:45:32Z	
1.8.2		2025-02-28T08:11:58Z	
1.8.3		2025-04-18T08:41:55Z	
1.8.4		2025-04-18T09:57:54Z	
1.8.5		2025-05-21T13:17:56Z	
1.9.0		2025-06-20T09:01:24Z	
1.9.1		2025-07-04T14:59:36Z	
2.0.0		2025-07-31T09:18:57Z	
2.1.0		2025-08-01T09:00:05Z	
2.1.1		2025-08-05T09:04:01Z	
2.1.2		2025-08-06T17:55:47Z	
2.2.0		2025-08-14T16:06:18Z	
2.2.1		2025-08-21T13:05:37Z	
2.3.0		2025-09-04T12:01:01Z	
2.3.1		2025-09-05T09:52:48Z	
2.3.10		2026-02-05T17:33:29Z	
2.3.2		2025-09-15T07:26:10Z	
2.3.3		2025-09-16T14:29:09Z	
2.3.4		2025-09-18T13:40:22Z	
2.3.5		2025-09-24T09:56:28Z	
2.3.6		2025-10-21T15:22:33Z	
2.3.7		2025-10-23T19:03:02Z	
2.3.8		2025-10-24T15:13:42Z	
2.3.9		2025-12-15T13:16:58Z	
2.4.0		2026-03-03T12:16:04Z	
2.4.1		2026-03-13T14:30:07Z	
2.4.2		2026-04-02T07:53:48Z	
2.4.3		2026-04-08T09:08:56Z	
3.0.0		2026-02-11T13:42:49Z	
3.1.0		2026-03-03T12:32:18Z	
3.1.1		2026-03-13T16:08:20Z	
3.1.2		2026-03-27T13:58:31Z	
3.1.3		2026-04-01T17:49:43Z	
3.2.0		2026-06-30T15:23:07Z	
4.0.0			
4.0.0-beta		2026-07-01T13:09:28Z	
4.0.0-beta-2		2026-08-11T15:12:08Z	
