2.3.8-125-0c2846b7		2021-04-19T18:08:09Z	
2.3.8-91-0bf267c2		2021-02-18T18:02:49Z	
2.3.8-93-f3ac22ce		2021-02-22T19:16:56Z	
