0.25.0-v2-518-0		2019-08-28T00:09:32Z	
0.26.0-v2.524.0		2019-09-08T10:56:23Z	
0.26.1-v2-524.0		2019-10-07T00:40:43Z	
0.26.1-v2.524.0		2019-10-07T01:48:04Z	
0.27.0-v2.571.0		2019-11-16T00:03:28Z	
0.28.0-v2.596.0		2020-01-02T06:26:09Z	
0.29.0-v2.624.0		2020-02-23T09:22:22Z	
0.30.0-v2.715.0		2020-07-18T13:52:47Z	
