11.0.0-M24	named	org.apache.tomcat	tomcat-coyote-ffm	2024-08-02T14:07:07Z	11.0.0.M24
10.1.28	named	org.apache.tomcat	tomcat-coyote-ffm	2024-08-02T15:31:44Z	10.1.28
9.0.93	named	org.apache.tomcat	tomcat-coyote-ffm	2024-08-02T22:08:57Z	9.0.93
11.0.0-M25	named	org.apache.tomcat	tomcat-coyote-ffm	2024-09-05T11:46:51Z	11.0.0.M25
9.0.94	named	org.apache.tomcat	tomcat-coyote-ffm	2024-09-05T13:44:50Z	9.0.94
10.1.29	named	org.apache.tomcat	tomcat-coyote-ffm	2024-09-05T16:43:46Z	10.1.29
11.0.0-M26	named	org.apache.tomcat	tomcat-coyote-ffm	2024-09-13T17:47:30Z	11.0.0.M26
9.0.95	named	org.apache.tomcat	tomcat-coyote-ffm	2024-09-13T18:21:32Z	9.0.95
10.1.30	named	org.apache.tomcat	tomcat-coyote-ffm	2024-09-14T11:05:48Z	10.1.30
11.0.0	named	org.apache.tomcat	tomcat-coyote-ffm	2024-10-03T17:44:10Z	11.0.0
10.1.31	named	org.apache.tomcat	tomcat-coyote-ffm	2024-10-03T19:16:29Z	10.1.31
9.0.96	named	org.apache.tomcat	tomcat-coyote-ffm	2024-10-03T19:54:58Z	9.0.96
11.0.1	named	org.apache.tomcat	tomcat-coyote-ffm	2024-11-06T20:00:01Z	11.0.1
9.0.97	named	org.apache.tomcat	tomcat-coyote-ffm	2024-11-06T20:04:19Z	9.0.97
10.1.33	named	org.apache.tomcat	tomcat-coyote-ffm	2024-11-07T22:41:21Z	10.1.33
11.0.2	named	org.apache.tomcat	tomcat-coyote-ffm	2024-12-05T16:42:25Z	11.0.2
10.1.34	named	org.apache.tomcat	tomcat-coyote-ffm	2024-12-05T17:05:02Z	10.1.34
9.0.98	named	org.apache.tomcat	tomcat-coyote-ffm	2024-12-05T19:58:38Z	9.0.98
11.0.3	named	org.apache.tomcat	tomcat-coyote-ffm	2025-02-04T18:12:15Z	11.0.3
9.0.99	named	org.apache.tomcat	tomcat-coyote-ffm	2025-02-04T20:16:27Z	9.0.99
10.1.35	named	org.apache.tomcat	tomcat-coyote-ffm	2025-02-04T21:28:34Z	10.1.35
11.0.4	named	org.apache.tomcat	tomcat-coyote-ffm	2025-02-13T11:05:09Z	11.0.4
9.0.100	named	org.apache.tomcat	tomcat-coyote-ffm	2025-02-13T12:12:20Z	9.0.100
10.1.36	named	org.apache.tomcat	tomcat-coyote-ffm	2025-02-13T13:20:37Z	10.1.36
11.0.5	named	org.apache.tomcat	tomcat-coyote-ffm	2025-02-28T16:50:48Z	11.0.5
9.0.102	named	org.apache.tomcat	tomcat-coyote-ffm	2025-03-03T19:45:30Z	9.0.102
10.1.39	named	org.apache.tomcat	tomcat-coyote-ffm	2025-03-04T19:10:03Z	10.1.39
11.0.6	named	org.apache.tomcat	tomcat-coyote-ffm	2025-04-01T15:42:10Z	11.0.6
10.1.40	named	org.apache.tomcat	tomcat-coyote-ffm	2025-04-01T18:18:05Z	10.1.40
9.0.104	named	org.apache.tomcat	tomcat-coyote-ffm	2025-04-04T12:55:04Z	9.0.104
11.0.7	named	org.apache.tomcat	tomcat-coyote-ffm	2025-05-07T18:06:38Z	11.0.7
9.0.105	named	org.apache.tomcat	tomcat-coyote-ffm	2025-05-07T18:50:33Z	9.0.105
10.1.41	named	org.apache.tomcat	tomcat-coyote-ffm	2025-05-08T12:51:00Z	10.1.41
11.0.8	named	org.apache.tomcat	tomcat-coyote-ffm	2025-06-05T18:41:52Z	11.0.8
9.0.106	named	org.apache.tomcat	tomcat-coyote-ffm	2025-06-05T20:50:38Z	9.0.106
10.1.42	named	org.apache.tomcat	tomcat-coyote-ffm	2025-06-05T22:44:56Z	10.1.42
11.0.9	named	org.apache.tomcat	tomcat-coyote-ffm	2025-07-01T21:27:39Z	11.0.9
10.1.43	named	org.apache.tomcat	tomcat-coyote-ffm	2025-07-01T21:37:39Z	10.1.43
9.0.107	named	org.apache.tomcat	tomcat-coyote-ffm	2025-07-02T07:14:22Z	9.0.107
11.0.10	named	org.apache.tomcat	tomcat-coyote-ffm	2025-07-31T17:02:47Z	11.0.10
9.0.108	named	org.apache.tomcat	tomcat-coyote-ffm	2025-07-31T18:28:18Z	9.0.108
10.1.44	named	org.apache.tomcat	tomcat-coyote-ffm	2025-08-04T13:23:00Z	10.1.44
11.0.11	named	org.apache.tomcat	tomcat-coyote-ffm	2025-09-01T11:04:42Z	11.0.11
9.0.109	named	org.apache.tomcat	tomcat-coyote-ffm	2025-09-01T12:38:33Z	9.0.109
10.1.45	named	org.apache.tomcat	tomcat-coyote-ffm	2025-09-02T12:51:38Z	10.1.45
10.1.46	named	org.apache.tomcat	tomcat-coyote-ffm	2025-09-08T14:34:36Z	10.1.46
11.0.12	named	org.apache.tomcat	tomcat-coyote-ffm	2025-10-01T07:25:33Z	11.0.12
9.0.110	named	org.apache.tomcat	tomcat-coyote-ffm	2025-10-01T09:33:26Z	9.0.110
10.1.47	named	org.apache.tomcat	tomcat-coyote-ffm	2025-10-02T12:16:04Z	10.1.47
9.0.111	named	org.apache.tomcat	tomcat-coyote-ffm	2025-10-10T14:20:13Z	9.0.111
11.0.13	named	org.apache.tomcat	tomcat-coyote-ffm	2025-10-10T14:23:02Z	11.0.13
10.1.48	named	org.apache.tomcat	tomcat-coyote-ffm	2025-10-11T14:30:04Z	10.1.48
11.0.14	named	org.apache.tomcat	tomcat-coyote-ffm	2025-11-05T19:30:48Z	11.0.14
10.1.49	named	org.apache.tomcat	tomcat-coyote-ffm	2025-11-06T01:38:05Z	10.1.49
9.0.112	named	org.apache.tomcat	tomcat-coyote-ffm	2025-11-06T07:51:38Z	9.0.112
11.0.15	named	org.apache.tomcat	tomcat-coyote-ffm	2025-12-02T18:04:58Z	11.0.15
9.0.113	named	org.apache.tomcat	tomcat-coyote-ffm	2025-12-02T19:57:34Z	9.0.113
10.1.50	named	org.apache.tomcat	tomcat-coyote-ffm	2025-12-02T23:03:56Z	10.1.50
9.0.115	named	org.apache.tomcat	tomcat-coyote-ffm	2026-01-21T08:54:21Z	9.0.115
11.0.18	named	org.apache.tomcat	tomcat-coyote-ffm	2026-01-23T11:05:02Z	11.0.18
10.1.52	named	org.apache.tomcat	tomcat-coyote-ffm	2026-01-23T19:37:06Z	10.1.52
9.0.116	named	org.apache.tomcat	tomcat-coyote-ffm	2026-03-16T15:14:21Z	9.0.116
11.0.20	named	org.apache.tomcat	tomcat-coyote-ffm	2026-03-16T17:37:14Z	11.0.20
10.1.53	named	org.apache.tomcat	tomcat-coyote-ffm	2026-03-18T14:02:15Z	10.1.53
11.0.21	named	org.apache.tomcat	tomcat-coyote-ffm	2026-03-30T15:30:27Z	11.0.21
9.0.117	named	org.apache.tomcat	tomcat-coyote-ffm	2026-03-30T18:27:41Z	9.0.117
10.1.54	named	org.apache.tomcat	tomcat-coyote-ffm	2026-03-30T22:39:25Z	10.1.54
9.0.118	named	org.apache.tomcat	tomcat-coyote-ffm	2026-05-01T19:45:14Z	9.0.118
11.0.22	named	org.apache.tomcat	tomcat-coyote-ffm	2026-05-01T20:39:40Z	11.0.22
10.1.55	named	org.apache.tomcat	tomcat-coyote-ffm	2026-05-05T13:40:17Z	10.1.55
11.0.23	named	org.apache.tomcat	tomcat-coyote-ffm	2026-06-17T22:05:43Z	11.0.23
10.1.56	named	org.apache.tomcat	tomcat-coyote-ffm	2026-06-17T23:41:20Z	10.1.56
9.0.119	named	org.apache.tomcat	tomcat-coyote-ffm	2026-06-18T07:13:18Z	9.0.119
10.1.57	named	org.apache.tomcat	tomcat-coyote-ffm	2026-07-08T02:21:33Z	10.1.57
9.0.120	named	org.apache.tomcat	tomcat-coyote-ffm	2026-07-08T02:21:44Z	9.0.120
11.0.24	named	org.apache.tomcat	tomcat-coyote-ffm	2026-07-09T02:36:52Z	11.0.24
11.0.25	named	org.apache.tomcat	tomcat-coyote-ffm	2026-08-12T13:25:07Z	11.0.25
9.0.121	named	org.apache.tomcat	tomcat-coyote-ffm	2026-08-12T19:47:26Z	9.0.121
10.1.59	named	org.apache.tomcat	tomcat-coyote-ffm	2026-08-13T17:08:03Z	10.1.59
11.0.26	named	org.apache.tomcat	tomcat-coyote-ffm	2026-09-09T22:03:12Z	11.0.26
10.1.60	named	org.apache.tomcat	tomcat-coyote-ffm	2026-09-09T22:42:53Z	10.1.60
9.0.122	named	org.apache.tomcat	tomcat-coyote-ffm	2026-09-10T07:02:41Z	9.0.122
