1.0		2025-07-25T10:00:38Z	
