1.10.0		2019-01-12T01:18:20Z	
1.10.1		2019-02-24T17:16:17Z	
1.10.2		2019-03-18T12:39:24Z	
1.10.3		2019-07-09T10:15:15Z	
1.10.4		2019-08-12T09:00:41Z	
1.10.5		2019-09-13T05:02:34Z	
1.10.6		2019-11-07T09:20:48Z	
1.10.7		2019-12-09T05:16:36Z	
1.10.8		2020-01-24T21:17:15Z	
1.12.0		2019-04-09T14:35:50Z	
1.14.0		2019-06-05T15:28:13Z	
1.16.0		2019-07-24T04:57:02Z	
1.18.0		2019-09-25T05:42:39Z	
1.20.0		2019-11-19T21:03:04Z	
1.22.0		2020-01-13T10:49:42Z	
1.22.1		2020-02-08T14:21:42Z	
1.22.10		2022-01-20T09:03:16Z	
1.22.11		2022-02-22T06:13:02Z	
1.22.12		2022-07-15T04:57:46Z	
1.22.13		2022-10-13T09:20:22Z	
1.22.14		2023-01-16T13:22:04Z	
1.22.15		2023-04-04T05:01:34Z	
1.22.16		2023-07-13T18:50:09Z	
1.22.17		2023-09-11T20:50:50Z	
1.22.18		2023-11-28T11:18:39Z	
1.22.19		2024-03-08T16:54:07Z	
1.22.2		2020-03-11T07:42:37Z	
1.22.20		2024-05-10T08:55:54Z	
1.22.21		2024-09-08T11:40:39Z	
1.22.22		2025-03-22T05:50:08Z	
1.22.23		2025-09-30T08:02:55Z	
1.22.24		2026-04-23T16:41:53Z	
1.22.3		2020-04-15T13:09:22Z	
1.22.4		2020-07-13T10:05:04Z	
1.22.5		2020-10-06T15:17:50Z	
1.22.6		2021-01-15T08:33:12Z	
1.22.7		2021-04-09T08:29:20Z	
1.22.8		2021-07-14T15:25:45Z	
1.22.9		2021-10-06T08:57:35Z	
1.24.0		2020-01-24T17:13:15Z	
1.26.0		2020-03-20T05:18:42Z	
1.30.0		2020-05-22T11:11:59Z	
1.32.0		2020-07-10T07:41:52Z	
1.34.0		2020-09-07T16:24:40Z	
1.36		2020-11-10T16:24:18Z	
1.38.0		2021-01-22T13:06:49Z	
1.40.0		2021-05-28T13:07:41Z	
1.42.0		2022-01-07T09:02:27Z	
1.44.0		2022-07-12T14:31:02Z	
1.46.0		2022-12-16T18:02:35Z	
1.48.0		2023-01-24T09:28:14Z	
1.50.0		2023-03-17T21:38:00Z	
1.52.0		2023-05-10T15:45:31Z	
1.54.0		2023-07-19T14:16:02Z	
1.56.0		2023-08-29T08:18:09Z	
1.58.0		2023-10-10T16:08:51Z	
1.60.0		2023-12-01T15:53:07Z	
1.62.0		2024-04-03T17:12:22Z	
1.64.0		2024-05-22T16:29:33Z	
1.66.0		2024-07-05T14:05:01Z	
1.68.0		2024-08-14T08:32:00Z	
1.70.0		2024-09-25T11:13:54Z	
1.72.0		2024-11-10T21:54:15Z	
1.74.0		2025-01-12T10:29:21Z	
1.76.0		2025-02-09T12:09:09Z	
1.78.0		2025-04-02T19:57:56Z	
1.80		2025-05-16T13:35:42Z	
1.82.0		2025-06-29T08:54:02Z	
1.84.0		2025-08-09T08:49:02Z	
1.86.0		2025-09-17T19:58:35Z	
1.88.0		2025-10-30T10:28:24Z	
1.9.0		2018-04-23T11:54:48Z	
1.9.1		2018-05-10T19:55:22Z	
1.9.10		2018-11-01T12:00:15Z	
1.9.11		2018-11-12T13:59:09Z	
1.9.12		2018-11-26T13:37:52Z	
1.9.13		2018-12-10T16:28:30Z	
1.9.2		2018-05-21T11:50:52Z	
1.9.3		2018-06-05T14:03:21Z	
1.9.4		2018-06-18T14:03:39Z	
1.9.5		2018-07-03T11:09:02Z	
1.9.6		2018-07-18T13:30:36Z	
1.9.7		2018-08-14T09:05:10Z	
1.9.8		2018-08-28T12:42:19Z	
1.9.9		2018-10-09T11:39:06Z	
1.90.0		2025-12-28T13:39:42Z	
1.92.0		2026-02-26T14:58:21Z	
2.0.0		2026-04-16T17:56:01Z	
2.2.0		2026-05-27T19:46:08Z	
2.4.0			
2.6.0		2026-08-19T17:02:00Z	
