v1-rev20150519-1.29.2	automatic	com.google.apis	google-api-services-urlshortener	2019-06-26T19:09:41Z	
v1-rev20150519-1.30.1	automatic	com.google.apis	google-api-services-urlshortener	2019-06-26T19:12:16Z	
