1.0.0		2023-04-11T17:45:16Z	
1.0.1		2023-04-11T17:17:22Z	
1.0.2		2023-04-16T03:32:25Z	
1.0.3		2023-04-23T02:43:26Z	
