5.9.0		2025-02-02T19:27:17Z	
5.9.0-preview-2		2024-09-09T20:35:51Z	
5.9.1		2026-04-06T23:53:26Z	
