1.0.0-RC4		2026-06-18T18:36:16Z	
1.0.0-RC5		2026-07-01T01:48:04Z	
1.0.0-RC6			
1.0.0-RC7			
