1.0.0		2020-08-06T13:51:36Z	
1.0.1		2020-08-13T14:02:17Z	
1.0.2		2020-08-31T16:21:23Z	
1.0.3		2020-09-03T16:22:15Z	
1.0.4		2020-09-22T13:48:04Z	
1.0.5		2020-09-23T08:54:10Z	
2.0.0		2020-10-16T14:05:26Z	
3.0.0		2020-11-02T10:47:03Z	
3.1.0		2020-11-17T15:29:15Z	
3.2.0		2020-12-08T11:52:57Z	
3.2.1		2021-01-04T14:11:48Z	
3.3.0		2021-01-28T08:32:57Z	
3.3.1		2021-02-04T12:41:06Z	
3.3.2		2021-07-08T11:33:21Z	
