0.0.1		2026-04-26T17:43:48Z	
