0.0.1		2019-02-16T17:52:01Z	
0.0.2		2019-02-17T03:21:57Z	
