3.0.0-incubating		2013-04-11T13:01:03Z	
3.0.1		2014-01-14T11:19:17Z	
3.1.0-incubating		2013-09-24T15:05:41Z	
3.2.0		2014-04-09T11:55:16Z	
3.2.1		2014-05-20T07:59:44Z	
3.3.0		2014-12-05T14:38:20Z	
3.4.0		2018-06-12T11:49:42Z	
