1.0.1		2013-10-14T20:45:53Z	
