1.0.0		2019-06-11T21:33:33Z	
1.1.0		2019-06-12T10:36:22Z	
1.2.0		2019-07-11T09:46:49Z	
1.3.0		2021-02-16T11:55:51Z	
