0.6.3		2024-04-15T02:47:40Z	
0.6.4		2024-04-17T00:25:13Z	
0.7.0		2024-05-10T17:28:44Z	
0.7.0-preview.2.0.0-RC2		2024-05-10T18:02:01Z	
0.7.0-preview.2.0.0-RC3		2024-05-13T10:26:30Z	
0.7.1		2024-05-15T09:07:01Z	
0.7.1-preview.2.0.0-RC3		2024-05-15T11:50:28Z	
0.7.2		2024-05-17T06:05:27Z	
0.7.2-preview.2.0.0-RC3		2024-05-17T06:44:20Z	
0.8.0		2024-05-22T05:26:55Z	
0.8.1		2024-05-30T18:45:23Z	
0.8.2		2024-06-06T08:44:44Z	
0.8.3		2024-07-18T14:14:43Z	
0.8.4		2024-08-06T20:13:21Z	
