2.2.0		2023-10-20T04:38:19Z	
2.5.0		2024-01-26T14:17:09Z	
2.5.1		2024-04-27T05:43:53Z	
2.6.1		2024-05-04T17:38:41Z	
2.6.2		2024-05-13T17:15:21Z	
2.7.3		2024-12-07T03:17:33Z	
2.9.0			
2.9.1			
2.9.1b			
2.9.1c			
