2.1.0-M1		2021-06-06T20:26:09Z	
2.1.0-M10		2021-11-26T16:14:56Z	
2.1.0-M11		2021-12-10T16:02:42Z	
2.1.0-M12		2021-12-13T16:48:24Z	
2.1.0-M13		2022-02-18T00:52:32Z	
2.1.0-M14		2022-06-20T16:53:35Z	
2.1.0-M15		2022-08-11T14:14:13Z	
2.1.0-M16		2022-09-08T11:17:27Z	
2.1.0-M17		2022-09-13T10:29:59Z	
2.1.0-M18		2022-09-28T16:35:50Z	
2.1.0-M19		2022-10-28T14:39:26Z	
2.1.0-M2		2021-06-07T18:35:09Z	
2.1.0-M20		2022-11-08T15:43:14Z	
2.1.0-M21		2022-11-10T16:33:35Z	
2.1.0-M22		2023-01-26T09:54:56Z	
2.1.0-M23		2023-02-09T15:15:35Z	
2.1.0-M24		2023-02-17T11:09:58Z	
2.1.0-M25		2023-07-11T07:51:18Z	
2.1.0-M26		2023-10-31T11:24:32Z	
2.1.0-M3		2021-06-17T17:56:45Z	
2.1.0-M4		2021-07-12T11:02:43Z	
2.1.0-M5		2021-07-23T11:45:53Z	
2.1.0-M6		2021-08-12T21:20:18Z	
2.1.0-M7		2021-09-10T09:29:00Z	
2.1.0-M8		2021-10-15T13:26:52Z	
2.1.0-M9		2021-11-14T15:22:24Z	
