1.0.0		2023-01-14T09:24:47Z	
1.0.0-RELEASE		2023-01-14T09:35:10Z	
1.0.1		2023-01-16T07:06:15Z	
2.0.0-RELEASE		2023-01-16T07:10:23Z	
