0.1.0		2021-08-02T15:27:02Z	
1.1.0		2021-08-09T10:42:45Z	
1.1.1		2021-08-11T15:41:36Z	
1.1.2		2021-08-18T08:59:33Z	
1.1.3		2021-08-23T09:05:07Z	
1.1.4		2021-09-01T22:04:34Z	
1.1.5		2021-10-06T15:16:23Z	
1.1.6		2021-10-06T17:19:20Z	
1.1.7		2022-01-28T20:41:57Z	
