1.13.0		2021-11-27T13:09:06Z	
1.13.3		2021-11-29T11:16:48Z	
2.0.0		2024-01-01T17:27:05Z	
