0.1		2016-10-03T18:04:41Z	
