1.0.0		2023-11-28T07:08:43Z	
1.1.4		2023-11-30T12:18:20Z	
1.1.6		2025-12-15T08:38:58Z	
