1.10.0		2020-02-07T21:15:17Z	
1.10.1		2020-05-07T09:14:21Z	
1.10.2		2020-08-17T08:53:08Z	
1.10.3		2021-01-20T18:33:40Z	
1.11.0		2020-06-30T04:59:55Z	
1.11.1		2020-07-15T07:16:06Z	
1.11.2		2020-09-09T18:23:53Z	
1.11.3		2020-12-12T19:55:23Z	
1.11.4		2021-07-22T03:54:50Z	
1.11.5		2021-12-13T18:17:13Z	
1.11.6		2021-12-15T01:34:26Z	
1.12.0		2020-12-02T09:10:10Z	
1.12.1		2021-01-09T15:43:04Z	
1.12.2		2021-02-26T17:46:03Z	
1.12.3		2021-04-23T19:34:36Z	
1.12.4		2021-05-10T16:42:40Z	
1.12.5		2021-07-30T04:26:36Z	
1.12.6		2021-12-13T18:29:22Z	
1.12.7		2021-12-15T01:36:18Z	
1.13.0		2021-04-23T15:50:34Z	
1.13.1		2021-05-25T11:36:44Z	
1.13.2		2021-07-23T09:02:31Z	
1.13.3		2021-10-12T11:12:34Z	
1.13.4		2021-12-13T21:14:24Z	
1.13.5		2021-12-15T01:38:05Z	
1.13.6		2022-02-04T11:23:32Z	
1.14.0		2021-09-22T07:53:27Z	
1.14.1		2021-12-13T22:28:50Z	
1.14.2		2021-12-15T01:37:40Z	
1.14.3		2022-01-09T18:28:40Z	
1.14.4		2022-02-25T12:27:03Z	
1.14.5		2022-06-10T05:12:50Z	
1.14.6		2022-09-10T09:31:11Z	
1.9.0		2019-08-19T22:50:56Z	
1.9.1		2019-09-30T04:41:41Z	
1.9.2		2020-01-24T03:28:21Z	
1.9.3		2020-04-17T13:51:01Z	
