1.5.13			IOException: Tail request on https://maven-central.storage-download.googleapis.com/maven2/aws/smithy/kotlin/smithy-client-mingwx64/1.5.13/smithy-client-mingwx64-1.5.13.jar returned status 404
1.5.14			IOException: Tail request on https://maven-central.storage-download.googleapis.com/maven2/aws/smithy/kotlin/smithy-client-mingwx64/1.5.14/smithy-client-mingwx64-1.5.14.jar returned status 404
1.5.15			IOException: Tail request on https://maven-central.storage-download.googleapis.com/maven2/aws/smithy/kotlin/smithy-client-mingwx64/1.5.15/smithy-client-mingwx64-1.5.15.jar returned status 404
1.5.16			IOException: Tail request on https://maven-central.storage-download.googleapis.com/maven2/aws/smithy/kotlin/smithy-client-mingwx64/1.5.16/smithy-client-mingwx64-1.5.16.jar returned status 404
1.5.17			IOException: Tail request on https://maven-central.storage-download.googleapis.com/maven2/aws/smithy/kotlin/smithy-client-mingwx64/1.5.17/smithy-client-mingwx64-1.5.17.jar returned status 404
1.5.18			IOException: Tail request on https://maven-central.storage-download.googleapis.com/maven2/aws/smithy/kotlin/smithy-client-mingwx64/1.5.18/smithy-client-mingwx64-1.5.18.jar returned status 404
1.5.19			IOException: Tail request on https://maven-central.storage-download.googleapis.com/maven2/aws/smithy/kotlin/smithy-client-mingwx64/1.5.19/smithy-client-mingwx64-1.5.19.jar returned status 404
1.5.20			IOException: Tail request on https://maven-central.storage-download.googleapis.com/maven2/aws/smithy/kotlin/smithy-client-mingwx64/1.5.20/smithy-client-mingwx64-1.5.20.jar returned status 404
1.5.21			IOException: Tail request on https://maven-central.storage-download.googleapis.com/maven2/aws/smithy/kotlin/smithy-client-mingwx64/1.5.21/smithy-client-mingwx64-1.5.21.jar returned status 404
1.5.22			IOException: Tail request on https://maven-central.storage-download.googleapis.com/maven2/aws/smithy/kotlin/smithy-client-mingwx64/1.5.22/smithy-client-mingwx64-1.5.22.jar returned status 404
1.5.23			IOException: Tail request on https://maven-central.storage-download.googleapis.com/maven2/aws/smithy/kotlin/smithy-client-mingwx64/1.5.23/smithy-client-mingwx64-1.5.23.jar returned status 404
1.5.24			IOException: Tail request on https://maven-central.storage-download.googleapis.com/maven2/aws/smithy/kotlin/smithy-client-mingwx64/1.5.24/smithy-client-mingwx64-1.5.24.jar returned status 404
1.5.25			IOException: Tail request on https://maven-central.storage-download.googleapis.com/maven2/aws/smithy/kotlin/smithy-client-mingwx64/1.5.25/smithy-client-mingwx64-1.5.25.jar returned status 404
1.5.26			IOException: Tail request on https://maven-central.storage-download.googleapis.com/maven2/aws/smithy/kotlin/smithy-client-mingwx64/1.5.26/smithy-client-mingwx64-1.5.26.jar returned status 404
1.5.27			IOException: Tail request on https://maven-central.storage-download.googleapis.com/maven2/aws/smithy/kotlin/smithy-client-mingwx64/1.5.27/smithy-client-mingwx64-1.5.27.jar returned status 404
1.5.28			IOException: Tail request on https://maven-central.storage-download.googleapis.com/maven2/aws/smithy/kotlin/smithy-client-mingwx64/1.5.28/smithy-client-mingwx64-1.5.28.jar returned status 404
1.6.0			IOException: Tail request on https://maven-central.storage-download.googleapis.com/maven2/aws/smithy/kotlin/smithy-client-mingwx64/1.6.0/smithy-client-mingwx64-1.6.0.jar returned status 404
1.6.1			IOException: Tail request on https://maven-central.storage-download.googleapis.com/maven2/aws/smithy/kotlin/smithy-client-mingwx64/1.6.1/smithy-client-mingwx64-1.6.1.jar returned status 404
1.6.10			IOException: Tail request on https://maven-central.storage-download.googleapis.com/maven2/aws/smithy/kotlin/smithy-client-mingwx64/1.6.10/smithy-client-mingwx64-1.6.10.jar returned status 404
1.6.11			IOException: Tail request on https://maven-central.storage-download.googleapis.com/maven2/aws/smithy/kotlin/smithy-client-mingwx64/1.6.11/smithy-client-mingwx64-1.6.11.jar returned status 404
1.6.12			IOException: Tail request on https://maven-central.storage-download.googleapis.com/maven2/aws/smithy/kotlin/smithy-client-mingwx64/1.6.12/smithy-client-mingwx64-1.6.12.jar returned status 404
1.6.13			IOException: Tail request on https://maven-central.storage-download.googleapis.com/maven2/aws/smithy/kotlin/smithy-client-mingwx64/1.6.13/smithy-client-mingwx64-1.6.13.jar returned status 404
1.6.14			IOException: Tail request on https://maven-central.storage-download.googleapis.com/maven2/aws/smithy/kotlin/smithy-client-mingwx64/1.6.14/smithy-client-mingwx64-1.6.14.jar returned status 404
1.6.15		2026-06-10T17:51:19Z	IOException: Tail request on https://maven-central.storage-download.googleapis.com/maven2/aws/smithy/kotlin/smithy-client-mingwx64/1.6.15/smithy-client-mingwx64-1.6.15.jar returned status 404
1.6.2			IOException: Tail request on https://maven-central.storage-download.googleapis.com/maven2/aws/smithy/kotlin/smithy-client-mingwx64/1.6.2/smithy-client-mingwx64-1.6.2.jar returned status 404
1.6.3			IOException: Tail request on https://maven-central.storage-download.googleapis.com/maven2/aws/smithy/kotlin/smithy-client-mingwx64/1.6.3/smithy-client-mingwx64-1.6.3.jar returned status 404
1.6.4			IOException: Tail request on https://maven-central.storage-download.googleapis.com/maven2/aws/smithy/kotlin/smithy-client-mingwx64/1.6.4/smithy-client-mingwx64-1.6.4.jar returned status 404
1.6.5			IOException: Tail request on https://maven-central.storage-download.googleapis.com/maven2/aws/smithy/kotlin/smithy-client-mingwx64/1.6.5/smithy-client-mingwx64-1.6.5.jar returned status 404
1.6.6			IOException: Tail request on https://maven-central.storage-download.googleapis.com/maven2/aws/smithy/kotlin/smithy-client-mingwx64/1.6.6/smithy-client-mingwx64-1.6.6.jar returned status 404
1.6.7			IOException: Tail request on https://maven-central.storage-download.googleapis.com/maven2/aws/smithy/kotlin/smithy-client-mingwx64/1.6.7/smithy-client-mingwx64-1.6.7.jar returned status 404
1.6.8			IOException: Tail request on https://maven-central.storage-download.googleapis.com/maven2/aws/smithy/kotlin/smithy-client-mingwx64/1.6.8/smithy-client-mingwx64-1.6.8.jar returned status 404
1.6.9			IOException: Tail request on https://maven-central.storage-download.googleapis.com/maven2/aws/smithy/kotlin/smithy-client-mingwx64/1.6.9/smithy-client-mingwx64-1.6.9.jar returned status 404
1.7.0		2026-07-06T17:53:23Z	IOException: Tail request on https://maven-central.storage-download.googleapis.com/maven2/aws/smithy/kotlin/smithy-client-mingwx64/1.7.0/smithy-client-mingwx64-1.7.0.jar returned status 404
1.7.1		2026-07-07T18:58:26Z	IOException: Tail request on https://maven-central.storage-download.googleapis.com/maven2/aws/smithy/kotlin/smithy-client-mingwx64/1.7.1/smithy-client-mingwx64-1.7.1.jar returned status 404
1.7.10			IOException: Tail request on https://maven-central.storage-download.googleapis.com/maven2/aws/smithy/kotlin/smithy-client-mingwx64/1.7.10/smithy-client-mingwx64-1.7.10.jar returned status 404
1.7.11			IOException: Tail request on https://maven-central.storage-download.googleapis.com/maven2/aws/smithy/kotlin/smithy-client-mingwx64/1.7.11/smithy-client-mingwx64-1.7.11.jar returned status 404
1.7.2		2026-07-08T19:14:42Z	IOException: Tail request on https://maven-central.storage-download.googleapis.com/maven2/aws/smithy/kotlin/smithy-client-mingwx64/1.7.2/smithy-client-mingwx64-1.7.2.jar returned status 404
1.7.3			IOException: Tail request on https://maven-central.storage-download.googleapis.com/maven2/aws/smithy/kotlin/smithy-client-mingwx64/1.7.3/smithy-client-mingwx64-1.7.3.jar returned status 404
1.7.4			IOException: Tail request on https://maven-central.storage-download.googleapis.com/maven2/aws/smithy/kotlin/smithy-client-mingwx64/1.7.4/smithy-client-mingwx64-1.7.4.jar returned status 404
1.7.5			IOException: Tail request on https://maven-central.storage-download.googleapis.com/maven2/aws/smithy/kotlin/smithy-client-mingwx64/1.7.5/smithy-client-mingwx64-1.7.5.jar returned status 404
1.7.6			IOException: Tail request on https://maven-central.storage-download.googleapis.com/maven2/aws/smithy/kotlin/smithy-client-mingwx64/1.7.6/smithy-client-mingwx64-1.7.6.jar returned status 404
1.7.7			IOException: Tail request on https://maven-central.storage-download.googleapis.com/maven2/aws/smithy/kotlin/smithy-client-mingwx64/1.7.7/smithy-client-mingwx64-1.7.7.jar returned status 404
1.7.8		2026-08-18T16:43:34Z	IOException: Tail request on https://maven-central.storage-download.googleapis.com/maven2/aws/smithy/kotlin/smithy-client-mingwx64/1.7.8/smithy-client-mingwx64-1.7.8.jar returned status 404
1.7.9			IOException: Tail request on https://maven-central.storage-download.googleapis.com/maven2/aws/smithy/kotlin/smithy-client-mingwx64/1.7.9/smithy-client-mingwx64-1.7.9.jar returned status 404
