2021.0.0		2021-05-15T15:20:07Z	
2021.0.1		2021-05-15T15:31:50Z	
2021.0.2		2021-05-16T15:59:24Z	
2022.0.0		2021-12-12T20:46:43Z	
2022.1.0		2022-06-04T03:35:48Z	
2023.0.0		2022-12-22T01:13:35Z	
2023.1.0		2023-06-10T16:06:06Z	
2024.0.0		2023-12-25T00:04:52Z	
2024.0.1		2024-04-06T18:27:19Z	
