2.7.3		2024-10-19T18:43:23Z	
2.7.4		2024-10-28T02:27:05Z	
2.7.5		2024-11-09T08:55:15Z	
