0.0.607		2025-08-14T04:10:20Z	
0.0.609		2025-08-17T11:47:30Z	
0.0.610		2025-08-17T15:53:39Z	
0.0.611		2025-08-18T05:19:56Z	
