3.0		2022-02-11T16:10:21Z	
3.1		2022-02-15T14:44:16Z	
4.0		2022-06-20T09:40:54Z	
4.1		2022-09-13T07:07:52Z	
4.2		2022-11-08T05:36:28Z	
4.3		2023-02-04T13:00:28Z	
4.4		2023-02-20T08:36:38Z	
4.5		2023-05-03T13:59:07Z	
4.6		2024-10-09T19:41:58Z	
5.1		2025-02-20T08:07:34Z	
5.2		2025-10-14T15:58:02Z	
5.3		2025-12-08T13:20:39Z	
5.4		2026-02-23T08:14:40Z	
5.5		2026-03-15T17:15:11Z	
5.6		2026-03-15T18:51:41Z	
5.7		2026-04-20T17:45:14Z	
