0.0.0	automatic	net.auoeke	rumeral	2022-11-21T18:23:39Z	
