0.6.2		2021-07-27T19:46:31Z	
