3.1.2		2020-07-07T10:02:01Z	
3.2.0		2021-05-10T17:59:13Z	
3.2.1		2022-02-03T10:13:04Z	
3.2.2		2022-03-16T09:13:06Z	
4.0.0		2024-02-02T14:15:33Z	
4.0.1		2024-09-19T11:25:23Z	
4.1.0		2025-03-24T11:47:23Z	
4.1.1		2025-05-15T14:13:39Z	
