32.42.1		2024-09-13T07:56:39Z	
32.42.1	tests-javadoc	2024-09-13T07:56:40Z	
32.42.1	tests-sources	2024-09-13T07:56:38Z	
32.43.1		2024-10-04T09:34:42Z	
32.43.1	tests-javadoc	2024-10-04T09:34:42Z	
32.43.1	tests-sources	2024-10-04T09:34:42Z	
32.43.2		2024-10-07T10:37:58Z	
32.43.2	tests-javadoc	2024-10-07T10:37:58Z	
32.43.2	tests-sources	2024-10-07T10:37:58Z	
32.43.4		2025-01-07T11:29:20Z	
32.43.4	tests-javadoc	2025-01-07T11:29:20Z	
32.43.4	tests-sources	2025-01-07T11:29:20Z	
32.43.5		2025-01-08T13:40:51Z	
32.43.5	tests-javadoc	2025-01-08T13:40:51Z	
32.43.5	tests-sources	2025-01-08T13:40:51Z	
32.44.0			
