1.0.0		2026-07-26T20:49:31Z	
2.0.0		2026-07-30T09:12:02Z	
2.1.0		2026-08-02T20:09:38Z	
