3.0.0	named	com.github.rvesse	airline-help-markdown	2023-11-27T15:51:34Z	3.0.0
3.1.0	named	com.github.rvesse	airline-help-markdown	2025-06-19T12:45:48Z	3.1.0
3.2.0	named	com.github.rvesse	airline-help-markdown	2025-10-16T14:08:11Z	3.2.0
3.3.0	named	com.github.rvesse	airline-help-markdown	2026-07-17T02:32:43Z	3.3.0
