0.8.0		2025-01-08T01:14:07Z	
0.8.1		2025-01-19T22:39:22Z	
0.8.2		2025-02-16T17:23:11Z	
1.0.0		2025-03-16T16:06:47Z	
1.0.1		2026-05-17T23:33:17Z	
1.0.2		2026-05-24T21:00:34Z	
1.0.3		2026-06-14T17:08:34Z	
