6.0.4		2012-11-23T13:43:48Z	
7.0.0-M5		2012-11-23T13:14:06Z	
