7.0.0		2025-10-15T21:58:21Z	
7.0.0-M4		2025-06-04T07:56:39Z	
7.0.0-M5		2025-07-09T15:11:52Z	
7.0.0-RC1		2025-08-04T15:49:45Z	
7.0.0-RC2		2025-09-03T14:24:58Z	
7.0.1		2025-10-29T23:23:19Z	
7.0.10		2026-03-31T21:36:23Z	
7.0.11		2026-04-30T18:12:47Z	
7.0.12		2026-06-17T23:13:54Z	
7.0.13		2026-06-29T14:31:59Z	
7.0.14			
7.0.15		2026-08-02T22:56:29Z	
7.0.16		2026-08-23T13:44:19Z	
7.0.17			
7.0.2		2025-11-06T22:43:04Z	
7.0.3		2025-11-20T02:15:41Z	
7.0.4		2025-11-27T02:53:15Z	
7.0.5		2026-01-08T21:22:53Z	
7.0.6		2026-01-22T14:57:54Z	
7.0.7		2026-01-29T00:40:42Z	
7.0.8		2026-03-04T23:52:24Z	
7.0.9		2026-03-13T17:36:05Z	
7.1.0		2026-04-12T16:58:59Z	
7.1.0-RC1		2026-03-31T21:35:35Z	
7.1.1		2026-04-30T20:09:34Z	
7.1.2		2026-06-18T01:52:47Z	
7.1.3		2026-06-29T14:51:18Z	
7.1.4			
7.1.5		2026-08-02T22:52:53Z	
7.1.6		2026-08-23T14:50:45Z	
7.1.7			
7.2.0		2026-06-29T14:40:34Z	
7.2.1			
7.2.2		2026-08-02T23:06:44Z	
7.2.3		2026-08-23T15:53:28Z	
7.2.4			
8.0.0-M1		2026-05-03T22:49:30Z	
8.0.0-M2		2026-07-01T18:51:52Z	
8.0.0-M3			
8.0.0-M4			
8.0.0-M5		2026-08-02T23:12:59Z	
8.0.0-M6			
8.0.0-RC1			
8.0.0-RC2			
