0.4.2		2022-08-11T13:23:23Z	
0.5		2022-08-15T13:16:22Z	
0.6		2022-09-08T12:55:59Z	
0.6.1		2022-10-02T15:18:47Z	
0.6.2		2022-10-10T13:14:33Z	
0.6.3		2022-10-11T10:19:36Z	
0.6.4		2022-10-14T09:34:27Z	
0.6.5		2022-10-15T07:03:36Z	
0.6.6		2022-11-10T14:03:50Z	
0.7		2022-11-10T18:40:58Z	
0.7.1		2022-12-15T15:25:00Z	
0.8		2023-01-18T21:51:27Z	
0.8.1		2023-01-19T22:31:17Z	
