1.0.0		2022-01-10T03:13:46Z	
