1.0.0-alpha-1		2023-02-13T09:29:50Z	
1.0.0-alpha-1	kdoc	2023-02-13T09:29:56Z	
