1.0.0		2018-11-03T22:11:00Z	
2.0.0		2019-07-17T20:25:46Z	
