2.1.0.0		2025-10-27T07:42:40Z	
2.1.0.0-RC2		2025-09-19T09:01:59Z	
2.1.0.1		2025-11-12T06:50:05Z	
2.1.0.2		2025-11-21T11:14:14Z	
2.1.0.3		2025-12-22T11:42:03Z	
2.1.1.0		2026-02-10T09:30:32Z	
2.1.2.0			
2.1.2.0-RC1		2026-05-12T09:37:46Z	
