0.2		2008-06-03T14:27:32Z	
