1.0.0		2021-09-26T01:24:51Z	
