1.11.0		2016-11-22T17:06:43Z	
1.11.0-M1		2016-11-11T11:20:08Z	
1.11.0-M2		2016-11-13T11:11:30Z	
1.11.0-M3		2016-11-21T08:29:53Z	
1.11.0-M4		2016-11-21T17:36:59Z	
1.12.0		2017-02-06T09:27:02Z	
1.13.0		2017-03-09T17:07:57Z	
1.14.0		2017-03-20T08:38:01Z	
1.15.0		2017-04-10T16:17:56Z	
1.16.0		2017-05-12T10:23:39Z	
1.16.1		2017-05-17T18:52:25Z	
1.17.0		2017-06-21T15:07:04Z	
1.18.0		2017-08-24T10:14:24Z	
1.18.1		2017-10-20T07:14:32Z	
1.19.0		2018-01-06T09:46:04Z	
1.19.0-M1		2017-08-24T10:11:12Z	
1.19.0-M2		2017-09-06T17:16:34Z	
1.19.0-M3		2017-11-04T09:16:57Z	
1.20.0		2018-03-09T07:08:30Z	
1.20.0-RC1		2018-01-08T22:26:21Z	
1.20.0-RC2		2018-02-13T16:59:12Z	
1.20.1		2018-04-03T19:26:30Z	
1.21.0		2018-05-28T08:52:17Z	
1.21.1		2018-09-24T07:17:56Z	
1.22.0		2018-09-25T08:30:29Z	
1.23.0		2018-12-22T20:22:23Z	
1.24.3		2019-01-18T15:26:10Z	
1.25.2		2019-02-01T10:32:10Z	
1.26.0		2019-06-06T09:52:55Z	
1.27.0		2019-06-21T16:33:11Z	
1.28.0		2019-09-16T12:55:26Z	
1.29.1		2019-09-21T16:32:37Z	
1.30.0		2019-12-16T18:42:00Z	
1.31.0		2020-02-08T16:43:14Z	
1.32.0		2020-04-14T09:34:52Z	
1.33.0		2020-06-14T20:45:16Z	
1.34.0		2020-08-08T16:47:05Z	
1.35.0		2020-09-28T17:00:16Z	
1.35.2		2020-10-24T09:21:00Z	
1.35.3		2021-01-05T07:05:51Z	
1.36.0		2021-03-26T15:47:25Z	
1.37.0		2021-07-08T07:03:20Z	
1.38.1		2021-09-18T10:23:38Z	
1.38.2		2021-09-18T10:44:26Z	
1.39.2		2021-12-23T10:37:38Z	
1.40.0-RC1		2022-01-30T12:50:13Z	
1.40.0-RC2		2022-04-07T15:02:02Z	
1.40.0-RC3		2022-07-01T09:22:18Z	
