jcef-08efede+cef-100.0.14+g4e5ba66+chromium-100.0.4896.75		2022-06-21T23:19:04Z	
jcef-0aee584+cef-100.0.14+g4e5ba66+chromium-100.0.4896.75		2022-04-23T08:29:52Z	
jcef-0b8e42e+cef-122.1.10+gc902316+chromium-122.0.6261.112		2024-03-08T09:02:19Z	
jcef-0cdd84c+cef-105.3.36+g88e0038+chromium-105.0.5195.102		2022-09-10T14:02:57Z	
jcef-108adb8+cef-109.1.11+g6d4fdb2+chromium-109.0.5414.87		2023-01-21T02:18:24Z	
jcef-1770317+cef-132.3.1+g144febe+chromium-132.0.6834.83		2025-02-21T10:07:03Z	
jcef-2a50b09+cef-107.1.9+g1f0a21a+chromium-107.0.5304.110		2022-11-28T17:59:38Z	
jcef-2caef5a+cef-141.0.10+g1d65b0d+chromium-141.0.7390.123		2025-11-24T22:10:32Z	
jcef-37f25dc+cef-116.0.19+gc6a20bc+chromium-116.0.5845.141		2023-10-06T12:56:27Z	
jcef-544024e+cef-95.7.14+g9f72f35+chromium-95.0.4638.69		2021-12-18T15:39:05Z	
jcef-56fb723+cef-95.7.14+g9f72f35+chromium-95.0.4638.69		2022-02-24T22:12:50Z	
jcef-6a2f6c0+cef-105.3.36+g88e0038+chromium-105.0.5195.102		2022-10-29T03:12:03Z	
jcef-7a13412+cef-126.2.0+g5c56e98+chromium-126.0.6478.62		2024-07-24T13:53:49Z	
jcef-7f53d6d+cef-100.0.14+g4e5ba66+chromium-100.0.4896.75		2022-04-07T19:46:43Z	
jcef-84f7798+cef-95.7.14+g9f72f35+chromium-95.0.4638.69		2021-12-21T22:13:56Z	
jcef-854af1f+cef-109.1.11+g6d4fdb2+chromium-109.0.5414.87		2023-01-30T08:11:51Z	
jcef-87476e9+cef-110.0.25+g75b1c96+chromium-110.0.5481.78		2023-02-12T23:52:37Z	
jcef-92abfbd+cef-105.3.36+g88e0038+chromium-105.0.5195.102		2022-11-02T18:46:34Z	
jcef-99c2f7a+cef-127.3.1+g6cbb30e+chromium-127.0.6533.100		2024-10-07T08:29:14Z	
jcef-a51ff7f+cef-95.7.14+g9f72f35+chromium-95.0.4638.69		2021-12-21T22:52:40Z	
jcef-ae6912a+cef-95.7.14+g9f72f35+chromium-95.0.4638.69		2021-12-17T19:38:43Z	
jcef-af53d63+cef-104.4.23+g46ae630+chromium-104.0.5112.102		2022-08-26T21:04:12Z	
jcef-c1f0745+cef-108.4.13+ga98cd4c+chromium-108.0.5359.125		2022-12-18T16:12:27Z	
jcef-ca49ada+cef-135.0.20+ge7de5c3+chromium-135.0.7049.85		2025-05-14T10:41:54Z	
jcef-cffac27+cef-143.0.14+gdd46a37+chromium-143.0.7499.193		2026-02-16T11:41:28Z	
jcef-d3de827+cef-146.0.10+g8219561+chromium-146.0.7680.179		2026-05-05T06:58:48Z	
jcef-e7256b9+cef-107.1.9+g1f0a21a+chromium-107.0.5304.110		2022-11-17T12:36:51Z	
jcef-f9b884e+cef-100.0.14+g4e5ba66+chromium-100.0.4896.75		2022-04-23T08:09:00Z	
