0.2.0		2017-08-18T14:33:36Z	
0.3.0		2017-10-11T18:53:40Z	
0.4.0		2017-10-28T10:23:04Z	
0.5.0		2017-12-05T11:26:12Z	
