0.5.0		2024-11-27T15:11:29Z	
0.6.0		2025-03-10T06:57:00Z	
0.6.1		2025-06-15T16:02:41Z	
0.7.0		2025-06-16T14:44:23Z	
