0.0.3		2015-05-28T10:10:57Z	
